2 0.013281 0.083333 0.026562 0.050000
2 0.007031 0.190625 0.014063 0.077083
2 0.109375 0.057292 0.050000 0.064583
2 0.126562 0.085417 0.053125 0.066667
2 0.114062 0.144792 0.046875 0.060417
2 0.155469 0.116667 0.048438 0.062500
2 0.227344 0.341667 0.035937 0.054167
2 0.303906 0.320833 0.057813 0.054167
2 0.367188 0.238542 0.053125 0.081250
2 0.445312 0.185417 0.062500 0.075000
2 0.510156 0.297917 0.060937 0.083333
2 0.529687 0.378125 0.059375 0.064583
2 0.666406 0.058333 0.057813 0.079167
2 0.797656 0.090625 0.054688 0.081250
2 0.750781 0.279167 0.045312 0.070833
2 0.885938 0.457292 0.053125 0.039583
2 0.839063 0.568750 0.053125 0.050000
2 0.775781 0.801042 0.060937 0.060417
2 0.639844 0.705208 0.039062 0.039583
2 0.983594 0.709375 0.032813 0.072917
2 0.586719 0.587500 0.060937 0.083333
2 0.467969 0.718750 0.042188 0.083333
2 0.557813 0.793750 0.062500 0.083333
2 0.524219 0.902083 0.045312 0.083333
2 0.342969 0.958333 0.048438 0.083333
2 0.218750 0.881250 0.062500 0.054167
2 0.068750 0.912500 0.062500 0.041667
2 0.015625 0.802083 0.031250 0.070833
2 0.121875 0.725000 0.043750 0.058333
2 0.074219 0.609375 0.045312 0.060417
2 0.030469 0.514583 0.060937 0.070833
2 0.232031 0.496875 0.060937 0.056250
2 0.262500 0.548958 0.053125 0.072917
2 0.296875 0.519792 0.062500 0.039583
2 0.379688 0.544792 0.059375 0.064583