2 0.071094 0.217708 0.057813 0.056250
2 0.171094 0.160417 0.054688 0.066667
2 0.303125 0.171875 0.062500 0.064583
2 0.595313 0.094792 0.043750 0.072917
2 0.609375 0.148958 0.056250 0.056250
2 0.554688 0.371875 0.062500 0.056250
2 0.753125 0.394792 0.046875 0.068750
2 0.971094 0.389583 0.057813 0.083333
2 0.729688 0.450000 0.037500 0.079167
2 0.489844 0.509375 0.060937 0.072917
2 0.570312 0.531250 0.043750 0.083333
2 0.639844 0.492708 0.057813 0.043750
2 0.657813 0.534375 0.037500 0.052083
2 0.821094 0.682292 0.039062 0.064583
2 0.672656 0.884375 0.045312 0.072917
2 0.767188 0.820833 0.056250 0.079167
2 0.779687 0.979167 0.040625 0.041667
2 0.608594 0.908333 0.048438 0.075000
2 0.708594 0.944792 0.057813 0.056250
2 0.492188 0.732292 0.050000 0.060417
2 0.569531 0.718750 0.073438 0.079167
2 0.392188 0.957292 0.046875 0.077083
2 0.414062 0.666667 0.062500 0.075000
2 0.300000 0.714583 0.053125 0.070833
2 0.217188 0.732292 0.043750 0.077083
2 0.310156 0.746875 0.051562 0.056250
2 0.237500 0.655208 0.053125 0.064583
2 0.160938 0.832292 0.059375 0.060417
2 0.190625 0.870833 0.053125 0.066667
2 0.090625 0.587500 0.046875 0.075000