2 0.032813 0.235417 0.062500 0.083333
2 0.279687 0.152083 0.062500 0.083333
2 0.554688 0.112500 0.062500 0.083333
2 0.807813 0.096875 0.062500 0.064583
2 0.892188 0.029167 0.046875 0.058333
2 0.964063 0.291667 0.050000 0.075000
2 0.739844 0.485417 0.048438 0.083333
2 0.710938 0.533333 0.034375 0.083333
2 0.417187 0.453125 0.037500 0.081250
2 0.403125 0.506250 0.053125 0.054167
2 0.183594 0.571875 0.057813 0.072917
2 0.226562 0.567708 0.050000 0.047917
2 0.303125 0.669792 0.056250 0.077083
2 0.403125 0.722917 0.034375 0.075000
2 0.207813 0.759375 0.053125 0.052083
2 0.102344 0.798958 0.051562 0.068750
2 0.157031 0.865625 0.054688 0.077083
2 0.367188 0.907292 0.037500 0.081250
2 0.435937 0.794792 0.046875 0.081250
2 0.674219 0.700000 0.051562 0.050000
2 0.666406 0.782292 0.039062 0.077083
2 0.592187 0.869792 0.053125 0.052083
2 0.814844 0.609375 0.039062 0.056250
2 0.776563 0.623958 0.062500 0.047917
2 0.912500 0.630208 0.046875 0.072917