2 0.226562 0.081250 0.046875 0.083333
2 0.130469 0.162500 0.051562 0.083333
2 0.076563 0.197917 0.062500 0.070833
2 0.062500 0.368750 0.059375 0.066667
2 0.053125 0.683333 0.040625 0.083333
2 0.197656 0.854167 0.060937 0.062500
2 0.316406 0.697917 0.039062 0.058333
2 0.322656 0.562500 0.039062 0.079167
2 0.395313 0.589583 0.062500 0.058333
2 0.433594 0.636458 0.045312 0.052083
2 0.489063 0.702083 0.053125 0.075000
2 0.560937 0.667708 0.034375 0.064583
2 0.569531 0.941667 0.060937 0.066667
2 0.621875 0.938542 0.062500 0.047917
2 0.443750 0.433333 0.040625 0.058333
2 0.535937 0.462500 0.059375 0.062500
2 0.757812 0.756250 0.037500 0.058333
2 0.965625 0.954167 0.062500 0.045833
2 0.933594 0.437500 0.060937 0.075000
2 0.705469 0.480208 0.042188 0.060417
2 0.697656 0.127083 0.042188 0.083333
2 0.713281 0.054167 0.039062 0.054167
2 0.509375 0.143750 0.062500 0.041667
2 0.513281 0.230208 0.032813 0.056250
2 0.696094 0.313542 0.039062 0.047917
2 0.689063 0.202083 0.050000 0.075000