2 0.093750 0.202083 0.062500 0.045833
2 0.022656 0.402083 0.042188 0.079167
2 0.173437 0.523958 0.062500 0.064583
2 0.020313 0.830208 0.040625 0.077083
2 0.076563 0.773958 0.059375 0.060417
2 0.146875 0.801042 0.043750 0.068750
2 0.109375 0.803125 0.062500 0.052083
2 0.286719 0.755208 0.048438 0.064583
2 0.239844 0.611458 0.057813 0.068750
2 0.362500 0.638542 0.062500 0.072917
2 0.389844 0.895833 0.048438 0.083333
2 0.534375 0.959375 0.056250 0.047917
2 0.471094 0.784375 0.045312 0.068750
2 0.422656 0.711458 0.054688 0.068750
2 0.624219 0.843750 0.054688 0.083333
2 0.663281 0.805208 0.054688 0.077083
2 0.735156 0.855208 0.042188 0.060417
2 0.977344 0.812500 0.045312 0.079167
2 0.832031 0.618750 0.039062 0.062500
2 0.914062 0.518750 0.062500 0.070833
2 0.867188 0.430208 0.062500 0.068750
2 0.977344 0.352083 0.045312 0.050000
2 0.759375 0.337500 0.043750 0.070833
2 0.674219 0.383333 0.042188 0.075000
2 0.601562 0.505208 0.059375 0.052083
2 0.557031 0.590625 0.039062 0.052083
2 0.427344 0.631250 0.039062 0.083333
2 0.446094 0.708333 0.051562 0.070833
2 0.395313 0.493750 0.062500 0.058333
2 0.484375 0.487500 0.059375 0.066667
2 0.432031 0.414583 0.054688 0.070833
2 0.578906 0.028125 0.042188 0.056250
2 0.514062 0.051042 0.046875 0.060417
2 0.495312 0.025000 0.081250 0.050000
2 0.364844 0.029167 0.067187 0.058333