1 0.103333 0.856098 0.073333 0.053659
1 0.090000 0.939024 0.073333 0.048780
1 0.971667 0.890244 0.056667 0.048780
1 0.646667 0.968293 0.073333 0.053659
1 0.720000 0.875610 0.080000 0.053659
1 0.506667 0.895122 0.073333 0.058537
1 0.620000 0.819512 0.066667 0.053659
1 0.903333 0.604878 0.066667 0.048780
1 0.233333 0.707317 0.073333 0.053659
1 0.326667 0.653659 0.053333 0.048780
1 0.343333 0.709756 0.066667 0.053659
1 0.436667 0.670732 0.066667 0.058537
1 0.053333 0.612195 0.046667 0.048780
1 0.470000 0.592683 0.080000 0.053659
1 0.110000 0.560976 0.080000 0.048780
1 0.140000 0.514634 0.080000 0.043902
1 0.560000 0.548780 0.080000 0.053659
1 0.813333 0.509756 0.060000 0.053659
1 0.873333 0.495122 0.053333 0.048780
1 0.981667 0.392683 0.036667 0.058537
1 0.870000 0.436585 0.066667 0.053659
1 0.640000 0.419512 0.066667 0.053659
1 0.373333 0.382927 0.060000 0.048780
1 0.050000 0.365854 0.066667 0.048780
1 0.083333 0.400000 0.080000 0.048780
1 0.913333 0.251220 0.066667 0.048780
1 0.843333 0.236585 0.066667 0.048780
1 0.683333 0.253659 0.080000 0.048780
1 0.440000 0.365854 0.053333 0.048780
1 0.500000 0.353659 0.060000 0.058537
1 0.226667 0.336585 0.073333 0.053659
1 0.250000 0.295122 0.093333 0.043902
1 0.113333 0.251220 0.093333 0.048780
1 0.226667 0.241463 0.073333 0.053659
1 0.546667 0.268293 0.073333 0.058537
1 0.950000 0.070732 0.053333 0.048780
1 0.740000 0.070732 0.066667 0.048780
1 0.496667 0.202439 0.060000 0.053659
1 0.533333 0.200000 0.066667 0.053659
1 0.070000 0.214634 0.066667 0.048780
1 0.376667 0.185366 0.080000 0.043902
1 0.346667 0.158537 0.066667 0.053659
1 0.050000 0.158537 0.066667 0.048780
1 0.086667 0.109756 0.093333 0.048780
1 0.240000 0.124390 0.080000 0.043902
1 0.270000 0.117073 0.053333 0.043902
1 0.410000 0.109756 0.073333 0.048780
1 0.530000 0.136585 0.073333 0.048780
1 0.520000 0.095122 0.066667 0.048780
1 0.336667 0.070732 0.066667 0.039024
1 0.373333 0.053659 0.066667 0.039024