1 0.023333 0.887805 0.046667 0.048780
1 0.031667 0.926829 0.063333 0.048780
1 0.083333 0.897561 0.066667 0.048780
1 0.086667 0.836585 0.060000 0.048780
1 0.136667 0.971951 0.073333 0.056098
1 0.161667 0.770732 0.056667 0.039024
1 0.213333 0.742683 0.073333 0.046341
1 0.415000 0.978049 0.076667 0.043902
1 0.356667 0.954878 0.060000 0.046341
1 0.348333 0.870732 0.070000 0.048780
1 0.575000 0.836585 0.056667 0.048780
1 0.710000 0.910976 0.066667 0.046341
1 0.720000 0.859756 0.060000 0.056098
1 0.356667 0.719512 0.066667 0.048780
1 0.380000 0.665854 0.060000 0.048780
1 0.976667 0.678049 0.046667 0.048780
1 0.070000 0.651220 0.066667 0.039024
1 0.080000 0.625610 0.073333 0.051220
1 0.023333 0.604878 0.046667 0.043902
1 0.028333 0.562195 0.056667 0.046341
1 0.186667 0.582927 0.066667 0.048780
1 0.600000 0.600000 0.060000 0.048780
1 0.685000 0.587805 0.083333 0.048780
1 0.788333 0.547561 0.090000 0.051220
1 0.430000 0.541463 0.066667 0.048780
1 0.443333 0.515854 0.060000 0.046341
1 0.553333 0.490244 0.066667 0.048780
1 0.023333 0.453659 0.046667 0.048780
1 0.075000 0.490244 0.076667 0.053659
1 0.853333 0.346341 0.073333 0.053659
1 0.740000 0.325610 0.073333 0.051220
1 0.316667 0.447561 0.066667 0.041463
1 0.326667 0.421951 0.053333 0.043902
1 0.196667 0.430488 0.073333 0.046341
1 0.208333 0.454878 0.043333 0.046341
1 0.225000 0.404878 0.076667 0.048780
1 0.263333 0.356098 0.066667 0.048780
1 0.340000 0.360976 0.073333 0.048780
1 0.730000 0.189024 0.066667 0.051220
1 0.958333 0.098780 0.063333 0.046341
1 0.900000 0.153659 0.066667 0.048780
1 0.850000 0.131707 0.066667 0.048780
1 0.796667 0.135366 0.060000 0.046341
1 0.070000 0.287805 0.080000 0.053659
1 0.581667 0.220732 0.076667 0.046341
1 0.603333 0.165854 0.066667 0.048780
1 0.533333 0.168293 0.066667 0.048780
1 0.103333 0.237805 0.093333 0.051220
1 0.143333 0.207317 0.073333 0.048780
1 0.021667 0.165854 0.043333 0.048780
1 0.031667 0.126829 0.063333 0.043902
1 0.156667 0.092683 0.073333 0.053659
1 0.256667 0.100000 0.073333 0.053659
1 0.356667 0.153659 0.073333 0.048780
1 0.326667 0.113415 0.053333 0.060976
1 0.426667 0.091463 0.080000 0.046341
1 0.366667 0.020732 0.066667 0.041463
1 0.623333 0.034146 0.066667 0.048780