1 0.013333 0.921951 0.026667 0.039024
1 0.056667 0.904878 0.060000 0.039024
1 0.036667 0.939024 0.053333 0.039024
1 0.130000 0.951220 0.066667 0.043902
1 0.273333 0.971951 0.053333 0.056098
1 0.493333 0.963415 0.060000 0.048780
1 0.703333 0.960976 0.073333 0.053659
1 0.790000 0.802439 0.080000 0.053659
1 0.970000 0.826829 0.046667 0.053659
1 0.960000 0.873171 0.060000 0.043902
1 0.023333 0.758537 0.046667 0.043902
1 0.103333 0.729268 0.073333 0.053659
1 0.150000 0.741463 0.046667 0.043902
1 0.120000 0.782927 0.080000 0.048780
1 0.196667 0.846341 0.046667 0.048780
1 0.230000 0.831707 0.053333 0.043902
1 0.746667 0.658537 0.080000 0.053659
1 0.726667 0.585366 0.073333 0.048780
1 0.660000 0.621951 0.066667 0.058537
1 0.626667 0.690244 0.066667 0.048780
1 0.266667 0.646341 0.073333 0.053659
1 0.516667 0.621951 0.080000 0.048780
1 0.520000 0.568293 0.086667 0.048780
1 0.863333 0.475610 0.080000 0.048780
1 0.170000 0.556098 0.086667 0.043902
1 0.213333 0.529268 0.080000 0.043902
1 0.260000 0.500000 0.060000 0.053659
1 0.173333 0.431707 0.053333 0.034146
1 0.753333 0.370732 0.060000 0.053659
1 0.846667 0.256098 0.060000 0.043902
1 0.533333 0.392683 0.073333 0.043902
1 0.336667 0.421951 0.066667 0.048780
1 0.286667 0.446341 0.086667 0.043902
1 0.103333 0.441463 0.073333 0.048780
1 0.133333 0.395122 0.073333 0.048780
1 0.123333 0.360976 0.073333 0.053659
1 0.230000 0.319512 0.073333 0.053659
1 0.070000 0.268293 0.066667 0.048780
1 0.630000 0.287805 0.073333 0.048780
1 0.876667 0.126829 0.066667 0.053659
1 0.810000 0.165854 0.073333 0.053659
1 0.680000 0.192683 0.066667 0.053659
1 0.620000 0.112195 0.066667 0.053659
1 0.670000 0.031707 0.066667 0.048780
1 0.586667 0.015854 0.053333 0.031707
1 0.420000 0.048780 0.080000 0.043902
1 0.513333 0.297561 0.073333 0.043902
1 0.570000 0.187805 0.060000 0.048780
1 0.453333 0.212195 0.073333 0.053659
1 0.296667 0.282927 0.080000 0.053659
1 0.306667 0.229268 0.066667 0.048780
1 0.130000 0.236585 0.073333 0.053659
1 0.186667 0.182927 0.073333 0.053659
1 0.063333 0.156098 0.053333 0.043902
1 0.413333 0.141463 0.066667 0.058537
1 0.363333 0.170732 0.066667 0.048780
1 0.296667 0.139024 0.066667 0.043902
1 0.356667 0.119512 0.060000 0.058537
1 0.323333 0.080488 0.060000 0.043902
1 0.293333 0.100000 0.066667 0.039024
1 0.286667 0.063415 0.046667 0.039024
1 0.133333 0.112195 0.060000 0.043902
1 0.216667 0.058537 0.060000 0.048780
1 0.156667 0.063415 0.060000 0.043902
1 0.113333 0.043902 0.080000 0.048780
1 0.070000 0.121951 0.086667 0.043902
1 0.031667 0.095122 0.063333 0.039024