1 0.986667 0.897561 0.026667 0.039024
1 0.543333 0.992683 0.060000 0.014634
1 0.250000 0.986585 0.060000 0.026829
1 0.216667 0.948780 0.060000 0.048780
1 0.160000 0.958537 0.073333 0.053659
1 0.040000 0.965854 0.046667 0.039024
1 0.076667 0.958537 0.046667 0.039024
1 0.070000 0.941463 0.053333 0.053659
1 0.053333 0.843902 0.060000 0.053659
1 0.210000 0.863415 0.053333 0.063415
1 0.690000 0.758537 0.080000 0.043902
1 0.660000 0.731707 0.066667 0.048780
1 0.700000 0.668293 0.086667 0.053659
1 0.420000 0.658537 0.073333 0.053659
1 0.040000 0.724390 0.053333 0.039024
1 0.053333 0.687805 0.060000 0.043902
1 0.060000 0.578049 0.073333 0.048780
1 0.240000 0.592683 0.073333 0.048780
1 0.816667 0.456098 0.073333 0.053659
1 0.776667 0.351220 0.066667 0.053659
1 0.703333 0.448780 0.073333 0.043902
1 0.653333 0.487805 0.066667 0.048780
1 0.603333 0.541463 0.066667 0.058537
1 0.126667 0.500000 0.073333 0.048780
1 0.483333 0.548780 0.073333 0.053659
1 0.433333 0.519512 0.066667 0.048780
1 0.363333 0.526829 0.066667 0.048780
1 0.190000 0.441463 0.066667 0.043902
1 0.210000 0.482927 0.066667 0.043902
1 0.300000 0.460976 0.053333 0.048780
1 0.466667 0.448780 0.066667 0.043902
1 0.968333 0.356098 0.063333 0.053659
1 0.916667 0.217073 0.060000 0.043902
1 0.570000 0.326829 0.060000 0.043902
1 0.593333 0.292683 0.080000 0.039024
1 0.593333 0.260976 0.073333 0.043902
1 0.423333 0.312195 0.086667 0.048780
1 0.383333 0.280488 0.066667 0.053659
1 0.233333 0.402439 0.073333 0.058537
1 0.446667 0.412195 0.073333 0.053659
1 0.113333 0.382927 0.073333 0.043902
1 0.060000 0.329268 0.073333 0.043902
1 0.126667 0.319512 0.066667 0.048780
1 0.213333 0.302439 0.086667 0.043902
1 0.136667 0.278049 0.066667 0.043902
1 0.206667 0.260976 0.080000 0.048780
1 0.166667 0.219512 0.080000 0.048780
1 0.383333 0.195122 0.060000 0.048780
1 0.316667 0.173171 0.060000 0.053659
1 0.203333 0.168293 0.066667 0.048780
1 0.100000 0.148780 0.066667 0.048780
1 0.680000 0.134146 0.066667 0.043902
1 0.746667 0.102439 0.066667 0.048780
1 0.630000 0.117073 0.060000 0.053659
1 0.170000 0.119512 0.073333 0.048780
1 0.263333 0.097561 0.066667 0.048780
1 0.280000 0.112195 0.073333 0.043902
1 0.043333 0.060976 0.046667 0.053659
1 0.180000 0.046341 0.066667 0.048780
1 0.380000 0.058537 0.073333 0.053659