1 0.105000 0.919512 0.076667 0.048780
1 0.153333 0.910976 0.073333 0.051220
1 0.293333 0.942683 0.066667 0.046341
1 0.351667 0.960976 0.043333 0.043902
1 0.383333 0.981707 0.066667 0.036585
1 0.770000 0.919512 0.073333 0.048780
1 0.076667 0.779268 0.053333 0.041463
1 0.093333 0.810976 0.066667 0.051220
1 0.241667 0.754878 0.056667 0.041463
1 0.365000 0.700000 0.056667 0.039024
1 0.368333 0.752439 0.056667 0.046341
1 0.523333 0.729268 0.060000 0.043902
1 0.658333 0.740244 0.070000 0.060976
1 0.066667 0.651220 0.053333 0.043902
1 0.135000 0.670732 0.070000 0.048780
1 0.583333 0.670732 0.066667 0.053659
1 0.598333 0.624390 0.076667 0.048780
1 0.643333 0.553659 0.080000 0.048780
1 0.086667 0.558537 0.073333 0.058537
1 0.160000 0.524390 0.073333 0.048780
1 0.820000 0.423171 0.073333 0.056098
1 0.705000 0.458537 0.076667 0.053659
1 0.476667 0.504878 0.066667 0.048780
1 0.493333 0.470732 0.053333 0.048780
1 0.386667 0.482927 0.073333 0.053659
1 0.206667 0.439024 0.066667 0.048780
1 0.250000 0.454878 0.066667 0.051220
1 0.265000 0.419512 0.076667 0.048780
1 0.206667 0.390244 0.066667 0.048780
1 0.385000 0.376829 0.063333 0.046341
1 0.615000 0.345122 0.076667 0.051220
1 0.518333 0.280488 0.070000 0.048780
1 0.576667 0.280488 0.073333 0.053659
1 0.133333 0.278049 0.100000 0.053659
1 0.236667 0.297561 0.073333 0.053659
1 0.338333 0.214634 0.070000 0.048780
1 0.040000 0.208537 0.066667 0.046341
1 0.050000 0.156098 0.066667 0.048780
1 0.083333 0.136585 0.066667 0.048780
1 0.125000 0.152439 0.056667 0.046341
1 0.521667 0.206098 0.076667 0.051220
1 0.481667 0.156098 0.076667 0.048780
1 0.360000 0.134146 0.086667 0.048780
1 0.330000 0.114634 0.066667 0.048780
1 0.156667 0.034146 0.060000 0.048780
1 0.270000 0.067073 0.060000 0.051220
1 0.410000 0.019512 0.060000 0.039024
1 0.736667 0.210976 0.066667 0.056098
1 0.808333 0.186585 0.070000 0.051220
1 0.896667 0.154878 0.060000 0.041463
1 0.906667 0.102439 0.060000 0.043902
1 0.803333 0.096341 0.073333 0.051220
1 0.650000 0.048780 0.066667 0.048780