1 0.978333 0.900000 0.043333 0.048780
1 0.606667 0.984146 0.086667 0.031707
1 0.026667 0.970732 0.053333 0.043902
1 0.053333 0.890244 0.060000 0.043902
1 0.296667 0.873171 0.060000 0.043902
1 0.700000 0.712195 0.073333 0.048780
1 0.076667 0.743902 0.073333 0.053659
1 0.116667 0.660976 0.073333 0.053659
1 0.015000 0.700000 0.030000 0.039024
1 0.018333 0.634146 0.036667 0.039024
1 0.083333 0.617073 0.053333 0.039024
1 0.346667 0.617073 0.073333 0.063415
1 0.433333 0.617073 0.066667 0.053659
1 0.476667 0.614634 0.073333 0.053659
1 0.403333 0.578049 0.073333 0.048780
1 0.026667 0.478049 0.046667 0.043902
1 0.413333 0.492683 0.066667 0.043902
1 0.553333 0.475610 0.060000 0.058537
1 0.590000 0.460976 0.073333 0.053659
1 0.410000 0.434146 0.060000 0.058537
1 0.286667 0.409756 0.080000 0.048780
1 0.025000 0.387805 0.050000 0.048780
1 0.610000 0.378049 0.066667 0.058537
1 0.590000 0.324390 0.086667 0.048780
1 0.736667 0.290244 0.066667 0.053659
1 0.960000 0.163415 0.066667 0.058537
1 0.666667 0.114634 0.066667 0.048780
1 0.446667 0.363415 0.066667 0.043902
1 0.443333 0.321951 0.080000 0.039024
1 0.450000 0.290244 0.073333 0.039024
1 0.240000 0.336585 0.080000 0.043902
1 0.140000 0.326829 0.073333 0.048780
1 0.396667 0.256098 0.080000 0.043902
1 0.386667 0.207317 0.080000 0.043902
1 0.373333 0.178049 0.073333 0.053659
1 0.240000 0.268293 0.066667 0.048780
1 0.210000 0.243902 0.066667 0.048780
1 0.113333 0.263415 0.080000 0.043902
1 0.126667 0.241463 0.086667 0.039024
1 0.146667 0.214634 0.080000 0.043902
1 0.246667 0.156098 0.080000 0.048780
1 0.015000 0.221951 0.030000 0.048780
1 0.020000 0.131707 0.040000 0.043902
1 0.470000 0.018293 0.080000 0.036585
1 0.243333 0.026829 0.060000 0.048780
1 0.173333 0.026829 0.073333 0.053659