1 0.530000 0.981707 0.066667 0.036585
1 0.270000 0.980488 0.060000 0.034146
1 0.266667 0.943902 0.060000 0.048780
1 0.226667 0.926829 0.073333 0.053659
1 0.160000 0.981707 0.060000 0.036585
1 0.060000 0.980488 0.073333 0.039024
1 0.660000 0.702439 0.066667 0.043902
1 0.540000 0.685366 0.080000 0.053659
1 0.266667 0.653659 0.080000 0.043902
1 0.028333 0.702439 0.056667 0.043902
1 0.036667 0.660976 0.060000 0.039024
1 0.573333 0.570732 0.080000 0.053659
1 0.453333 0.563415 0.073333 0.053659
1 0.713333 0.365854 0.080000 0.048780
1 0.690000 0.395122 0.080000 0.043902
1 0.933333 0.209756 0.060000 0.039024
1 0.030000 0.512195 0.060000 0.048780
1 0.106667 0.478049 0.080000 0.043902
1 0.120000 0.407317 0.046667 0.034146
1 0.126667 0.385366 0.053333 0.043902
1 0.506667 0.441463 0.060000 0.048780
1 0.350000 0.543902 0.053333 0.039024
1 0.396667 0.495122 0.046667 0.048780
1 0.356667 0.492683 0.060000 0.048780
1 0.286667 0.468293 0.073333 0.053659
1 0.380000 0.443902 0.066667 0.043902
1 0.533333 0.378049 0.060000 0.043902
1 0.573333 0.365854 0.066667 0.043902
1 0.570000 0.326829 0.073333 0.043902
1 0.350000 0.382927 0.086667 0.048780
1 0.246667 0.348780 0.060000 0.053659
1 0.306667 0.319512 0.080000 0.043902
1 0.720000 0.180488 0.060000 0.053659
1 0.696667 0.012195 0.080000 0.024390
1 0.653333 0.114634 0.060000 0.048780
1 0.586667 0.209756 0.073333 0.063415
1 0.476667 0.239024 0.086667 0.043902
1 0.453333 0.270732 0.080000 0.043902
1 0.260000 0.268293 0.086667 0.043902
1 0.323333 0.217073 0.073333 0.053659
1 0.306667 0.151220 0.060000 0.043902
1 0.216667 0.187805 0.060000 0.043902
1 0.110000 0.239024 0.066667 0.043902
1 0.056667 0.229268 0.066667 0.043902
1 0.030000 0.248780 0.060000 0.048780
1 0.026667 0.190244 0.053333 0.053659
1 0.170000 0.153659 0.073333 0.048780
1 0.028333 0.087805 0.056667 0.043902
1 0.146667 0.053659 0.066667 0.039024
1 0.130000 0.078049 0.073333 0.043902
1 0.126667 0.010976 0.066667 0.021951
1 0.013333 0.109756 0.026667 0.043902