1 0.015000 0.875610 0.030000 0.034146
1 0.040000 0.858537 0.060000 0.043902
1 0.373333 0.931707 0.066667 0.048780
1 0.973333 0.931707 0.053333 0.048780
1 0.943333 0.868293 0.060000 0.043902
1 0.703333 0.792683 0.060000 0.053659
1 0.486667 0.873171 0.066667 0.048780
1 0.353333 0.819512 0.073333 0.053659
1 0.496667 0.826829 0.073333 0.048780
1 0.950000 0.743902 0.073333 0.053659
1 0.640000 0.743902 0.073333 0.043902
1 0.866667 0.643902 0.073333 0.043902
1 0.383333 0.724390 0.066667 0.048780
1 0.216667 0.719512 0.066667 0.048780
1 0.021667 0.704878 0.043333 0.043902
1 0.005000 0.673171 0.010000 0.034146
1 0.926667 0.531707 0.066667 0.058537
1 0.870000 0.529268 0.053333 0.058537
1 0.756667 0.497561 0.073333 0.053659
1 0.320000 0.529268 0.053333 0.039024
1 0.300000 0.609756 0.053333 0.048780
1 0.293333 0.573171 0.073333 0.039024
1 0.120000 0.587805 0.073333 0.048780
1 0.026667 0.521951 0.053333 0.053659
1 0.066667 0.480488 0.080000 0.053659
1 0.036667 0.339024 0.046667 0.043902
1 0.975000 0.141463 0.050000 0.043902
1 0.940000 0.229268 0.060000 0.058537
1 0.760000 0.348780 0.066667 0.053659
1 0.780000 0.243902 0.060000 0.039024
1 0.726667 0.282927 0.053333 0.034146
1 0.306667 0.326829 0.086667 0.043902
1 0.466667 0.348780 0.066667 0.048780
1 0.430000 0.319512 0.066667 0.053659
1 0.566667 0.280488 0.060000 0.053659
1 0.573333 0.097561 0.046667 0.053659
1 0.593333 0.195122 0.066667 0.053659
1 0.556667 0.231707 0.080000 0.043902
1 0.413333 0.256098 0.060000 0.058537
1 0.303333 0.251220 0.066667 0.053659
1 0.346667 0.195122 0.040000 0.048780
1 0.326667 0.190244 0.066667 0.048780
1 0.063333 0.239024 0.073333 0.048780
1 0.073333 0.187805 0.073333 0.048780
1 0.123333 0.160976 0.073333 0.043902
1 0.076667 0.131707 0.073333 0.043902
1 0.546667 0.080488 0.080000 0.039024
1 0.533333 0.107317 0.060000 0.039024
1 0.450000 0.148780 0.073333 0.043902
1 0.470000 0.080488 0.066667 0.048780
1 0.436667 0.114634 0.073333 0.048780
1 0.366667 0.085366 0.053333 0.043902
1 0.096667 0.026829 0.066667 0.043902
1 0.213333 0.073171 0.073333 0.039024
1 0.273333 0.068293 0.060000 0.043902
1 0.266667 0.017073 0.066667 0.034146
1 0.226667 0.041463 0.066667 0.039024
1 0.413333 0.024390 0.060000 0.039024