1 0.973333 0.897561 0.053333 0.039024
1 0.978333 0.951220 0.043333 0.043902
1 0.060000 0.907317 0.053333 0.043902
1 0.066667 0.868293 0.060000 0.043902
1 0.523333 0.907317 0.066667 0.053659
1 0.390000 0.934146 0.073333 0.043902
1 0.960000 0.782927 0.080000 0.048780
1 0.733333 0.804878 0.060000 0.053659
1 0.360000 0.856098 0.073333 0.048780
1 0.520000 0.836585 0.080000 0.048780
1 0.053333 0.704878 0.073333 0.039024
1 0.060000 0.734146 0.053333 0.043902
1 0.246667 0.758537 0.066667 0.053659
1 0.323333 0.685366 0.060000 0.053659
1 0.390000 0.775610 0.060000 0.053659
1 0.683333 0.768293 0.066667 0.048780
1 0.866667 0.678049 0.073333 0.043902
1 0.960000 0.578049 0.060000 0.058537
1 0.906667 0.575610 0.053333 0.053659
1 0.776667 0.536585 0.073333 0.053659
1 0.063333 0.536585 0.053333 0.048780
1 0.126667 0.521951 0.080000 0.048780
1 0.350000 0.546341 0.060000 0.039024
1 0.303333 0.602439 0.080000 0.048780
1 0.150000 0.609756 0.066667 0.048780
1 0.971667 0.300000 0.056667 0.053659
1 0.083333 0.373171 0.060000 0.043902
1 0.803333 0.273171 0.053333 0.043902
1 0.766667 0.312195 0.053333 0.039024
1 0.776667 0.365854 0.060000 0.053659
1 0.320000 0.353659 0.080000 0.053659
1 0.443333 0.365854 0.060000 0.048780
1 0.496667 0.356098 0.066667 0.053659
1 0.583333 0.287805 0.046667 0.048780
1 0.620000 0.243902 0.066667 0.048780
1 0.563333 0.265854 0.060000 0.043902
1 0.336667 0.292683 0.073333 0.053659
1 0.450000 0.265854 0.060000 0.058537
1 0.626667 0.153659 0.060000 0.058537
1 0.360000 0.221951 0.053333 0.048780
1 0.383333 0.234146 0.046667 0.048780
1 0.053333 0.285366 0.066667 0.039024
1 0.046667 0.246341 0.066667 0.039024
1 0.043333 0.217073 0.060000 0.034146
1 0.090000 0.256098 0.066667 0.048780
1 0.100000 0.197561 0.073333 0.048780
1 0.123333 0.158537 0.066667 0.039024
1 0.163333 0.182927 0.073333 0.043902
1 0.593333 0.129268 0.080000 0.043902
1 0.480000 0.148780 0.060000 0.039024
1 0.476667 0.178049 0.066667 0.048780
1 0.486667 0.092683 0.073333 0.039024
1 0.480000 0.058537 0.073333 0.034146
1 0.403333 0.107317 0.060000 0.043902
1 0.320000 0.124390 0.066667 0.053659
1 0.286667 0.053659 0.053333 0.048780
1 0.210000 0.109756 0.073333 0.048780
1 0.236667 0.068293 0.080000 0.048780
1 0.133333 0.056098 0.073333 0.043902
1 0.063333 0.104878 0.066667 0.039024
1 0.046667 0.070732 0.066667 0.043902