1 0.975000 0.914634 0.050000 0.043902
1 0.656667 0.979268 0.073333 0.041463
1 0.040000 0.917073 0.060000 0.048780
1 0.276667 0.826829 0.060000 0.048780
1 0.710000 0.726829 0.073333 0.048780
1 0.130000 0.765854 0.066667 0.053659
1 0.400000 0.748780 0.066667 0.063415
1 0.420000 0.670732 0.060000 0.058537
1 0.013333 0.631707 0.026667 0.039024
1 0.026667 0.600000 0.053333 0.034146
1 0.033333 0.565854 0.053333 0.043902
1 0.100000 0.558537 0.046667 0.039024
1 0.040000 0.495122 0.046667 0.039024
1 0.400000 0.587805 0.073333 0.048780
1 0.443333 0.551220 0.066667 0.053659
1 0.426667 0.492683 0.060000 0.043902
1 0.583333 0.548780 0.060000 0.058537
1 0.553333 0.519512 0.053333 0.058537
1 0.723333 0.419512 0.066667 0.048780
1 0.606667 0.336585 0.053333 0.048780
1 0.513333 0.378049 0.060000 0.058537
1 0.150000 0.373171 0.046667 0.053659
1 0.220000 0.368293 0.073333 0.048780
1 0.376667 0.358537 0.066667 0.039024
1 0.460000 0.304878 0.080000 0.048780
1 0.356667 0.329268 0.080000 0.039024
1 0.363333 0.297561 0.080000 0.029268
1 0.380000 0.282927 0.073333 0.039024
1 0.970000 0.109756 0.060000 0.043902
1 0.960000 0.026829 0.066667 0.039024
1 0.693333 0.119512 0.073333 0.058537
1 0.350000 0.243902 0.080000 0.043902
1 0.230000 0.265854 0.060000 0.053659
1 0.180000 0.285366 0.066667 0.043902
1 0.136667 0.285366 0.066667 0.043902
1 0.073333 0.285366 0.060000 0.043902
1 0.028333 0.282927 0.056667 0.043902
1 0.033333 0.217073 0.066667 0.053659
1 0.153333 0.173171 0.073333 0.053659
1 0.073333 0.129268 0.073333 0.053659
1 0.025000 0.043902 0.050000 0.048780
1 0.200000 0.080488 0.073333 0.053659
1 0.253333 0.136585 0.066667 0.053659
1 0.426667 0.114634 0.066667 0.048780
1 0.373333 0.021951 0.080000 0.043902