1 0.046667 0.975610 0.066667 0.048780
1 0.240000 0.951220 0.086667 0.048780
1 0.606667 0.936585 0.093333 0.058537
1 0.926667 0.858537 0.066667 0.048780
1 0.426667 0.895122 0.066667 0.048780
1 0.436667 0.843902 0.073333 0.058537
1 0.306667 0.817073 0.066667 0.048780
1 0.270000 0.714634 0.060000 0.048780
1 0.346667 0.621951 0.066667 0.048780
1 0.443333 0.517073 0.053333 0.048780
1 0.890000 0.612195 0.053333 0.053659
1 0.836667 0.639024 0.073333 0.058537
1 0.683333 0.675610 0.100000 0.058537
1 0.056667 0.631707 0.073333 0.073171
1 0.253333 0.612195 0.080000 0.048780
1 0.543333 0.536585 0.066667 0.053659
1 0.673333 0.551220 0.073333 0.053659
1 0.793333 0.495122 0.080000 0.048780
1 0.043333 0.526829 0.073333 0.053659
1 0.226667 0.504878 0.080000 0.048780
1 0.100000 0.470732 0.080000 0.048780
1 0.113333 0.426829 0.086667 0.048780
1 0.276667 0.451220 0.086667 0.053659
1 0.386667 0.463415 0.066667 0.053659
1 0.953333 0.339024 0.066667 0.053659
1 0.883333 0.319512 0.073333 0.053659
1 0.540000 0.397561 0.080000 0.048780
1 0.573333 0.326829 0.080000 0.048780
1 0.350000 0.341463 0.066667 0.048780
1 0.126667 0.326829 0.080000 0.048780
1 0.170000 0.312195 0.080000 0.039024
1 0.173333 0.292683 0.080000 0.043902
1 0.726667 0.224390 0.066667 0.048780
1 0.616667 0.231707 0.080000 0.053659
1 0.506667 0.260976 0.060000 0.048780
1 0.413333 0.246341 0.086667 0.053659
1 0.038333 0.219512 0.076667 0.048780
1 0.046667 0.268293 0.073333 0.053659
1 0.873333 0.017073 0.066667 0.034146
1 0.236667 0.141463 0.066667 0.048780
1 0.270000 0.139024 0.066667 0.048780
1 0.320000 0.121951 0.073333 0.053659
1 0.306667 0.175610 0.073333 0.063415
1 0.346667 0.178049 0.066667 0.048780
1 0.360000 0.153659 0.066667 0.048780
1 0.450000 0.109756 0.080000 0.048780
1 0.510000 0.119512 0.073333 0.053659
1 0.133333 0.180488 0.080000 0.043902
1 0.126667 0.148780 0.086667 0.048780
1 0.610000 0.041463 0.080000 0.048780
1 0.546667 0.039024 0.066667 0.053659
1 0.486667 0.051220 0.073333 0.048780
1 0.230000 0.085366 0.066667 0.053659
1 0.140000 0.078049 0.066667 0.063415
1 0.093333 0.090244 0.066667 0.058537
1 0.040000 0.090244 0.060000 0.053659
1 0.076667 0.041463 0.066667 0.058537
1 0.011667 0.060976 0.023333 0.048780