1 0.016667 0.926829 0.033333 0.043902
1 0.053333 0.902439 0.053333 0.043902
1 0.093333 0.880488 0.046667 0.039024
1 0.080000 0.951220 0.060000 0.039024
1 0.230000 0.909756 0.053333 0.053659
1 0.503333 0.958537 0.073333 0.053659
1 0.746667 0.931707 0.073333 0.053659
1 0.863333 0.829268 0.086667 0.043902
1 0.973333 0.770732 0.053333 0.058537
1 0.956667 0.870732 0.053333 0.039024
1 0.020000 0.760976 0.040000 0.039024
1 0.293333 0.690244 0.080000 0.048780
1 0.123333 0.692683 0.073333 0.053659
1 0.136667 0.746341 0.053333 0.043902
1 0.143333 0.775610 0.066667 0.039024
1 0.193333 0.841463 0.053333 0.053659
1 0.236667 0.826829 0.073333 0.043902
1 0.773333 0.626829 0.073333 0.039024
1 0.760000 0.675610 0.073333 0.053659
1 0.673333 0.670732 0.060000 0.058537
1 0.633333 0.692683 0.060000 0.048780
1 0.576667 0.636585 0.080000 0.048780
1 0.580000 0.587805 0.086667 0.048780
1 0.916667 0.465854 0.073333 0.053659
1 0.140000 0.548780 0.060000 0.048780
1 0.206667 0.563415 0.080000 0.043902
1 0.253333 0.539024 0.066667 0.053659
1 0.193333 0.456098 0.053333 0.043902
1 0.813333 0.273171 0.060000 0.043902
1 0.753333 0.319512 0.060000 0.048780
1 0.663333 0.302439 0.073333 0.043902
1 0.580000 0.365854 0.066667 0.053659
1 0.346667 0.404878 0.066667 0.048780
1 0.213333 0.409756 0.073333 0.043902
1 0.116667 0.404878 0.073333 0.043902
1 0.035000 0.409756 0.070000 0.043902
1 0.163333 0.356098 0.073333 0.053659
1 0.040000 0.268293 0.060000 0.043902
1 0.263333 0.312195 0.073333 0.048780
1 0.570000 0.278049 0.073333 0.053659
1 0.496667 0.273171 0.060000 0.043902
1 0.353333 0.268293 0.086667 0.048780
1 0.843333 0.065854 0.066667 0.053659
1 0.756667 0.114634 0.073333 0.053659
1 0.563333 0.168293 0.073333 0.043902
1 0.640000 0.046341 0.060000 0.043902
1 0.620000 0.143902 0.060000 0.043902
1 0.603333 0.107317 0.060000 0.039024
1 0.576667 0.015854 0.060000 0.031707
1 0.520000 0.029268 0.073333 0.043902
1 0.413333 0.100000 0.060000 0.043902
1 0.460000 0.182927 0.073333 0.043902
1 0.346667 0.075610 0.060000 0.043902
1 0.286667 0.053659 0.053333 0.039024
1 0.376667 0.129268 0.066667 0.048780
1 0.313333 0.102439 0.066667 0.043902
1 0.346667 0.197561 0.073333 0.043902
1 0.303333 0.168293 0.060000 0.043902
1 0.196667 0.204878 0.073333 0.053659
1 0.116667 0.207317 0.073333 0.053659
1 0.070000 0.168293 0.053333 0.043902
1 0.193333 0.082927 0.060000 0.043902
1 0.076667 0.058537 0.066667 0.048780
1 0.086667 0.131707 0.060000 0.043902
1 0.146667 0.068293 0.053333 0.039024
1 0.123333 0.097561 0.060000 0.039024
1 0.076667 0.100000 0.066667 0.043902