1 0.740000 0.763415 0.093333 0.048780
1 0.623333 0.695122 0.066667 0.048780
1 0.733333 0.656098 0.086667 0.053659
1 0.633333 0.981707 0.060000 0.036585
1 0.490000 0.965854 0.053333 0.039024
1 0.180000 0.956098 0.073333 0.048780
1 0.015000 0.924390 0.030000 0.034146
1 0.050000 0.909756 0.053333 0.039024
1 0.196667 0.873171 0.073333 0.058537
1 0.076667 0.814634 0.066667 0.048780
1 0.063333 0.768293 0.066667 0.053659
1 0.163333 0.756098 0.046667 0.053659
1 0.011667 0.743902 0.023333 0.043902
1 0.011667 0.646341 0.023333 0.034146
1 0.236667 0.602439 0.073333 0.043902
1 0.136667 0.556098 0.093333 0.053659
1 0.613333 0.568293 0.060000 0.058537
1 0.686667 0.534146 0.066667 0.043902
1 0.470000 0.612195 0.080000 0.043902
1 0.466667 0.539024 0.080000 0.053659
1 0.800000 0.456098 0.080000 0.048780
1 0.726667 0.409756 0.060000 0.053659
1 0.486667 0.407317 0.080000 0.043902
1 0.266667 0.504878 0.086667 0.039024
1 0.283333 0.482927 0.066667 0.053659
1 0.346667 0.458537 0.080000 0.048780
1 0.083333 0.446341 0.053333 0.043902
1 0.146667 0.460976 0.073333 0.053659
1 0.150000 0.421951 0.053333 0.043902
1 0.093333 0.341463 0.080000 0.048780
1 0.133333 0.368293 0.066667 0.043902
1 0.916667 0.187805 0.060000 0.053659
1 0.873333 0.231707 0.073333 0.053659
1 0.730000 0.243902 0.073333 0.053659
1 0.600000 0.268293 0.073333 0.053659
1 0.456667 0.319512 0.073333 0.048780
1 0.520000 0.285366 0.060000 0.043902
1 0.570000 0.204878 0.053333 0.043902
1 0.636667 0.104878 0.073333 0.043902
1 0.686667 0.026829 0.060000 0.039024
1 0.146667 0.278049 0.073333 0.053659
1 0.183333 0.309756 0.066667 0.043902
1 0.250000 0.282927 0.080000 0.043902
1 0.273333 0.241463 0.080000 0.039024
1 0.393333 0.185366 0.060000 0.053659
1 0.056667 0.153659 0.053333 0.043902
1 0.026667 0.124390 0.053333 0.043902
1 0.366667 0.085366 0.066667 0.048780
1 0.173333 0.168293 0.080000 0.048780
1 0.153333 0.121951 0.060000 0.043902
1 0.296667 0.121951 0.066667 0.043902
1 0.143333 0.029268 0.080000 0.043902
1 0.243333 0.024390 0.066667 0.043902
1 0.153333 0.053659 0.053333 0.034146
1 0.260000 0.090244 0.080000 0.043902
1 0.283333 0.080488 0.046667 0.053659