1 0.501667 0.978049 0.070000 0.039024
1 0.890000 0.863415 0.066667 0.048780
1 0.341667 0.890244 0.063333 0.048780
1 0.013333 0.965854 0.026667 0.039024
1 0.415000 0.837805 0.063333 0.051220
1 0.883333 0.778049 0.060000 0.053659
1 0.131667 0.753659 0.063333 0.053659
1 0.343333 0.798780 0.046667 0.036585
1 0.291667 0.735366 0.043333 0.041463
1 0.806667 0.682927 0.060000 0.053659
1 0.390000 0.682927 0.073333 0.043902
1 0.048333 0.595122 0.056667 0.048780
1 0.021667 0.634146 0.043333 0.048780
1 0.236667 0.560976 0.066667 0.039024
1 0.043333 0.490244 0.066667 0.043902
1 0.303333 0.592683 0.046667 0.034146
1 0.906667 0.487805 0.073333 0.048780
1 0.278333 0.508537 0.050000 0.036585
1 0.393333 0.518293 0.080000 0.046341
1 0.458333 0.496341 0.043333 0.036585
1 0.510000 0.535366 0.060000 0.041463
1 0.556667 0.497561 0.040000 0.043902
1 0.331667 0.453659 0.090000 0.043902
1 0.716667 0.425610 0.073333 0.051220
1 0.691667 0.354878 0.070000 0.051220
1 0.331667 0.387805 0.070000 0.039024
1 0.356667 0.379268 0.060000 0.046341
1 0.285000 0.348780 0.070000 0.048780
1 0.130000 0.301220 0.080000 0.051220
1 0.821667 0.203659 0.063333 0.046341
1 0.913333 0.189024 0.066667 0.051220
1 0.956667 0.135366 0.060000 0.051220
1 0.428333 0.300000 0.050000 0.034146
1 0.528333 0.197561 0.050000 0.048780
1 0.726667 0.162195 0.073333 0.051220
1 0.760000 0.051220 0.073333 0.048780
1 0.653333 0.093902 0.073333 0.041463
1 0.490000 0.265854 0.073333 0.048780
1 0.233333 0.284146 0.060000 0.041463
1 0.275000 0.297561 0.056667 0.039024
1 0.376667 0.262195 0.066667 0.051220
1 0.403333 0.191463 0.066667 0.041463
1 0.280000 0.245122 0.066667 0.051220
1 0.273333 0.204878 0.066667 0.043902
1 0.163333 0.210976 0.060000 0.051220
1 0.396667 0.119512 0.073333 0.043902
1 0.343333 0.091463 0.066667 0.046341
1 0.333333 0.054878 0.053333 0.041463
1 0.278333 0.091463 0.063333 0.051220
1 0.180000 0.131707 0.060000 0.039024
1 0.155000 0.100000 0.070000 0.048780
1 0.126667 0.135366 0.066667 0.036585
1 0.076667 0.141463 0.073333 0.043902
1 0.025000 0.128049 0.050000 0.046341
1 0.046667 0.036585 0.053333 0.039024