1 0.946667 0.407317 0.066667 0.058537
1 0.963333 0.665854 0.060000 0.063415
1 0.955000 0.868293 0.090000 0.048780
1 0.806667 0.902439 0.080000 0.043902
1 0.510000 0.926829 0.066667 0.053659
1 0.043333 0.895122 0.060000 0.043902
1 0.230000 0.858537 0.073333 0.039024
1 0.386667 0.748780 0.080000 0.043902
1 0.816667 0.729268 0.080000 0.048780
1 0.850000 0.641463 0.066667 0.048780
1 0.028333 0.782927 0.056667 0.043902
1 0.266667 0.812195 0.073333 0.053659
1 0.183333 0.785366 0.073333 0.043902
1 0.180000 0.804878 0.053333 0.034146
1 0.656667 0.721951 0.060000 0.048780
1 0.696667 0.712195 0.053333 0.048780
1 0.696667 0.646341 0.080000 0.043902
1 0.653333 0.568293 0.073333 0.048780
1 0.116667 0.724390 0.080000 0.053659
1 0.126667 0.629268 0.073333 0.058537
1 0.216667 0.556098 0.080000 0.039024
1 0.226667 0.575610 0.073333 0.034146
1 0.063333 0.541463 0.080000 0.048780
1 0.240000 0.475610 0.060000 0.043902
1 0.370000 0.387805 0.073333 0.048780
1 0.063333 0.443902 0.073333 0.048780
1 0.063333 0.380488 0.060000 0.043902
1 0.770000 0.253659 0.053333 0.039024
1 0.736667 0.282927 0.053333 0.039024
1 0.686667 0.302439 0.073333 0.043902
1 0.126667 0.326829 0.066667 0.048780
1 0.210000 0.314634 0.080000 0.043902
1 0.596667 0.287805 0.066667 0.048780
1 0.613333 0.224390 0.066667 0.048780
1 0.503333 0.258537 0.066667 0.048780
1 0.426667 0.270732 0.080000 0.053659
1 0.336667 0.265854 0.066667 0.053659
1 0.216667 0.236585 0.080000 0.048780
1 0.636667 0.036585 0.073333 0.043902
1 0.543333 0.019512 0.073333 0.039024
1 0.610000 0.082927 0.053333 0.048780
1 0.546667 0.080488 0.066667 0.043902
1 0.573333 0.104878 0.066667 0.039024
1 0.396667 0.070732 0.066667 0.043902
1 0.263333 0.036585 0.053333 0.043902
1 0.513333 0.148780 0.073333 0.039024
1 0.336667 0.095122 0.053333 0.053659
1 0.390000 0.141463 0.080000 0.048780
1 0.483333 0.200000 0.073333 0.048780
1 0.360000 0.180488 0.073333 0.048780
1 0.303333 0.153659 0.060000 0.053659
1 0.083333 0.204878 0.053333 0.048780
1 0.133333 0.148780 0.060000 0.048780
1 0.143333 0.109756 0.060000 0.043902
1 0.100000 0.109756 0.053333 0.048780
1 0.130000 0.058537 0.066667 0.048780
1 0.040000 0.026829 0.066667 0.043902
1 0.050000 0.068293 0.060000 0.043902
1 0.028333 0.160976 0.056667 0.048780
1 0.056667 0.187805 0.060000 0.043902