1 0.026667 0.046341 0.053333 0.048780
1 0.053333 0.020732 0.066667 0.041463
1 0.106667 0.029268 0.066667 0.048780
1 0.221667 0.074390 0.083333 0.051220
1 0.343333 0.046341 0.060000 0.048780
1 0.556667 0.018293 0.066667 0.036585
1 0.673333 0.057317 0.080000 0.051220
1 0.526667 0.076829 0.073333 0.051220
1 0.190000 0.131707 0.073333 0.048780
1 0.230000 0.134146 0.066667 0.048780
1 0.333333 0.091463 0.073333 0.046341
1 0.423333 0.112195 0.073333 0.048780
1 0.506667 0.132927 0.066667 0.051220
1 0.956667 0.176829 0.066667 0.046341
1 0.658333 0.209756 0.076667 0.058537
1 0.766667 0.221951 0.066667 0.048780
1 0.903333 0.274390 0.066667 0.060976
1 0.960000 0.269512 0.066667 0.065854
1 0.203333 0.174390 0.086667 0.051220
1 0.068333 0.247561 0.083333 0.056098
1 0.108333 0.252439 0.070000 0.051220
1 0.183333 0.217073 0.073333 0.053659
1 0.301667 0.198780 0.070000 0.056098
1 0.350000 0.208537 0.066667 0.056098
1 0.371667 0.180488 0.070000 0.043902
1 0.453333 0.234146 0.086667 0.053659
1 0.496667 0.271951 0.073333 0.046341
1 0.225000 0.318293 0.090000 0.051220
1 0.333333 0.328049 0.073333 0.051220
1 0.251667 0.343902 0.083333 0.048780
1 0.206667 0.380488 0.080000 0.048780
1 0.185000 0.434146 0.096667 0.048780
1 0.370000 0.421951 0.060000 0.048780
1 0.620000 0.357317 0.093333 0.051220
1 0.608333 0.428049 0.083333 0.051220
1 0.846667 0.509756 0.080000 0.053659
1 0.158333 0.518293 0.076667 0.046341
1 0.260000 0.508537 0.080000 0.046341
1 0.325000 0.487805 0.090000 0.048780
1 0.453333 0.515854 0.060000 0.046341
1 0.590000 0.542683 0.073333 0.046341
1 0.563333 0.517073 0.066667 0.048780
1 0.048333 0.559756 0.070000 0.056098
1 0.043333 0.624390 0.066667 0.048780
1 0.323333 0.614634 0.060000 0.043902
1 0.110000 0.685366 0.066667 0.053659
1 0.315000 0.642683 0.076667 0.051220
1 0.281667 0.723171 0.063333 0.046341
1 0.906667 0.665854 0.060000 0.048780
1 0.846667 0.700000 0.066667 0.063415
1 0.751667 0.704878 0.096667 0.053659
1 0.326667 0.858537 0.060000 0.048780
1 0.393333 0.854878 0.060000 0.051220
1 0.435000 0.839024 0.070000 0.058537
1 0.915000 0.859756 0.063333 0.051220
1 0.296667 0.981707 0.086667 0.036585
1 0.561667 0.970732 0.076667 0.048780
1 0.595000 0.963415 0.070000 0.048780