2 0.019531 0.140625 0.039062 0.060417
2 0.054688 0.186458 0.062500 0.052083
2 0.269531 0.072917 0.060937 0.062500
2 0.401562 0.060417 0.071875 0.062500
2 0.595313 0.054167 0.062500 0.083333
2 0.414062 0.369792 0.062500 0.072917
2 0.537500 0.390625 0.050000 0.097917
2 0.308594 0.267708 0.035937 0.056250
2 0.286719 0.314583 0.048438 0.070833
2 0.266406 0.365625 0.067187 0.072917
2 0.171094 0.554167 0.048438 0.083333
2 0.058594 0.618750 0.039062 0.083333
2 0.097656 0.627083 0.035937 0.062500
2 0.221094 0.647917 0.054688 0.079167
2 0.041406 0.734375 0.057813 0.068750
2 0.330469 0.900000 0.048438 0.041667
2 0.316406 0.737500 0.039062 0.037500
2 0.610156 0.671875 0.048438 0.077083
2 0.553125 0.621875 0.040625 0.068750
2 0.976562 0.711458 0.046875 0.064583
2 0.737500 0.933333 0.062500 0.058333
2 0.729688 0.531250 0.062500 0.037500
2 0.979688 0.264583 0.040625 0.062500
2 0.487500 0.706250 0.031250 0.041667
2 0.357812 0.576042 0.034375 0.035417