2 0.267969 0.097917 0.060937 0.079167
2 0.090625 0.239583 0.062500 0.083333
2 0.118750 0.741667 0.062500 0.079167
2 0.034375 0.833333 0.062500 0.070833
2 0.192188 0.622917 0.062500 0.066667
2 0.298438 0.526042 0.056250 0.081250
2 0.389062 0.465625 0.040625 0.077083
2 0.440625 0.562500 0.062500 0.054167
2 0.352344 0.726042 0.042188 0.081250
2 0.432031 0.718750 0.048438 0.083333
2 0.282031 0.877083 0.045312 0.083333
2 0.373437 0.782292 0.034375 0.056250
2 0.359375 0.884375 0.062500 0.064583
2 0.594531 0.793750 0.051562 0.100000
2 0.759375 0.867708 0.053125 0.060417
2 0.747656 0.744792 0.042188 0.064583
2 0.782031 0.532292 0.039062 0.081250
2 0.911719 0.531250 0.045312 0.066667
2 0.830469 0.483333 0.042188 0.091667
2 0.598437 0.466667 0.031250 0.041667
2 0.021094 0.612500 0.042188 0.041667
2 0.675000 0.018750 0.062500 0.037500
2 0.775781 0.026042 0.039062 0.052083