2 0.061719 0.128125 0.060937 0.072917
2 0.116406 0.127083 0.057813 0.075000
2 0.128125 0.238542 0.046875 0.081250
2 0.142187 0.280208 0.053125 0.064583
2 0.144531 0.371875 0.045312 0.056250
2 0.153125 0.451042 0.062500 0.064583
2 0.160938 0.720833 0.056250 0.075000
2 0.082812 0.968750 0.062500 0.062500
2 0.196875 0.931250 0.059375 0.070833
2 0.296875 0.812500 0.053125 0.058333
2 0.212500 0.692708 0.040625 0.072917
2 0.303125 0.711458 0.053125 0.077083
2 0.307031 0.656250 0.060937 0.062500
2 0.270313 0.543750 0.056250 0.058333
2 0.266406 0.503125 0.057813 0.064583
2 0.349219 0.437500 0.057813 0.054167
2 0.344531 0.480208 0.048438 0.064583
2 0.421875 0.573958 0.056250 0.081250
2 0.457031 0.725000 0.045312 0.070833
2 0.418750 0.862500 0.043750 0.083333
2 0.457813 0.940625 0.040625 0.068750
2 0.508594 0.970833 0.042188 0.058333
2 0.603125 0.798958 0.062500 0.056250
2 0.609375 0.835417 0.050000 0.058333
2 0.792188 0.960417 0.056250 0.066667
2 0.787500 0.771875 0.043750 0.052083
2 0.980469 0.852083 0.039062 0.075000
2 0.848437 0.629167 0.040625 0.050000
2 0.829688 0.552083 0.040625 0.079167
2 0.682031 0.631250 0.060937 0.070833
2 0.682031 0.558333 0.057813 0.062500
2 0.507812 0.520833 0.062500 0.062500
2 0.533594 0.401042 0.076563 0.060417
2 0.519531 0.347917 0.054688 0.070833
2 0.554688 0.356250 0.040625 0.083333
2 0.625781 0.389583 0.070312 0.083333
2 0.787500 0.212500 0.053125 0.083333
2 0.876563 0.193750 0.059375 0.066667
2 0.770312 0.043750 0.034375 0.062500
2 0.584375 0.029167 0.046875 0.058333