2 0.178125 0.134375 0.034375 0.052083
2 0.028906 0.430208 0.057813 0.064583
2 0.293750 0.233333 0.062500 0.054167
2 0.320312 0.289583 0.046875 0.083333
2 0.481250 0.266667 0.062500 0.083333
2 0.751563 0.079167 0.062500 0.083333
2 0.967969 0.047917 0.048438 0.058333
2 0.951562 0.212500 0.062500 0.083333
2 0.957812 0.412500 0.062500 0.083333
2 0.878125 0.483333 0.037500 0.083333
2 0.790625 0.514583 0.062500 0.083333
2 0.701562 0.368750 0.028125 0.050000
2 0.385156 0.519792 0.051562 0.056250
2 0.057813 0.618750 0.043750 0.083333
2 0.477344 0.683333 0.045312 0.083333
2 0.366406 0.573958 0.048438 0.072917
2 0.387500 0.909375 0.031250 0.056250
2 0.470313 0.972917 0.062500 0.054167
2 0.467187 0.911458 0.062500 0.039583
2 0.639062 0.938542 0.062500 0.056250
2 0.773438 0.934375 0.043750 0.077083
2 0.507031 0.567708 0.054688 0.047917
2 0.372656 0.712500 0.051562 0.045833
2 0.130469 0.881250 0.035937 0.037500
2 0.629687 0.688542 0.040625 0.043750
2 0.915625 0.873958 0.040625 0.052083
2 0.351562 0.350000 0.053125 0.041667
2 0.974219 0.781250 0.048438 0.050000
2 0.978125 0.844792 0.031250 0.077083
2 0.413281 0.246875 0.029687 0.035417