2 0.601562 0.038542 0.056250 0.077083
2 0.564844 0.107292 0.048438 0.081250
2 0.264062 0.114583 0.050000 0.041667
2 0.322656 0.114583 0.051562 0.083333
2 0.482812 0.356250 0.075000 0.070833
2 0.926562 0.226042 0.037500 0.077083
2 0.302344 0.341667 0.054688 0.083333
2 0.131250 0.326042 0.062500 0.047917
2 0.061719 0.410417 0.035937 0.079167
2 0.127344 0.472917 0.042188 0.083333
2 0.082812 0.517708 0.037500 0.081250
2 0.134375 0.645833 0.050000 0.070833
2 0.258594 0.514583 0.023438 0.058333
2 0.275000 0.400000 0.050000 0.075000
2 0.335938 0.196875 0.040625 0.072917
2 0.701562 0.459375 0.062500 0.056250
2 0.017188 0.841667 0.034375 0.083333
2 0.120313 0.831250 0.046875 0.083333
2 0.174219 0.943750 0.045312 0.083333
2 0.710938 0.609375 0.037500 0.068750
2 0.869531 0.812500 0.039062 0.083333
2 0.487500 0.850000 0.062500 0.062500