2 0.321875 0.056250 0.062500 0.083333
2 0.393750 0.155208 0.078125 0.064583
2 0.589063 0.056250 0.056250 0.075000
2 0.555469 0.181250 0.060937 0.083333
2 0.688281 0.155208 0.073438 0.060417
2 0.954688 0.219792 0.056250 0.056250
2 0.702344 0.090625 0.032813 0.043750
2 0.790625 0.439583 0.062500 0.054167
2 0.063281 0.145833 0.051562 0.054167
2 0.283594 0.329167 0.057813 0.083333
2 0.291406 0.464583 0.051562 0.075000
2 0.317188 0.472917 0.037500 0.050000
2 0.103125 0.383333 0.037500 0.083333
2 0.156250 0.460417 0.043750 0.083333
2 0.098437 0.503125 0.050000 0.077083
2 0.747656 0.650000 0.042188 0.075000
2 0.851562 0.826042 0.037500 0.081250
2 0.617969 0.819792 0.064062 0.047917
2 0.192188 0.937500 0.046875 0.075000
2 0.103125 0.855208 0.040625 0.081250
2 0.071875 0.871875 0.037500 0.060417
2 0.100000 0.689583 0.040625 0.066667