2 0.215625 0.125000 0.062500 0.050000
2 0.545312 0.062500 0.062500 0.079167
2 0.567187 0.218750 0.050000 0.095833
2 0.349219 0.206250 0.048438 0.079167
2 0.328125 0.298958 0.034375 0.056250
2 0.190625 0.367708 0.062500 0.056250
2 0.041406 0.470833 0.045312 0.083333
2 0.119531 0.516667 0.039062 0.083333
2 0.123438 0.575000 0.040625 0.083333
2 0.162500 0.656250 0.050000 0.066667
2 0.307812 0.566667 0.075000 0.066667
2 0.303125 0.400000 0.056250 0.066667
2 0.359375 0.389583 0.062500 0.070833
2 0.167969 0.827083 0.045312 0.091667
2 0.034375 0.855208 0.040625 0.064583
2 0.210156 0.983333 0.039062 0.033333
2 0.282813 0.609375 0.031250 0.056250
2 0.680469 0.552083 0.054688 0.050000
2 0.681250 0.625000 0.028125 0.054167
2 0.952344 0.813542 0.054688 0.060417
2 0.960156 0.265625 0.042188 0.081250