2 0.103125 0.056250 0.046875 0.083333
2 0.254688 0.058333 0.040625 0.070833
2 0.293750 0.218750 0.046875 0.083333
2 0.380469 0.250000 0.054688 0.083333
2 0.075781 0.520833 0.060937 0.083333
2 0.121094 0.625000 0.054688 0.083333
2 0.424219 0.510417 0.054688 0.083333
2 0.478906 0.245833 0.045312 0.083333
2 0.433594 0.265625 0.057813 0.052083
2 0.357031 0.456250 0.032813 0.083333
2 0.480469 0.700000 0.035937 0.083333
2 0.457813 0.702083 0.053125 0.054167
2 0.389062 0.877083 0.062500 0.054167
2 0.186719 0.831250 0.051562 0.054167
2 0.473438 0.941667 0.059375 0.083333
2 0.643750 0.912500 0.053125 0.066667
2 0.800781 0.962500 0.051562 0.075000
2 0.696875 0.646875 0.050000 0.064583
2 0.635156 0.391667 0.042188 0.050000
2 0.876563 0.404167 0.034375 0.083333
2 0.839063 0.451042 0.053125 0.043750
2 0.874219 0.251042 0.048438 0.068750
2 0.945312 0.152083 0.046875 0.083333
2 0.905469 0.369792 0.035937 0.060417
2 0.870313 0.539583 0.043750 0.083333