2 0.042969 0.180208 0.057813 0.056250
2 0.142969 0.122917 0.054688 0.066667
2 0.275000 0.134375 0.062500 0.064583
2 0.567187 0.057292 0.043750 0.072917
2 0.581250 0.111458 0.056250 0.056250
2 0.526563 0.334375 0.062500 0.056250
2 0.725000 0.357292 0.046875 0.068750
2 0.945312 0.352083 0.062500 0.083333
2 0.701562 0.412500 0.037500 0.079167
2 0.461719 0.471875 0.060937 0.072917
2 0.542188 0.493750 0.043750 0.083333
2 0.611719 0.455208 0.057813 0.043750
2 0.629687 0.496875 0.037500 0.052083
2 0.792969 0.644792 0.039062 0.064583
2 0.644531 0.846875 0.045312 0.072917
2 0.739062 0.783333 0.056250 0.079167
2 0.751563 0.950000 0.040625 0.058333
2 0.580469 0.870833 0.048438 0.075000
2 0.680469 0.907292 0.057813 0.056250
2 0.464062 0.694792 0.050000 0.060417
2 0.541406 0.681250 0.073438 0.079167
2 0.364063 0.919792 0.046875 0.077083
2 0.385937 0.629167 0.062500 0.075000
2 0.271875 0.677083 0.053125 0.070833
2 0.189062 0.694792 0.043750 0.077083
2 0.282031 0.709375 0.051562 0.056250
2 0.209375 0.617708 0.053125 0.064583
2 0.132812 0.794792 0.059375 0.060417
2 0.162500 0.833333 0.053125 0.066667
2 0.062500 0.550000 0.046875 0.075000