2 0.246875 0.122917 0.050000 0.083333
2 0.178906 0.135417 0.048438 0.075000
2 0.175000 0.410417 0.071875 0.100000
2 0.098437 0.431250 0.062500 0.079167
2 0.010156 0.595833 0.020313 0.083333
2 0.047656 0.710417 0.060937 0.083333
2 0.100000 0.552083 0.031250 0.075000
2 0.314063 0.575000 0.040625 0.062500
2 0.130469 0.954167 0.042188 0.083333
2 0.332813 0.883333 0.059375 0.070833
2 0.425000 0.340625 0.046875 0.072917
2 0.567187 0.262500 0.050000 0.083333
2 0.580469 0.391667 0.060937 0.083333
2 0.730469 0.533333 0.060937 0.066667
2 0.787500 0.532292 0.062500 0.068750
2 0.848437 0.582292 0.062500 0.064583
2 0.731250 0.747917 0.043750 0.050000
2 0.854688 0.918750 0.053125 0.079167
2 0.919531 0.821875 0.039062 0.068750
2 0.918750 0.316667 0.046875 0.070833
2 0.793750 0.288542 0.034375 0.064583
2 0.810156 0.147917 0.057813 0.083333
2 0.925000 0.127083 0.062500 0.058333
2 0.955469 0.138542 0.051562 0.047917
2 0.745313 0.035417 0.056250 0.070833