0 0.026562 0.777083 0.021875 0.033333
0 0.457813 0.764583 0.025000 0.033333
0 0.454688 0.810417 0.037500 0.041667
0 0.248438 0.785417 0.031250 0.045833
0 0.170313 0.781250 0.034375 0.041667
0 0.156250 0.733333 0.034375 0.037500
0 0.029687 0.729167 0.028125 0.041667
0 0.235937 0.697917 0.037500 0.041667
0 0.434375 0.670833 0.037500 0.041667
0 0.343750 0.675000 0.028125 0.045833
0 0.032813 0.600000 0.034375 0.033333
0 0.031250 0.616667 0.031250 0.029167
0 0.142187 0.622917 0.028125 0.045833
0 0.115625 0.662500 0.034375 0.045833
0 0.173437 0.675000 0.031250 0.045833
0 0.323437 0.654167 0.031250 0.041667
0 0.389062 0.581250 0.037500 0.037500
0 0.453125 0.512500 0.028125 0.045833
0 0.426563 0.518750 0.028125 0.045833
0 0.156250 0.452083 0.031250 0.033333
0 0.132812 0.512500 0.034375 0.033333
0 0.065625 0.516667 0.031250 0.037500
0 0.075000 0.466667 0.034375 0.041667
0 0.025000 0.472917 0.031250 0.033333
0 0.029687 0.441667 0.025000 0.041667
0 0.359375 0.466667 0.034375 0.041667
0 0.456250 0.287500 0.031250 0.050000
0 0.356250 0.297917 0.025000 0.041667
0 0.373437 0.233333 0.025000 0.033333
0 0.357812 0.270833 0.021875 0.029167
0 0.039062 0.327083 0.025000 0.041667
0 0.203125 0.325000 0.031250 0.041667
0 0.142187 0.295833 0.037500 0.041667
0 0.231250 0.281250 0.031250 0.045833
0 0.260937 0.233333 0.028125 0.041667
0 0.268750 0.231250 0.025000 0.041667
0 0.293750 0.222917 0.031250 0.041667
0 0.153125 0.254167 0.040625 0.045833
0 0.035937 0.256250 0.034375 0.045833
0 0.207813 0.212500 0.028125 0.045833
0 0.296875 0.154167 0.031250 0.050000
0 0.278125 0.112500 0.037500 0.041667
0 0.239063 0.139583 0.034375 0.037500
0 0.218750 0.150000 0.037500 0.037500
0 0.176563 0.181250 0.031250 0.033333
0 0.182812 0.206250 0.021875 0.041667
0 0.028125 0.189583 0.028125 0.037500
0 0.046875 0.210417 0.031250 0.041667
0 0.042188 0.158333 0.037500 0.037500
0 0.078125 0.156250 0.031250 0.037500
0 0.060937 0.131250 0.031250 0.033333
0 0.156250 0.120833 0.031250 0.041667
0 0.040625 0.102083 0.031250 0.041667
0 0.084375 0.100000 0.037500 0.037500
0 0.028125 0.066667 0.031250 0.037500
0 0.053125 0.052083 0.021875 0.041667
0 0.090625 0.054167 0.037500 0.037500
0 0.068750 0.031250 0.028125 0.033333
0 0.134375 0.047917 0.025000 0.033333
0 0.187500 0.093750 0.025000 0.041667
0 0.170313 0.047917 0.031250 0.041667
0 0.217188 0.077083 0.034375 0.041667
0 0.237500 0.062500 0.034375 0.037500
0 0.259375 0.029167 0.034375 0.029167
0 0.232813 0.022917 0.031250 0.025000