0 0.020313 0.843750 0.031250 0.041667
0 0.045312 0.853125 0.034375 0.047917
0 0.258594 0.855208 0.035937 0.039583
0 0.290625 0.841667 0.031250 0.041667
0 0.299219 0.817708 0.023438 0.039583
0 0.335156 0.787500 0.026562 0.037500
0 0.388281 0.850000 0.032813 0.050000
0 0.164844 0.794792 0.026562 0.039583
0 0.039844 0.769792 0.029687 0.047917
0 0.063281 0.759375 0.026562 0.043750
0 0.092969 0.720833 0.023438 0.041667
0 0.143750 0.702083 0.031250 0.041667
0 0.192188 0.658333 0.031250 0.041667
0 0.464062 0.600000 0.025000 0.033333
0 0.396094 0.532292 0.035937 0.043750
0 0.173437 0.610417 0.031250 0.041667
0 0.127344 0.584375 0.026562 0.035417
0 0.050000 0.579167 0.031250 0.041667
0 0.064062 0.562500 0.031250 0.041667
0 0.110937 0.539583 0.031250 0.041667
0 0.215625 0.537500 0.031250 0.041667
0 0.234375 0.529167 0.031250 0.041667
0 0.309375 0.476042 0.028125 0.035417
0 0.358594 0.454167 0.029687 0.041667
0 0.385156 0.548958 0.029687 0.039583
0 0.125000 0.470833 0.021875 0.041667
0 0.217188 0.466667 0.031250 0.041667
0 0.296875 0.441667 0.031250 0.041667
0 0.021875 0.362500 0.031250 0.041667
0 0.075781 0.422917 0.039062 0.045833
0 0.153125 0.437500 0.028125 0.041667
0 0.079687 0.361458 0.028125 0.039583
0 0.102344 0.376042 0.023438 0.039583
0 0.128125 0.394792 0.031250 0.039583
0 0.028125 0.287500 0.031250 0.041667
0 0.089063 0.307292 0.034375 0.039583
0 0.176563 0.323958 0.034375 0.039583
0 0.240625 0.312500 0.037500 0.041667
0 0.443750 0.287500 0.040625 0.041667
0 0.397656 0.264583 0.032813 0.041667
0 0.145313 0.270833 0.031250 0.041667
0 0.069531 0.190625 0.045312 0.047917
0 0.106250 0.216667 0.037500 0.033333
0 0.110937 0.244792 0.046875 0.035417
0 0.110156 0.271875 0.039062 0.035417
0 0.074219 0.139583 0.026562 0.041667
0 0.126562 0.142708 0.037500 0.043750
0 0.204687 0.156250 0.028125 0.041667
0 0.358594 0.186458 0.042188 0.043750
0 0.166406 0.102083 0.029687 0.041667
0 0.174219 0.077083 0.023438 0.029167
0 0.207031 0.081250 0.029687 0.041667
0 0.228125 0.075000 0.028125 0.041667
0 0.244531 0.115625 0.026562 0.035417
0 0.159375 0.028125 0.031250 0.035417
0 0.278125 0.046875 0.031250 0.031250
0 0.278125 0.066667 0.031250 0.033333
0 0.307812 0.041667 0.031250 0.037500
0 0.296875 0.118750 0.031250 0.041667
0 0.279687 0.143750 0.031250 0.041667
0 0.278125 0.170833 0.031250 0.041667
0 0.307812 0.168750 0.031250 0.045833
0 0.391406 0.120833 0.035937 0.037500
0 0.437500 0.153125 0.034375 0.043750
0 0.442188 0.047917 0.031250 0.041667