0 0.025781 0.056250 0.029687 0.041667
0 0.055469 0.035417 0.029687 0.037500
0 0.109375 0.089583 0.040625 0.045833
0 0.029687 0.175000 0.034375 0.045833
0 0.097656 0.137500 0.035937 0.045833
0 0.178125 0.065625 0.028125 0.039583
0 0.176563 0.102083 0.034375 0.041667
0 0.132031 0.161458 0.035937 0.043750
0 0.348438 0.077083 0.037500 0.045833
0 0.285156 0.096875 0.039062 0.043750
0 0.210938 0.126042 0.037500 0.043750
0 0.259375 0.158333 0.031250 0.050000
0 0.060937 0.247917 0.040625 0.045833
0 0.078906 0.228125 0.035937 0.043750
0 0.111719 0.230208 0.035937 0.047917
0 0.158594 0.202083 0.035937 0.045833
0 0.182031 0.214583 0.032813 0.054167
0 0.196875 0.181250 0.034375 0.041667
0 0.336719 0.184375 0.035937 0.043750
0 0.389844 0.210417 0.032813 0.041667
0 0.467187 0.177083 0.031250 0.041667
0 0.469531 0.211458 0.032813 0.043750
0 0.446875 0.230208 0.034375 0.052083
0 0.234375 0.226042 0.037500 0.047917
0 0.237500 0.266667 0.031250 0.041667
0 0.164844 0.298958 0.032813 0.043750
0 0.131250 0.305208 0.040625 0.043750
0 0.149219 0.330208 0.039062 0.043750
0 0.132812 0.370833 0.037500 0.041667
0 0.126562 0.398958 0.040625 0.039583
0 0.023438 0.414583 0.031250 0.041667
0 0.185938 0.370833 0.031250 0.041667
0 0.320312 0.338542 0.043750 0.047917
0 0.321875 0.391667 0.040625 0.045833
0 0.425000 0.451042 0.037500 0.043750
0 0.282813 0.458333 0.031250 0.041667
0 0.274219 0.485417 0.032813 0.041667
0 0.237500 0.462500 0.031250 0.041667
0 0.178906 0.451042 0.042188 0.047917
0 0.143750 0.462500 0.034375 0.041667
0 0.109375 0.488542 0.043750 0.043750
0 0.040625 0.518750 0.034375 0.050000
0 0.034375 0.562500 0.031250 0.041667
0 0.167187 0.545833 0.031250 0.041667
0 0.178125 0.589583 0.037500 0.045833
0 0.073438 0.633333 0.034375 0.054167
0 0.151562 0.648958 0.028125 0.039583
0 0.448437 0.618750 0.031250 0.041667
0 0.382031 0.623958 0.039062 0.043750
0 0.418750 0.642708 0.031250 0.047917
0 0.446875 0.759375 0.034375 0.043750
0 0.194531 0.729167 0.026562 0.041667
0 0.217188 0.743750 0.034375 0.050000
0 0.284375 0.863542 0.043750 0.043750
0 0.175000 0.766667 0.031250 0.041667
0 0.028125 0.866667 0.031250 0.041667