0 0.256250 0.862500 0.028125 0.041667
0 0.128125 0.852083 0.034375 0.041667
0 0.100000 0.827083 0.031250 0.041667
0 0.062500 0.839583 0.031250 0.045833
0 0.032813 0.827083 0.034375 0.041667
0 0.106250 0.758333 0.031250 0.050000
0 0.306250 0.643750 0.034375 0.041667
0 0.314063 0.622917 0.028125 0.037500
0 0.310937 0.556250 0.034375 0.045833
0 0.182812 0.570833 0.034375 0.045833
0 0.020313 0.618750 0.025000 0.033333
0 0.026562 0.587500 0.025000 0.033333
0 0.021875 0.495833 0.031250 0.037500
0 0.104688 0.491667 0.034375 0.045833
0 0.176563 0.450000 0.034375 0.045833
0 0.200000 0.450000 0.028125 0.041667
0 0.223438 0.472917 0.034375 0.041667
0 0.273438 0.441667 0.031250 0.045833
0 0.462500 0.329167 0.034375 0.045833
0 0.292187 0.393750 0.028125 0.041667
0 0.317188 0.379167 0.034375 0.037500
0 0.367188 0.368750 0.034375 0.045833
0 0.362500 0.327083 0.034375 0.050000
0 0.437500 0.189583 0.031250 0.041667
0 0.050000 0.433333 0.031250 0.041667
0 0.096875 0.404167 0.031250 0.041667
0 0.084375 0.375000 0.028125 0.037500
0 0.117188 0.362500 0.034375 0.045833
0 0.146875 0.377083 0.034375 0.050000
0 0.210938 0.383333 0.034375 0.041667
0 0.207813 0.362500 0.034375 0.045833
0 0.271875 0.287500 0.031250 0.037500
0 0.268750 0.258333 0.034375 0.037500
0 0.271875 0.225000 0.037500 0.037500
0 0.170313 0.254167 0.034375 0.045833
0 0.184375 0.268750 0.034375 0.037500
0 0.034375 0.331250 0.034375 0.041667
0 0.353125 0.104167 0.031250 0.037500
0 0.321875 0.116667 0.031250 0.041667
0 0.292187 0.127083 0.031250 0.050000
0 0.173437 0.160417 0.028125 0.037500
0 0.148438 0.162500 0.025000 0.041667
0 0.018750 0.268750 0.028125 0.041667
0 0.043750 0.264583 0.031250 0.041667
0 0.076563 0.250000 0.037500 0.041667
0 0.082812 0.212500 0.040625 0.037500
0 0.060937 0.197917 0.037500 0.041667
0 0.100000 0.147917 0.031250 0.037500
0 0.117188 0.093750 0.037500 0.037500
0 0.100000 0.112500 0.031250 0.045833
0 0.045312 0.118750 0.028125 0.037500
0 0.065625 0.100000 0.037500 0.041667
0 0.018750 0.062500 0.025000 0.045833
0 0.081250 0.035417 0.031250 0.037500
0 0.171875 0.031250 0.031250 0.037500