0 0.456250 0.766667 0.025000 0.033333
0 0.467187 0.812500 0.037500 0.037500
0 0.028125 0.775000 0.025000 0.037500
0 0.031250 0.741667 0.028125 0.037500
0 0.245312 0.775000 0.031250 0.045833
0 0.182812 0.797917 0.034375 0.037500
0 0.450000 0.668750 0.037500 0.041667
0 0.343750 0.687500 0.028125 0.045833
0 0.168750 0.731250 0.034375 0.041667
0 0.243750 0.714583 0.037500 0.041667
0 0.025000 0.602083 0.034375 0.033333
0 0.028125 0.627083 0.025000 0.037500
0 0.115625 0.647917 0.031250 0.045833
0 0.151562 0.585417 0.028125 0.045833
0 0.182812 0.662500 0.028125 0.045833
0 0.320312 0.656250 0.031250 0.041667
0 0.406250 0.579167 0.034375 0.037500
0 0.450000 0.493750 0.028125 0.050000
0 0.425000 0.491667 0.025000 0.045833
0 0.364063 0.458333 0.034375 0.045833
0 0.029687 0.458333 0.025000 0.041667
0 0.059375 0.445833 0.037500 0.041667
0 0.164062 0.466667 0.028125 0.033333
0 0.142187 0.514583 0.037500 0.041667
0 0.070312 0.520833 0.031250 0.041667
0 0.457813 0.256250 0.031250 0.045833
0 0.039062 0.318750 0.028125 0.037500
0 0.376563 0.233333 0.025000 0.037500
0 0.359375 0.266667 0.025000 0.033333
0 0.364063 0.312500 0.028125 0.045833
0 0.150000 0.302083 0.037500 0.045833
0 0.207813 0.312500 0.028125 0.041667
0 0.232813 0.304167 0.031250 0.045833
0 0.273438 0.245833 0.021875 0.041667
0 0.290625 0.208333 0.031250 0.041667
0 0.264062 0.227083 0.028125 0.037500
0 0.157812 0.250000 0.034375 0.045833
0 0.210938 0.227083 0.028125 0.050000
0 0.293750 0.131250 0.028125 0.050000
0 0.168750 0.189583 0.025000 0.041667
0 0.179688 0.200000 0.021875 0.041667
0 0.025000 0.243750 0.031250 0.033333
0 0.021875 0.210417 0.031250 0.033333
0 0.020313 0.185417 0.028125 0.029167
0 0.042188 0.218750 0.031250 0.041667
0 0.046875 0.168750 0.034375 0.041667
0 0.057813 0.135417 0.031250 0.033333
0 0.076563 0.156250 0.034375 0.037500
0 0.278125 0.110417 0.037500 0.037500
0 0.225000 0.127083 0.028125 0.033333
0 0.223438 0.152083 0.031250 0.041667
0 0.228125 0.079167 0.034375 0.033333
0 0.225000 0.050000 0.034375 0.029167
0 0.189062 0.091667 0.028125 0.037500
0 0.150000 0.106250 0.031250 0.045833
0 0.134375 0.045833 0.025000 0.041667
0 0.098437 0.093750 0.034375 0.041667
0 0.110937 0.058333 0.037500 0.041667
0 0.062500 0.047917 0.034375 0.037500
0 0.029687 0.089583 0.031250 0.033333
0 0.021875 0.060417 0.031250 0.037500