0 0.252344 0.858333 0.032813 0.033333
0 0.434375 0.760417 0.031250 0.041667
0 0.177344 0.783333 0.029687 0.041667
0 0.017969 0.847917 0.023438 0.033333
0 0.211719 0.738542 0.029687 0.043750
0 0.431250 0.687500 0.028125 0.045833
0 0.078906 0.666667 0.029687 0.045833
0 0.178125 0.705208 0.021875 0.031250
0 0.153906 0.651042 0.020313 0.035417
0 0.395313 0.606250 0.028125 0.045833
0 0.200000 0.606250 0.034375 0.037500
0 0.039844 0.531250 0.026562 0.041667
0 0.023438 0.564583 0.028125 0.041667
0 0.128125 0.502083 0.031250 0.033333
0 0.037500 0.441667 0.031250 0.037500
0 0.159375 0.529167 0.021875 0.029167
0 0.442188 0.439583 0.034375 0.041667
0 0.147656 0.457292 0.023438 0.031250
0 0.201563 0.465625 0.037500 0.039583
0 0.232031 0.446875 0.020313 0.031250
0 0.256250 0.480208 0.028125 0.035417
0 0.278125 0.447917 0.018750 0.037500
0 0.172656 0.410417 0.042188 0.037500
0 0.353125 0.386458 0.034375 0.043750
0 0.341406 0.326042 0.032813 0.043750
0 0.172656 0.354167 0.032813 0.033333
0 0.184375 0.346875 0.028125 0.039583
0 0.150781 0.320833 0.032813 0.041667
0 0.078125 0.280208 0.037500 0.043750
0 0.402344 0.196875 0.029687 0.039583
0 0.445312 0.184375 0.031250 0.043750
0 0.465625 0.138542 0.028125 0.043750
0 0.217969 0.279167 0.023438 0.029167
0 0.264844 0.191667 0.023438 0.041667
0 0.357812 0.161458 0.034375 0.043750
0 0.373437 0.066667 0.034375 0.041667
0 0.323437 0.103125 0.034375 0.035417
0 0.246875 0.250000 0.034375 0.041667
0 0.126562 0.265625 0.028125 0.035417
0 0.146094 0.277083 0.026562 0.033333
0 0.193750 0.246875 0.031250 0.043750
0 0.206250 0.186458 0.031250 0.035417
0 0.148438 0.232292 0.031250 0.043750
0 0.145313 0.197917 0.031250 0.037500
0 0.093750 0.203125 0.028125 0.043750
0 0.203125 0.125000 0.034375 0.037500
0 0.178125 0.101042 0.031250 0.039583
0 0.173437 0.069792 0.025000 0.035417
0 0.147656 0.101042 0.029687 0.043750
0 0.101562 0.135417 0.028125 0.033333
0 0.089844 0.108333 0.032813 0.041667
0 0.076563 0.138542 0.031250 0.031250
0 0.053125 0.143750 0.034375 0.037500
0 0.025000 0.132292 0.031250 0.039583
0 0.039062 0.054167 0.025000 0.033333