0 0.035937 0.770833 0.025000 0.037500
0 0.020313 0.770833 0.015625 0.029167
0 0.200000 0.833333 0.031250 0.033333
0 0.243750 0.764583 0.031250 0.041667
0 0.259375 0.741667 0.037500 0.037500
0 0.351562 0.714583 0.031250 0.045833
0 0.460938 0.768750 0.028125 0.041667
0 0.471875 0.643750 0.031250 0.045833
0 0.309375 0.664583 0.031250 0.041667
0 0.190625 0.704167 0.031250 0.045833
0 0.206250 0.627083 0.031250 0.050000
0 0.121875 0.629167 0.031250 0.041667
0 0.168750 0.512500 0.034375 0.033333
0 0.168750 0.497917 0.028125 0.041667
0 0.078125 0.535417 0.034375 0.041667
0 0.026562 0.479167 0.021875 0.041667
0 0.442188 0.560417 0.034375 0.041667
0 0.039062 0.414583 0.037500 0.041667
0 0.421875 0.452083 0.025000 0.045833
0 0.453125 0.458333 0.031250 0.054167
0 0.379688 0.435417 0.034375 0.045833
0 0.373437 0.337500 0.031250 0.054167
0 0.240625 0.341667 0.034375 0.045833
0 0.034375 0.304167 0.025000 0.033333
0 0.162500 0.314583 0.034375 0.041667
0 0.470313 0.131250 0.025000 0.033333
0 0.460938 0.187500 0.028125 0.054167
0 0.390625 0.233333 0.031250 0.041667
0 0.360938 0.268750 0.028125 0.037500
0 0.284375 0.275000 0.028125 0.045833
0 0.223438 0.275000 0.031250 0.041667
0 0.210938 0.247917 0.025000 0.041667
0 0.285938 0.222917 0.037500 0.041667
0 0.300000 0.164583 0.031250 0.045833
0 0.021875 0.220833 0.031250 0.041667
0 0.051562 0.235417 0.037500 0.037500
0 0.062500 0.202083 0.037500 0.041667
0 0.071875 0.170833 0.034375 0.037500
0 0.048438 0.129167 0.031250 0.037500
0 0.157812 0.218750 0.028125 0.041667
0 0.168750 0.185417 0.028125 0.037500
0 0.184375 0.179167 0.025000 0.041667
0 0.237500 0.166667 0.031250 0.045833
0 0.278125 0.079167 0.021875 0.041667
0 0.265625 0.118750 0.031250 0.041667
0 0.260937 0.083333 0.031250 0.029167
0 0.237500 0.106250 0.025000 0.041667
0 0.217188 0.108333 0.034375 0.041667
0 0.189062 0.093750 0.025000 0.033333
0 0.126562 0.085417 0.031250 0.037500
0 0.067187 0.052083 0.031250 0.041667
0 0.143750 0.060417 0.031250 0.033333
0 0.146875 0.033333 0.031250 0.029167
0 0.201563 0.029167 0.031250 0.025000