0 0.106250 0.852083 0.031250 0.041667
0 0.198437 0.845833 0.031250 0.041667
0 0.448437 0.784375 0.028125 0.047917
0 0.426563 0.779167 0.028125 0.041667
0 0.150000 0.804167 0.034375 0.041667
0 0.100000 0.752083 0.034375 0.045833
0 0.203906 0.718750 0.026562 0.041667
0 0.159375 0.691667 0.018750 0.033333
0 0.171875 0.639583 0.018750 0.029167
0 0.243750 0.639583 0.034375 0.041667
0 0.414062 0.495833 0.031250 0.045833
0 0.467187 0.437500 0.034375 0.041667
0 0.039062 0.606250 0.031250 0.041667
0 0.046875 0.595833 0.025000 0.041667
0 0.062500 0.522917 0.021875 0.041667
0 0.183594 0.523958 0.026562 0.035417
0 0.259375 0.541667 0.034375 0.041667
0 0.264844 0.488542 0.032813 0.043750
0 0.229687 0.471875 0.031250 0.043750
0 0.271875 0.441667 0.031250 0.037500
0 0.032813 0.366667 0.031250 0.041667
0 0.081250 0.336458 0.028125 0.039583
0 0.111719 0.366667 0.029687 0.041667
0 0.210938 0.430208 0.028125 0.035417
0 0.237500 0.405208 0.031250 0.043750
0 0.216406 0.377083 0.032813 0.041667
0 0.175781 0.359375 0.032813 0.043750
0 0.150000 0.347917 0.025000 0.041667
0 0.145313 0.311458 0.031250 0.047917
0 0.299219 0.331250 0.032813 0.045833
0 0.228125 0.327083 0.034375 0.045833
0 0.175781 0.298958 0.032813 0.043750
0 0.126562 0.267708 0.031250 0.043750
0 0.123438 0.237500 0.031250 0.041667
0 0.378906 0.293750 0.032813 0.041667
0 0.364844 0.275000 0.032813 0.041667
0 0.287500 0.269792 0.028125 0.039583
0 0.428125 0.175000 0.031250 0.041667
0 0.218750 0.195833 0.031250 0.037500
0 0.387500 0.108333 0.034375 0.041667
0 0.442188 0.087500 0.031250 0.041667
0 0.100000 0.166667 0.031250 0.033333
0 0.111719 0.158333 0.026562 0.041667
0 0.210938 0.144792 0.031250 0.031250
0 0.192969 0.127083 0.029687 0.041667
0 0.039844 0.137500 0.032813 0.041667
0 0.100000 0.122917 0.037500 0.041667
0 0.045312 0.103125 0.031250 0.035417
0 0.172656 0.083333 0.023438 0.033333
0 0.153906 0.034375 0.026562 0.031250
0 0.123438 0.034375 0.031250 0.035417