0 0.135937 0.031250 0.031250 0.041667
0 0.071875 0.133333 0.031250 0.041667
0 0.107813 0.152083 0.031250 0.041667
0 0.097656 0.200000 0.035937 0.045833
0 0.113281 0.225000 0.029687 0.037500
0 0.125000 0.270833 0.037500 0.050000
0 0.067187 0.260417 0.031250 0.041667
0 0.042188 0.308333 0.031250 0.041667
0 0.021875 0.345833 0.031250 0.041667
0 0.070312 0.333333 0.031250 0.041667
0 0.100781 0.404167 0.042188 0.050000
0 0.162500 0.241667 0.031250 0.041667
0 0.159375 0.095833 0.031250 0.041667
0 0.167187 0.073958 0.021875 0.031250
0 0.185938 0.289583 0.031250 0.041667
0 0.207813 0.095833 0.018750 0.041667
0 0.237500 0.095833 0.031250 0.041667
0 0.264062 0.052083 0.031250 0.041667
0 0.270313 0.097917 0.031250 0.041667
0 0.301563 0.058333 0.031250 0.041667
0 0.251563 0.139583 0.021875 0.041667
0 0.229687 0.183333 0.031250 0.041667
0 0.284375 0.195833 0.031250 0.041667
0 0.317188 0.141667 0.034375 0.045833
0 0.337500 0.188542 0.037500 0.047917
0 0.384375 0.122917 0.031250 0.041667
0 0.448437 0.075000 0.031250 0.041667
0 0.473438 0.095833 0.028125 0.041667
0 0.437500 0.150000 0.031250 0.041667
0 0.451562 0.189583 0.031250 0.041667
0 0.407813 0.242708 0.025000 0.035417
0 0.466406 0.298958 0.032813 0.039583
0 0.273438 0.304167 0.031250 0.037500
0 0.353906 0.400000 0.020313 0.041667
0 0.135937 0.462500 0.028125 0.037500
0 0.208594 0.465625 0.029687 0.039583
0 0.318750 0.420833 0.031250 0.041667
0 0.310937 0.460417 0.025000 0.037500
0 0.234375 0.477083 0.031250 0.041667
0 0.131250 0.502083 0.031250 0.041667
0 0.250000 0.572917 0.031250 0.045833
0 0.048438 0.585417 0.031250 0.041667
0 0.029687 0.609375 0.021875 0.043750
0 0.064844 0.611458 0.029687 0.039583
0 0.085938 0.597917 0.031250 0.041667
0 0.167187 0.583333 0.031250 0.041667
0 0.192188 0.585417 0.025000 0.041667
0 0.133594 0.612500 0.026562 0.033333
0 0.394531 0.557292 0.026562 0.031250
0 0.425781 0.571875 0.032813 0.043750
0 0.465625 0.645833 0.031250 0.041667
0 0.029687 0.640625 0.025000 0.035417
0 0.040625 0.743750 0.031250 0.041667
0 0.068750 0.772917 0.028125 0.041667
0 0.099219 0.737500 0.023438 0.041667
0 0.150000 0.725000 0.028125 0.041667
0 0.150000 0.773958 0.028125 0.039583
0 0.329688 0.771875 0.028125 0.039583
0 0.281250 0.814583 0.031250 0.041667
0 0.267188 0.841667 0.031250 0.041667
0 0.304688 0.852083 0.031250 0.041667