0 0.256250 0.837500 0.034375 0.045833
0 0.375000 0.810417 0.034375 0.045833
0 0.432812 0.741667 0.040625 0.045833
0 0.478125 0.650000 0.034375 0.050000
0 0.465625 0.772917 0.025000 0.041667
0 0.018750 0.818750 0.025000 0.037500
0 0.040625 0.831250 0.028125 0.033333
0 0.040625 0.795833 0.028125 0.037500
0 0.076563 0.756250 0.025000 0.037500
0 0.125000 0.785417 0.034375 0.045833
0 0.393750 0.572917 0.034375 0.037500
0 0.384375 0.616667 0.037500 0.045833
0 0.456250 0.410417 0.034375 0.045833
0 0.342187 0.610417 0.031250 0.050000
0 0.320312 0.627083 0.031250 0.045833
0 0.309375 0.572917 0.043750 0.041667
0 0.300000 0.525000 0.037500 0.045833
0 0.131250 0.731250 0.034375 0.041667
0 0.107813 0.733333 0.028125 0.045833
0 0.089063 0.685417 0.034375 0.037500
0 0.079687 0.660417 0.028125 0.045833
0 0.025000 0.681250 0.034375 0.037500
0 0.164062 0.631250 0.034375 0.041667
0 0.078125 0.600000 0.031250 0.050000
0 0.078125 0.489583 0.037500 0.037500
0 0.123438 0.510417 0.040625 0.033333
0 0.131250 0.491667 0.028125 0.037500
0 0.392188 0.254167 0.028125 0.037500
0 0.368750 0.283333 0.028125 0.041667
0 0.335938 0.281250 0.037500 0.037500
0 0.293750 0.318750 0.028125 0.045833
0 0.185938 0.366667 0.034375 0.045833
0 0.115625 0.416667 0.031250 0.037500
0 0.020313 0.370833 0.021875 0.041667
0 0.048438 0.358333 0.021875 0.037500
0 0.062500 0.383333 0.028125 0.041667
0 0.103125 0.358333 0.034375 0.045833
0 0.103125 0.312500 0.034375 0.045833
0 0.153125 0.281250 0.034375 0.045833
0 0.193750 0.250000 0.040625 0.045833
0 0.243750 0.252083 0.025000 0.037500
0 0.295312 0.247917 0.034375 0.045833
0 0.029687 0.254167 0.028125 0.037500
0 0.409375 0.056250 0.034375 0.045833
0 0.356250 0.095833 0.034375 0.045833
0 0.317188 0.068750 0.031250 0.037500
0 0.284375 0.039583 0.034375 0.037500
0 0.298438 0.125000 0.034375 0.045833
0 0.275000 0.162500 0.034375 0.037500
0 0.232813 0.179167 0.034375 0.041667
0 0.210938 0.097917 0.034375 0.041667
0 0.195312 0.141667 0.034375 0.045833
0 0.176563 0.179167 0.034375 0.037500
0 0.159375 0.164583 0.028125 0.033333
0 0.179688 0.083333 0.025000 0.037500
0 0.170313 0.112500 0.034375 0.037500
0 0.146875 0.062500 0.021875 0.033333
0 0.110937 0.208333 0.037500 0.045833
0 0.067187 0.193750 0.034375 0.041667
0 0.048438 0.172917 0.025000 0.041667
0 0.048438 0.079167 0.028125 0.041667
0 0.085938 0.083333 0.028125 0.037500
0 0.100000 0.106250 0.031250 0.037500
0 0.076563 0.104167 0.028125 0.037500
0 0.054688 0.110417 0.028125 0.041667
0 0.064062 0.141667 0.028125 0.041667