0 0.024219 0.822917 0.029687 0.041667
0 0.032813 0.787500 0.031250 0.041667
0 0.055469 0.814583 0.029687 0.045833
0 0.058594 0.747917 0.026562 0.041667
0 0.089844 0.694792 0.026562 0.039583
0 0.125000 0.673958 0.031250 0.039583
0 0.078125 0.868750 0.031250 0.041667
0 0.182812 0.822917 0.031250 0.037500
0 0.184375 0.727083 0.031250 0.041667
0 0.230469 0.862500 0.042188 0.041667
0 0.298438 0.768750 0.031250 0.041667
0 0.295312 0.868750 0.031250 0.041667
0 0.346875 0.795833 0.031250 0.041667
0 0.367188 0.789583 0.031250 0.050000
0 0.181250 0.627083 0.031250 0.041667
0 0.198437 0.577083 0.025000 0.041667
0 0.472656 0.596875 0.026562 0.035417
0 0.029687 0.546875 0.028125 0.035417
0 0.035937 0.518750 0.031250 0.041667
0 0.051562 0.580208 0.031250 0.035417
0 0.074219 0.551042 0.035937 0.035417
0 0.114844 0.543750 0.032813 0.037500
0 0.023438 0.395833 0.031250 0.041667
0 0.054688 0.427083 0.034375 0.041667
0 0.384375 0.498958 0.034375 0.039583
0 0.365625 0.533333 0.031250 0.041667
0 0.349219 0.510417 0.032813 0.041667
0 0.303906 0.516667 0.026562 0.041667
0 0.223438 0.504167 0.031250 0.041667
0 0.220312 0.464583 0.031250 0.041667
0 0.284375 0.443750 0.037500 0.041667
0 0.118750 0.429167 0.025000 0.041667
0 0.161719 0.400000 0.020313 0.041667
0 0.151562 0.397917 0.021875 0.033333
0 0.098437 0.381250 0.031250 0.037500
0 0.115625 0.354167 0.037500 0.045833
0 0.424219 0.305208 0.035937 0.043750
0 0.378125 0.290625 0.034375 0.043750
0 0.135937 0.293750 0.031250 0.041667
0 0.154688 0.335417 0.034375 0.041667
0 0.198437 0.325000 0.037500 0.041667
0 0.038281 0.272917 0.035937 0.041667
0 0.065625 0.263542 0.034375 0.035417
0 0.076563 0.232292 0.040625 0.035417
0 0.088281 0.208333 0.032813 0.041667
0 0.034375 0.172917 0.037500 0.041667
0 0.050000 0.131250 0.031250 0.037500
0 0.084375 0.114583 0.031250 0.041667
0 0.134375 0.116667 0.034375 0.041667
0 0.192188 0.152083 0.031250 0.041667
0 0.171875 0.114583 0.025000 0.054167
0 0.175000 0.081250 0.018750 0.029167
0 0.181250 0.025000 0.031250 0.033333
0 0.193750 0.052083 0.031250 0.037500
0 0.215625 0.037500 0.031250 0.041667
0 0.230469 0.104167 0.039062 0.041667
0 0.267188 0.168750 0.028125 0.041667
0 0.282031 0.172917 0.023438 0.041667
0 0.303906 0.193750 0.035937 0.037500
0 0.300000 0.147917 0.025000 0.041667
0 0.292969 0.064583 0.026562 0.037500
0 0.307812 0.044792 0.028125 0.047917
0 0.357031 0.189583 0.032813 0.041667
0 0.389062 0.132292 0.025000 0.035417
0 0.437500 0.158333 0.031250 0.041667