0 0.051562 0.812500 0.037500 0.041667
0 0.085938 0.816667 0.031250 0.050000
0 0.161719 0.816667 0.026562 0.041667
0 0.182812 0.846875 0.025000 0.035417
0 0.200781 0.864583 0.035937 0.041667
0 0.364063 0.807292 0.031250 0.039583
0 0.060937 0.745833 0.031250 0.041667
0 0.054688 0.712500 0.025000 0.041667
0 0.336719 0.689583 0.029687 0.050000
0 0.271094 0.677083 0.026562 0.041667
0 0.114844 0.662500 0.029687 0.033333
0 0.189844 0.618750 0.026562 0.037500
0 0.187500 0.652083 0.028125 0.037500
0 0.090625 0.619792 0.031250 0.039583
0 0.048438 0.585417 0.028125 0.037500
0 0.292187 0.581250 0.028125 0.041667
0 0.308594 0.547917 0.035937 0.041667
0 0.326562 0.506250 0.031250 0.041667
0 0.057813 0.477083 0.034375 0.045833
0 0.094531 0.483333 0.032813 0.041667
0 0.359375 0.438542 0.034375 0.043750
0 0.405469 0.364583 0.032813 0.041667
0 0.256250 0.429167 0.025000 0.041667
0 0.235937 0.458333 0.031250 0.041667
0 0.205469 0.451042 0.032813 0.043750
0 0.113281 0.393750 0.032813 0.037500
0 0.127344 0.410417 0.026562 0.033333
0 0.104688 0.364583 0.025000 0.041667
0 0.132812 0.380208 0.031250 0.035417
0 0.134375 0.345833 0.034375 0.041667
0 0.129688 0.291667 0.031250 0.041667
0 0.186719 0.358333 0.029687 0.037500
0 0.182812 0.416667 0.031250 0.033333
0 0.327344 0.313542 0.035937 0.043750
0 0.445312 0.112500 0.025000 0.037500
0 0.403125 0.114583 0.034375 0.041667
0 0.434375 0.155208 0.028125 0.039583
0 0.390625 0.162500 0.028125 0.041667
0 0.357812 0.183333 0.028125 0.041667
0 0.266406 0.247917 0.029687 0.041667
0 0.284375 0.239583 0.031250 0.041667
0 0.276562 0.193750 0.034375 0.041667
0 0.250781 0.160417 0.035937 0.037500
0 0.176563 0.184375 0.034375 0.043750
0 0.067187 0.262500 0.031250 0.041667
0 0.045312 0.262500 0.031250 0.037500
0 0.042969 0.206250 0.035937 0.041667
0 0.064844 0.161458 0.032813 0.043750
0 0.084375 0.171875 0.028125 0.043750
0 0.089063 0.066667 0.031250 0.041667
0 0.142969 0.087500 0.032813 0.045833
0 0.315625 0.058333 0.031250 0.041667
0 0.203125 0.034375 0.028125 0.035417
0 0.195312 0.122917 0.034375 0.045833
0 0.164844 0.133333 0.026562 0.037500
0 0.176563 0.110417 0.031250 0.041667