0 0.468750 0.766667 0.025000 0.033333
0 0.254688 0.858333 0.028125 0.033333
0 0.117188 0.847917 0.028125 0.033333
0 0.101562 0.810417 0.028125 0.041667
0 0.075000 0.818750 0.034375 0.045833
0 0.018750 0.825000 0.021875 0.033333
0 0.035937 0.818750 0.021875 0.033333
0 0.032813 0.804167 0.025000 0.045833
0 0.025000 0.720833 0.028125 0.045833
0 0.098437 0.737500 0.025000 0.054167
0 0.323437 0.647917 0.037500 0.037500
0 0.309375 0.625000 0.031250 0.041667
0 0.328125 0.570833 0.040625 0.045833
0 0.196875 0.562500 0.034375 0.045833
0 0.018750 0.618750 0.025000 0.033333
0 0.025000 0.587500 0.028125 0.037500
0 0.028125 0.493750 0.034375 0.041667
0 0.112500 0.506250 0.034375 0.041667
0 0.382812 0.389583 0.034375 0.045833
0 0.364063 0.300000 0.031250 0.045833
0 0.329688 0.383333 0.034375 0.037500
0 0.306250 0.416667 0.031250 0.041667
0 0.282813 0.462500 0.031250 0.050000
0 0.059375 0.427083 0.034375 0.041667
0 0.226562 0.468750 0.034375 0.045833
0 0.203125 0.443750 0.031250 0.041667
0 0.170313 0.450000 0.031250 0.041667
0 0.089063 0.377083 0.031250 0.037500
0 0.098437 0.412500 0.031250 0.037500
0 0.140625 0.393750 0.025000 0.041667
0 0.218750 0.383333 0.031250 0.037500
0 0.476562 0.279167 0.025000 0.041667
0 0.456250 0.304167 0.034375 0.045833
0 0.429688 0.185417 0.028125 0.037500
0 0.267188 0.279167 0.028125 0.037500
0 0.278125 0.250000 0.037500 0.033333
0 0.278125 0.222917 0.034375 0.037500
0 0.198437 0.266667 0.040625 0.041667
0 0.179688 0.239583 0.031250 0.045833
0 0.109375 0.343750 0.034375 0.050000
0 0.209375 0.352083 0.034375 0.045833
0 0.053125 0.327083 0.034375 0.037500
0 0.028125 0.281250 0.034375 0.037500
0 0.059375 0.272917 0.031250 0.041667
0 0.100000 0.258333 0.040625 0.037500
0 0.064062 0.237500 0.031250 0.037500
0 0.096875 0.222917 0.037500 0.041667
0 0.078125 0.187500 0.037500 0.041667
0 0.179688 0.166667 0.028125 0.041667
0 0.148438 0.147917 0.028125 0.045833
0 0.095312 0.143750 0.031250 0.041667
0 0.046875 0.127083 0.031250 0.041667
0 0.318750 0.114583 0.031250 0.037500
0 0.350000 0.087500 0.031250 0.041667
0 0.295312 0.100000 0.028125 0.045833
0 0.079687 0.102083 0.034375 0.041667
0 0.123438 0.083333 0.031250 0.041667
0 0.131250 0.095833 0.034375 0.037500
0 0.020313 0.052083 0.021875 0.045833
0 0.084375 0.039583 0.031250 0.041667
0 0.178125 0.050000 0.034375 0.045833