0 0.026562 0.062500 0.031250 0.041667
0 0.042188 0.037500 0.031250 0.041667
0 0.067187 0.047917 0.031250 0.041667
0 0.121094 0.086458 0.039062 0.043750
0 0.178125 0.062500 0.028125 0.041667
0 0.278125 0.033333 0.031250 0.041667
0 0.332813 0.071875 0.037500 0.043750
0 0.264062 0.088542 0.034375 0.043750
0 0.106250 0.135417 0.034375 0.041667
0 0.125000 0.137500 0.031250 0.041667
0 0.173437 0.101042 0.034375 0.039583
0 0.215625 0.118750 0.034375 0.041667
0 0.254688 0.136458 0.031250 0.043750
0 0.465625 0.173958 0.031250 0.039583
0 0.325781 0.202083 0.035937 0.050000
0 0.376563 0.212500 0.031250 0.041667
0 0.440625 0.257292 0.031250 0.052083
0 0.467187 0.253125 0.031250 0.056250
0 0.112500 0.171875 0.040625 0.043750
0 0.049219 0.234375 0.039062 0.047917
0 0.067969 0.238542 0.032813 0.043750
0 0.103125 0.208333 0.034375 0.045833
0 0.158594 0.192708 0.032813 0.047917
0 0.181250 0.201042 0.031250 0.047917
0 0.191406 0.177083 0.032813 0.037500
0 0.229687 0.222917 0.040625 0.045833
0 0.250000 0.255208 0.034375 0.039583
0 0.122656 0.294792 0.042188 0.043750
0 0.173437 0.303125 0.034375 0.043750
0 0.135156 0.316667 0.039062 0.041667
0 0.114062 0.347917 0.037500 0.041667
0 0.103906 0.393750 0.045312 0.041667
0 0.190625 0.383333 0.028125 0.041667
0 0.307812 0.328125 0.043750 0.043750
0 0.302344 0.388542 0.039062 0.043750
0 0.414062 0.458333 0.037500 0.045833
0 0.091406 0.465625 0.035937 0.039583
0 0.139063 0.457292 0.037500 0.039583
0 0.169531 0.439583 0.042188 0.041667
0 0.229687 0.463542 0.028125 0.039583
0 0.293750 0.486458 0.034375 0.039583
0 0.281250 0.464583 0.031250 0.041667
0 0.039844 0.501042 0.032813 0.047917
0 0.037500 0.556250 0.031250 0.041667
0 0.168750 0.547917 0.028125 0.037500
0 0.068750 0.608333 0.031250 0.045833
0 0.164844 0.571875 0.035937 0.043750
0 0.149219 0.640625 0.029687 0.039583
0 0.442188 0.591667 0.028125 0.041667
0 0.414062 0.620833 0.031250 0.054167
0 0.369531 0.625000 0.045312 0.045833
0 0.170313 0.756250 0.028125 0.041667
0 0.201563 0.753125 0.028125 0.043750
0 0.221094 0.739583 0.032813 0.050000
0 0.446094 0.757292 0.029687 0.043750
0 0.156250 0.866667 0.040625 0.041667
0 0.280469 0.852083 0.035937 0.041667
0 0.296094 0.845833 0.032813 0.041667