0 0.146875 0.031250 0.031250 0.041667
0 0.071875 0.137500 0.031250 0.041667
0 0.114062 0.152083 0.031250 0.041667
0 0.164062 0.102083 0.031250 0.041667
0 0.173437 0.076042 0.025000 0.031250
0 0.211719 0.093750 0.026562 0.037500
0 0.231250 0.087500 0.028125 0.041667
0 0.272656 0.062500 0.026562 0.041667
0 0.306250 0.052083 0.031250 0.041667
0 0.253125 0.122917 0.031250 0.041667
0 0.276562 0.118750 0.031250 0.041667
0 0.290625 0.104167 0.031250 0.041667
0 0.446875 0.062500 0.031250 0.041667
0 0.390625 0.122917 0.031250 0.041667
0 0.313281 0.158333 0.032813 0.045833
0 0.347656 0.182292 0.035937 0.043750
0 0.281250 0.177083 0.031250 0.041667
0 0.219531 0.166667 0.029687 0.041667
0 0.087500 0.198958 0.043750 0.043750
0 0.110937 0.225000 0.031250 0.041667
0 0.114844 0.248958 0.035937 0.035417
0 0.115625 0.272917 0.031250 0.033333
0 0.153125 0.256250 0.031250 0.041667
0 0.182812 0.306250 0.031250 0.041667
0 0.251563 0.310417 0.031250 0.041667
0 0.399219 0.252083 0.026562 0.037500
0 0.439063 0.165625 0.031250 0.060417
0 0.458594 0.289583 0.039062 0.037500
0 0.076563 0.286458 0.034375 0.043750
0 0.077344 0.352083 0.032813 0.041667
0 0.114062 0.389583 0.034375 0.037500
0 0.089063 0.416667 0.037500 0.045833
0 0.141406 0.450000 0.026562 0.037500
0 0.127344 0.487500 0.023438 0.041667
0 0.126562 0.520833 0.031250 0.041667
0 0.215625 0.458333 0.031250 0.033333
0 0.222656 0.508333 0.026562 0.041667
0 0.246094 0.552083 0.035937 0.045833
0 0.306250 0.433333 0.031250 0.041667
0 0.310156 0.468750 0.026562 0.037500
0 0.359375 0.426042 0.031250 0.047917
0 0.410156 0.551042 0.042188 0.039583
0 0.465625 0.617708 0.025000 0.035417
0 0.187500 0.622917 0.021875 0.041667
0 0.171094 0.592708 0.026562 0.035417
0 0.132031 0.602083 0.026562 0.037500
0 0.074219 0.578125 0.029687 0.035417
0 0.050000 0.585417 0.031250 0.041667
0 0.025781 0.641667 0.023438 0.041667
0 0.042188 0.750000 0.031250 0.041667
0 0.067187 0.766667 0.031250 0.041667
0 0.095312 0.727083 0.021875 0.041667
0 0.147656 0.714583 0.029687 0.041667
0 0.154688 0.784375 0.028125 0.039583
0 0.335156 0.783333 0.026562 0.041667
0 0.042188 0.866667 0.031250 0.041667
0 0.265625 0.854167 0.031250 0.041667
0 0.284375 0.827083 0.028125 0.041667
0 0.303125 0.841667 0.031250 0.041667
0 0.393750 0.866667 0.031250 0.041667
0 0.034375 0.295833 0.031250 0.041667
0 0.023438 0.352083 0.031250 0.041667