0 0.020313 0.781250 0.031250 0.041667
0 0.043750 0.820833 0.031250 0.045833
0 0.073438 0.772917 0.034375 0.045833
0 0.239063 0.858333 0.025000 0.041667
0 0.456250 0.760417 0.031250 0.041667
0 0.328125 0.860417 0.034375 0.041667
0 0.325000 0.758333 0.037500 0.045833
0 0.231250 0.760417 0.034375 0.050000
0 0.289062 0.718750 0.031250 0.045833
0 0.125000 0.641667 0.031250 0.045833
0 0.142187 0.593750 0.025000 0.041667
0 0.178125 0.579167 0.031250 0.045833
0 0.395313 0.508333 0.034375 0.041667
0 0.276562 0.510417 0.040625 0.041667
0 0.234375 0.502083 0.034375 0.050000
0 0.209375 0.516667 0.031250 0.050000
0 0.021875 0.539583 0.025000 0.041667
0 0.075000 0.495833 0.037500 0.037500
0 0.081250 0.439583 0.037500 0.041667
0 0.390625 0.472917 0.031250 0.050000
0 0.417187 0.454167 0.031250 0.050000
0 0.329688 0.387500 0.043750 0.041667
0 0.412500 0.347917 0.034375 0.050000
0 0.475000 0.306250 0.031250 0.050000
0 0.040625 0.337500 0.034375 0.041667
0 0.112500 0.322917 0.034375 0.045833
0 0.181250 0.325000 0.031250 0.041667
0 0.245312 0.312500 0.031250 0.041667
0 0.035937 0.268750 0.037500 0.037500
0 0.025000 0.239583 0.037500 0.037500
0 0.064062 0.227083 0.040625 0.045833
0 0.145313 0.270833 0.043750 0.041667
0 0.229687 0.270833 0.031250 0.041667
0 0.267188 0.256250 0.034375 0.045833
0 0.337500 0.216667 0.037500 0.041667
0 0.404687 0.133333 0.028125 0.045833
0 0.257812 0.189583 0.034375 0.045833
0 0.246875 0.110417 0.034375 0.041667
0 0.248438 0.141667 0.031250 0.041667
0 0.109375 0.172917 0.034375 0.050000
0 0.185938 0.108333 0.031250 0.041667
0 0.131250 0.118750 0.037500 0.037500
0 0.165625 0.137500 0.034375 0.037500
0 0.156250 0.160417 0.034375 0.033333
0 0.123438 0.100000 0.028125 0.041667
0 0.126562 0.068750 0.037500 0.041667
0 0.193750 0.050000 0.034375 0.041667
0 0.042188 0.170833 0.034375 0.041667
0 0.028125 0.143750 0.034375 0.041667
0 0.042188 0.108333 0.037500 0.041667