0 0.039062 0.856250 0.031250 0.041667
0 0.129688 0.835417 0.040625 0.041667
0 0.301563 0.822917 0.043750 0.050000
0 0.451562 0.756250 0.031250 0.041667
0 0.217188 0.787500 0.031250 0.041667
0 0.221875 0.743750 0.034375 0.050000
0 0.160938 0.720833 0.031250 0.041667
0 0.143750 0.633333 0.028125 0.041667
0 0.179688 0.554167 0.031250 0.041667
0 0.225000 0.464583 0.025000 0.041667
0 0.434375 0.545833 0.025000 0.045833
0 0.409375 0.568750 0.034375 0.050000
0 0.337500 0.600000 0.046875 0.050000
0 0.043750 0.562500 0.034375 0.062500
0 0.135937 0.545833 0.037500 0.041667
0 0.271875 0.481250 0.031250 0.045833
0 0.332813 0.493750 0.034375 0.045833
0 0.389062 0.445833 0.037500 0.041667
0 0.037500 0.472917 0.034375 0.045833
0 0.123438 0.454167 0.037500 0.041667
0 0.064062 0.425000 0.037500 0.041667
0 0.070312 0.387500 0.040625 0.041667
0 0.146875 0.408333 0.040625 0.045833
0 0.198437 0.418750 0.031250 0.045833
0 0.464062 0.312500 0.031250 0.045833
0 0.431250 0.295833 0.034375 0.045833
0 0.270313 0.362500 0.037500 0.041667
0 0.285938 0.302083 0.037500 0.041667
0 0.181250 0.314583 0.031250 0.041667
0 0.076563 0.302083 0.037500 0.041667
0 0.096875 0.289583 0.037500 0.033333
0 0.098437 0.272917 0.037500 0.037500
0 0.357812 0.214583 0.031250 0.041667
0 0.306250 0.220833 0.037500 0.045833
0 0.254688 0.245833 0.028125 0.041667
0 0.210938 0.233333 0.040625 0.045833
0 0.032813 0.210417 0.040625 0.041667
0 0.039062 0.252083 0.034375 0.045833
0 0.426563 0.031250 0.031250 0.041667
0 0.128125 0.143750 0.031250 0.041667
0 0.143750 0.141667 0.031250 0.041667
0 0.167187 0.127083 0.034375 0.045833
0 0.160938 0.172917 0.034375 0.054167
0 0.179688 0.175000 0.031250 0.041667
0 0.185938 0.154167 0.031250 0.041667
0 0.228125 0.116667 0.037500 0.041667
0 0.256250 0.125000 0.034375 0.045833
0 0.079687 0.177083 0.037500 0.037500
0 0.076563 0.150000 0.040625 0.041667
0 0.303125 0.058333 0.037500 0.041667
0 0.273438 0.056250 0.031250 0.045833
0 0.245312 0.066667 0.034375 0.041667
0 0.125000 0.095833 0.031250 0.045833
0 0.082812 0.089583 0.031250 0.054167
0 0.060937 0.100000 0.031250 0.050000
0 0.035937 0.100000 0.028125 0.045833
0 0.053125 0.058333 0.031250 0.050000
0 0.017188 0.075000 0.021875 0.041667