0 0.478125 0.779167 0.028125 0.033333
0 0.281250 0.864583 0.034375 0.033333
0 0.153125 0.862500 0.034375 0.045833
0 0.042188 0.854167 0.028125 0.033333
0 0.159375 0.797917 0.028125 0.041667
0 0.031250 0.781250 0.031250 0.033333
0 0.339062 0.622917 0.037500 0.037500
0 0.037500 0.641667 0.034375 0.045833
0 0.096875 0.587500 0.037500 0.041667
0 0.015625 0.579167 0.018750 0.037500
0 0.046875 0.570833 0.025000 0.033333
0 0.032813 0.522917 0.028125 0.033333
0 0.240625 0.562500 0.034375 0.045833
0 0.223438 0.539583 0.028125 0.041667
0 0.201563 0.512500 0.031250 0.037500
0 0.168750 0.493750 0.034375 0.058333
0 0.284375 0.468750 0.034375 0.050000
0 0.035937 0.385417 0.034375 0.041667
0 0.048438 0.412500 0.028125 0.037500
0 0.198437 0.443750 0.031250 0.037500
0 0.170313 0.402083 0.034375 0.041667
0 0.206250 0.416667 0.031250 0.041667
0 0.309375 0.385417 0.034375 0.045833
0 0.239063 0.354167 0.031250 0.041667
0 0.075000 0.316667 0.028125 0.050000
0 0.157812 0.327083 0.043750 0.041667
0 0.467187 0.179167 0.031250 0.041667
0 0.310937 0.312500 0.037500 0.041667
0 0.303125 0.281250 0.031250 0.045833
0 0.235937 0.306250 0.034375 0.037500
0 0.245312 0.287500 0.034375 0.033333
0 0.360938 0.225000 0.031250 0.041667
0 0.328125 0.120833 0.031250 0.041667
0 0.276562 0.035417 0.034375 0.037500
0 0.209375 0.247917 0.037500 0.037500
0 0.209375 0.212500 0.040625 0.037500
0 0.181250 0.191667 0.031250 0.041667
0 0.128125 0.270833 0.028125 0.041667
0 0.092188 0.275000 0.031250 0.037500
0 0.095312 0.237500 0.037500 0.037500
0 0.121875 0.216667 0.031250 0.037500
0 0.093750 0.189583 0.028125 0.041667
0 0.142187 0.150000 0.031250 0.041667
0 0.023438 0.200000 0.028125 0.033333
0 0.015625 0.164583 0.021875 0.025000
0 0.018750 0.139583 0.025000 0.037500
0 0.043750 0.045833 0.040625 0.029167
0 0.089063 0.025000 0.034375 0.029167
0 0.025000 0.064583 0.031250 0.029167