0 0.017188 0.810417 0.015625 0.033333
0 0.046875 0.802083 0.025000 0.041667
0 0.067187 0.831250 0.028125 0.029167
0 0.140625 0.822917 0.031250 0.050000
0 0.359375 0.833333 0.034375 0.045833
0 0.251563 0.843750 0.031250 0.045833
0 0.465625 0.768750 0.025000 0.037500
0 0.478125 0.704167 0.031250 0.045833
0 0.401562 0.716667 0.037500 0.041667
0 0.112500 0.743750 0.025000 0.050000
0 0.123438 0.735417 0.021875 0.045833
0 0.023438 0.672917 0.028125 0.037500
0 0.078125 0.687500 0.034375 0.037500
0 0.084375 0.664583 0.021875 0.045833
0 0.068750 0.633333 0.031250 0.045833
0 0.150000 0.595833 0.034375 0.041667
0 0.312500 0.612500 0.028125 0.037500
0 0.368750 0.541667 0.034375 0.037500
0 0.368750 0.587500 0.034375 0.041667
0 0.331250 0.579167 0.028125 0.054167
0 0.271875 0.562500 0.037500 0.041667
0 0.271875 0.518750 0.037500 0.041667
0 0.103125 0.502083 0.037500 0.033333
0 0.103125 0.483333 0.037500 0.029167
0 0.137500 0.468750 0.031250 0.045833
0 0.437500 0.427083 0.037500 0.041667
0 0.056250 0.385417 0.037500 0.037500
0 0.279687 0.352083 0.034375 0.045833
0 0.407813 0.250000 0.028125 0.033333
0 0.370312 0.318750 0.028125 0.045833
0 0.106250 0.404167 0.028125 0.033333
0 0.132812 0.393750 0.031250 0.041667
0 0.178125 0.372917 0.031250 0.041667
0 0.075000 0.364583 0.034375 0.037500
0 0.082812 0.331250 0.034375 0.041667
0 0.045312 0.250000 0.031250 0.037500
0 0.132812 0.295833 0.034375 0.045833
0 0.165625 0.258333 0.034375 0.041667
0 0.320312 0.279167 0.034375 0.041667
0 0.273438 0.268750 0.034375 0.041667
0 0.250000 0.262500 0.025000 0.045833
0 0.421875 0.102083 0.034375 0.050000
0 0.384375 0.147917 0.034375 0.050000
0 0.323437 0.164583 0.034375 0.050000
0 0.284375 0.172917 0.034375 0.041667
0 0.306250 0.118750 0.031250 0.037500
0 0.326562 0.056250 0.031250 0.041667
0 0.293750 0.037500 0.031250 0.041667
0 0.240625 0.060417 0.034375 0.037500
0 0.214062 0.125000 0.031250 0.045833
0 0.229687 0.191667 0.034375 0.045833
0 0.171875 0.208333 0.034375 0.045833
0 0.075000 0.208333 0.034375 0.045833
0 0.109375 0.191667 0.037500 0.045833
0 0.048438 0.158333 0.025000 0.037500
0 0.154688 0.162500 0.028125 0.045833
0 0.187500 0.170833 0.025000 0.045833
0 0.185938 0.129167 0.028125 0.041667
0 0.176563 0.089583 0.028125 0.037500
0 0.156250 0.112500 0.028125 0.033333
0 0.150000 0.070833 0.018750 0.029167
0 0.114062 0.083333 0.025000 0.033333
0 0.095312 0.081250 0.031250 0.033333
0 0.075000 0.112500 0.025000 0.029167
0 0.053125 0.129167 0.034375 0.033333
0 0.045312 0.106250 0.037500 0.029167
0 0.060937 0.068750 0.031250 0.041667