0 0.043750 0.795833 0.028125 0.033333
0 0.020313 0.812500 0.018750 0.033333
0 0.026562 0.847917 0.025000 0.037500
0 0.090625 0.839583 0.031250 0.041667
0 0.250000 0.847917 0.028125 0.037500
0 0.331250 0.858333 0.034375 0.041667
0 0.476562 0.762500 0.031250 0.037500
0 0.375000 0.693750 0.040625 0.045833
0 0.117188 0.754167 0.034375 0.045833
0 0.060937 0.704167 0.034375 0.045833
0 0.057813 0.666667 0.034375 0.045833
0 0.023438 0.666667 0.028125 0.033333
0 0.089063 0.658333 0.021875 0.037500
0 0.310937 0.614583 0.031250 0.041667
0 0.364063 0.583333 0.040625 0.041667
0 0.137500 0.556250 0.037500 0.041667
0 0.248438 0.550000 0.037500 0.041667
0 0.315625 0.531250 0.031250 0.050000
0 0.345313 0.500000 0.031250 0.037500
0 0.404687 0.420833 0.037500 0.041667
0 0.246875 0.495833 0.037500 0.041667
0 0.085938 0.500000 0.037500 0.041667
0 0.364063 0.360417 0.028125 0.045833
0 0.254688 0.366667 0.034375 0.041667
0 0.129688 0.466667 0.031250 0.041667
0 0.143750 0.433333 0.028125 0.037500
0 0.165625 0.408333 0.034375 0.033333
0 0.175000 0.385417 0.028125 0.033333
0 0.100000 0.385417 0.031250 0.033333
0 0.078125 0.408333 0.031250 0.033333
0 0.056250 0.393750 0.025000 0.033333
0 0.081250 0.347917 0.031250 0.037500
0 0.070312 0.318750 0.040625 0.033333
0 0.114062 0.293750 0.031250 0.041667
0 0.437500 0.158333 0.031250 0.050000
0 0.410938 0.191667 0.031250 0.045833
0 0.418750 0.225000 0.031250 0.037500
0 0.348438 0.210417 0.034375 0.045833
0 0.304688 0.258333 0.034375 0.041667
0 0.246875 0.287500 0.037500 0.037500
0 0.259375 0.260417 0.028125 0.029167
0 0.145313 0.264583 0.037500 0.037500
0 0.078125 0.241667 0.031250 0.050000
0 0.051562 0.247917 0.031250 0.033333
0 0.156250 0.225000 0.037500 0.041667
0 0.228125 0.222917 0.034375 0.050000
0 0.284375 0.193750 0.031250 0.045833
0 0.309375 0.112500 0.031250 0.037500
0 0.335938 0.045833 0.028125 0.029167
0 0.292187 0.033333 0.025000 0.037500
0 0.034375 0.129167 0.034375 0.037500
0 0.046875 0.156250 0.028125 0.037500
0 0.103125 0.170833 0.034375 0.045833
0 0.206250 0.160417 0.028125 0.045833
0 0.185938 0.172917 0.021875 0.045833
0 0.187500 0.068750 0.034375 0.033333
0 0.076563 0.054167 0.034375 0.037500
0 0.125000 0.054167 0.028125 0.037500
0 0.093750 0.070833 0.028125 0.033333
0 0.085938 0.122917 0.031250 0.037500
0 0.159375 0.100000 0.043750 0.033333
0 0.189062 0.114583 0.034375 0.045833
0 0.156250 0.129167 0.031250 0.037500