0 0.452344 0.860417 0.032813 0.045833
0 0.400000 0.798958 0.034375 0.043750
0 0.184375 0.848958 0.025000 0.035417
0 0.134375 0.835417 0.034375 0.041667
0 0.098437 0.805208 0.037500 0.039583
0 0.096094 0.783333 0.032813 0.045833
0 0.060937 0.666667 0.034375 0.054167
0 0.150781 0.667708 0.023438 0.031250
0 0.198437 0.686458 0.031250 0.043750
0 0.179688 0.636458 0.025000 0.035417
0 0.051562 0.576042 0.018750 0.027083
0 0.046094 0.538542 0.032813 0.047917
0 0.071094 0.566667 0.032813 0.041667
0 0.234375 0.583333 0.031250 0.045833
0 0.278125 0.627083 0.034375 0.041667
0 0.296875 0.592708 0.031250 0.047917
0 0.267969 0.548958 0.035937 0.043750
0 0.290625 0.491667 0.034375 0.041667
0 0.252344 0.447917 0.032813 0.041667
0 0.403906 0.416667 0.032813 0.045833
0 0.070312 0.425000 0.034375 0.041667
0 0.081250 0.377083 0.034375 0.041667
0 0.117188 0.407292 0.031250 0.047917
0 0.108594 0.356250 0.026562 0.041667
0 0.148438 0.364583 0.034375 0.045833
0 0.142969 0.398958 0.032813 0.043750
0 0.188281 0.400000 0.032813 0.041667
0 0.200000 0.425000 0.031250 0.037500
0 0.242188 0.410417 0.028125 0.037500
0 0.322656 0.367708 0.042188 0.043750
0 0.207813 0.331250 0.031250 0.041667
0 0.275000 0.338542 0.034375 0.043750
0 0.250781 0.306250 0.032813 0.050000
0 0.285938 0.283333 0.031250 0.041667
0 0.101562 0.257292 0.034375 0.043750
0 0.175781 0.251042 0.032813 0.047917
0 0.118750 0.229167 0.028125 0.041667
0 0.240625 0.200000 0.037500 0.041667
0 0.363281 0.231250 0.032813 0.045833
0 0.389844 0.210417 0.032813 0.045833
0 0.437500 0.159375 0.028125 0.039583
0 0.432031 0.108333 0.032813 0.041667
0 0.392969 0.091667 0.042188 0.041667
0 0.225000 0.150000 0.034375 0.041667
0 0.043750 0.101042 0.034375 0.043750
0 0.067187 0.139583 0.034375 0.041667
0 0.164062 0.141667 0.050000 0.041667
0 0.187500 0.121875 0.034375 0.035417
0 0.178906 0.087500 0.026562 0.033333
0 0.099219 0.039583 0.029687 0.037500
0 0.157031 0.058333 0.035937 0.041667
0 0.214844 0.038542 0.026562 0.039583
0 0.321875 0.042708 0.028125 0.035417