0 0.270313 0.864583 0.028125 0.037500
0 0.045312 0.850000 0.025000 0.033333
0 0.137500 0.831250 0.034375 0.041667
0 0.150000 0.816667 0.021875 0.033333
0 0.329688 0.622917 0.031250 0.037500
0 0.256250 0.589583 0.037500 0.045833
0 0.126562 0.585417 0.037500 0.037500
0 0.029687 0.629167 0.031250 0.041667
0 0.035937 0.585417 0.025000 0.037500
0 0.282813 0.497917 0.034375 0.045833
0 0.229687 0.518750 0.028125 0.050000
0 0.185938 0.497917 0.028125 0.037500
0 0.248438 0.387500 0.028125 0.041667
0 0.203125 0.437500 0.021875 0.041667
0 0.190625 0.443750 0.031250 0.037500
0 0.157812 0.443750 0.034375 0.045833
0 0.189062 0.410417 0.031250 0.037500
0 0.021875 0.472917 0.025000 0.041667
0 0.054688 0.418750 0.037500 0.037500
0 0.068750 0.383333 0.028125 0.037500
0 0.076563 0.343750 0.028125 0.041667
0 0.459375 0.197917 0.028125 0.037500
0 0.337500 0.329167 0.037500 0.041667
0 0.332813 0.362500 0.037500 0.037500
0 0.356250 0.195833 0.028125 0.045833
0 0.260937 0.333333 0.034375 0.037500
0 0.271875 0.314583 0.031250 0.029167
0 0.285938 0.304167 0.031250 0.037500
0 0.293750 0.237500 0.031250 0.050000
0 0.325000 0.120833 0.031250 0.041667
0 0.320312 0.029167 0.037500 0.041667
0 0.173437 0.337500 0.037500 0.037500
0 0.226562 0.222917 0.037500 0.033333
0 0.218750 0.250000 0.037500 0.033333
0 0.123438 0.297917 0.034375 0.033333
0 0.151562 0.295833 0.037500 0.037500
0 0.173437 0.210417 0.034375 0.041667
0 0.125000 0.247917 0.040625 0.037500
0 0.153125 0.150000 0.028125 0.037500
0 0.123438 0.202083 0.031250 0.041667
0 0.096875 0.166667 0.034375 0.045833
0 0.071875 0.229167 0.028125 0.041667
0 0.021875 0.237500 0.031250 0.037500
0 0.035937 0.212500 0.034375 0.037500
0 0.067187 0.077083 0.043750 0.041667
0 0.021875 0.097917 0.028125 0.037500
0 0.017188 0.139583 0.021875 0.045833
0 0.017188 0.179167 0.018750 0.045833