0 0.473438 0.772917 0.025000 0.037500
0 0.260937 0.862500 0.028125 0.037500
0 0.114062 0.797917 0.031250 0.045833
0 0.139063 0.852083 0.034375 0.054167
0 0.098437 0.856250 0.034375 0.045833
0 0.020313 0.825000 0.028125 0.037500
0 0.050000 0.862500 0.034375 0.045833
0 0.284375 0.627083 0.037500 0.045833
0 0.325000 0.622917 0.034375 0.037500
0 0.025000 0.622917 0.034375 0.037500
0 0.032813 0.591667 0.028125 0.037500
0 0.156250 0.581250 0.037500 0.037500
0 0.290625 0.522917 0.037500 0.045833
0 0.479687 0.381250 0.031250 0.041667
0 0.040625 0.450000 0.031250 0.041667
0 0.079687 0.454167 0.034375 0.041667
0 0.228125 0.491667 0.034375 0.045833
0 0.354687 0.335417 0.031250 0.037500
0 0.348438 0.358333 0.037500 0.033333
0 0.448437 0.200000 0.028125 0.037500
0 0.075000 0.372917 0.021875 0.037500
0 0.081250 0.372917 0.018750 0.041667
0 0.178125 0.477083 0.025000 0.033333
0 0.259375 0.416667 0.028125 0.045833
0 0.182812 0.441667 0.031250 0.037500
0 0.206250 0.452083 0.028125 0.041667
0 0.146875 0.404167 0.037500 0.050000
0 0.203125 0.395833 0.034375 0.041667
0 0.192188 0.360417 0.040625 0.041667
0 0.142187 0.339583 0.031250 0.050000
0 0.278125 0.297917 0.031250 0.041667
0 0.296875 0.352083 0.031250 0.037500
0 0.276562 0.360417 0.031250 0.037500
0 0.354687 0.152083 0.028125 0.045833
0 0.323437 0.120833 0.031250 0.041667
0 0.287500 0.172917 0.031250 0.054167
0 0.254688 0.227083 0.040625 0.033333
0 0.246875 0.256250 0.040625 0.033333
0 0.168750 0.293750 0.034375 0.045833
0 0.151562 0.256250 0.037500 0.041667
0 0.164062 0.189583 0.031250 0.037500
0 0.162500 0.156250 0.025000 0.037500
0 0.037500 0.231250 0.034375 0.033333
0 0.059375 0.222917 0.034375 0.041667
0 0.034375 0.193750 0.037500 0.037500
0 0.112500 0.166667 0.028125 0.033333
0 0.098437 0.143750 0.034375 0.045833
0 0.089063 0.093750 0.031250 0.041667
0 0.101562 0.068750 0.028125 0.033333
0 0.034375 0.102083 0.031250 0.037500