0 0.210938 0.868750 0.028125 0.041667
0 0.042188 0.804167 0.031250 0.041667
0 0.021875 0.760417 0.028125 0.037500
0 0.021875 0.681250 0.031250 0.037500
0 0.242188 0.766667 0.034375 0.050000
0 0.285938 0.793750 0.037500 0.041667
0 0.456250 0.758333 0.025000 0.033333
0 0.350000 0.745833 0.037500 0.045833
0 0.292187 0.687500 0.028125 0.041667
0 0.203125 0.631250 0.031250 0.050000
0 0.137500 0.612500 0.028125 0.037500
0 0.089063 0.575000 0.028125 0.041667
0 0.217188 0.570833 0.025000 0.045833
0 0.167187 0.520833 0.025000 0.037500
0 0.456250 0.529167 0.034375 0.041667
0 0.481250 0.497917 0.031250 0.041667
0 0.026562 0.506250 0.025000 0.041667
0 0.212500 0.516667 0.040625 0.050000
0 0.242188 0.414583 0.034375 0.045833
0 0.457813 0.387500 0.031250 0.054167
0 0.025000 0.458333 0.031250 0.033333
0 0.037500 0.422917 0.034375 0.037500
0 0.023438 0.366667 0.031250 0.045833
0 0.192188 0.381250 0.028125 0.041667
0 0.175000 0.325000 0.028125 0.041667
0 0.285938 0.325000 0.031250 0.045833
0 0.228125 0.283333 0.025000 0.041667
0 0.375000 0.389583 0.028125 0.054167
0 0.400000 0.383333 0.031250 0.041667
0 0.406250 0.412500 0.028125 0.037500
0 0.412500 0.220833 0.031250 0.041667
0 0.375000 0.247917 0.028125 0.037500
0 0.454688 0.095833 0.021875 0.041667
0 0.089063 0.268750 0.040625 0.037500
0 0.092188 0.233333 0.040625 0.033333
0 0.095312 0.206250 0.040625 0.037500
0 0.021875 0.300000 0.021875 0.054167
0 0.310937 0.218750 0.040625 0.041667
0 0.320312 0.110417 0.031250 0.045833
0 0.231250 0.208333 0.031250 0.045833
0 0.250000 0.206250 0.031250 0.045833
0 0.268750 0.035417 0.031250 0.037500
0 0.248438 0.070833 0.028125 0.041667
0 0.254688 0.114583 0.028125 0.037500
0 0.243750 0.139583 0.025000 0.045833
0 0.034375 0.216667 0.037500 0.041667
0 0.020313 0.185417 0.028125 0.029167
0 0.032813 0.066667 0.034375 0.041667
0 0.031250 0.100000 0.034375 0.033333
0 0.090625 0.085417 0.037500 0.041667
0 0.140625 0.166667 0.034375 0.033333
0 0.168750 0.179167 0.034375 0.037500
0 0.178125 0.154167 0.025000 0.037500
0 0.153125 0.154167 0.025000 0.041667
0 0.175000 0.108333 0.034375 0.041667
0 0.200000 0.087500 0.034375 0.037500
0 0.134375 0.097917 0.028125 0.045833
0 0.189062 0.037500 0.034375 0.041667
0 0.162500 0.058333 0.043750 0.037500
0 0.154688 0.031250 0.028125 0.029167