0 0.028125 0.825000 0.031250 0.045833
0 0.046875 0.852083 0.031250 0.045833
0 0.107813 0.812500 0.040625 0.045833
0 0.232813 0.822917 0.028125 0.045833
0 0.456250 0.756250 0.034375 0.041667
0 0.314063 0.785417 0.037500 0.054167
0 0.289062 0.768750 0.031250 0.050000
0 0.226562 0.754167 0.034375 0.050000
0 0.145313 0.681250 0.031250 0.045833
0 0.142187 0.618750 0.028125 0.041667
0 0.182812 0.562500 0.031250 0.041667
0 0.301563 0.554167 0.040625 0.045833
0 0.400000 0.514583 0.031250 0.050000
0 0.425000 0.495833 0.031250 0.045833
0 0.371875 0.502083 0.037500 0.045833
0 0.025000 0.518750 0.031250 0.041667
0 0.025000 0.547917 0.031250 0.041667
0 0.104688 0.525000 0.037500 0.041667
0 0.264062 0.491667 0.040625 0.045833
0 0.360938 0.420833 0.040625 0.045833
0 0.226562 0.477083 0.028125 0.037500
0 0.207813 0.456250 0.031250 0.050000
0 0.101562 0.454167 0.031250 0.050000
0 0.025000 0.443750 0.031250 0.050000
0 0.256250 0.339583 0.034375 0.045833
0 0.420312 0.325000 0.034375 0.054167
0 0.039062 0.385417 0.037500 0.037500
0 0.053125 0.360417 0.037500 0.037500
0 0.125000 0.364583 0.040625 0.050000
0 0.185938 0.318750 0.031250 0.041667
0 0.473438 0.356250 0.031250 0.041667
0 0.417187 0.070833 0.031250 0.041667
0 0.353125 0.216667 0.037500 0.041667
0 0.278125 0.281250 0.040625 0.045833
0 0.243750 0.245833 0.031250 0.041667
0 0.281250 0.214583 0.043750 0.041667
0 0.184375 0.266667 0.043750 0.045833
0 0.050000 0.277083 0.037500 0.041667
0 0.079687 0.250000 0.037500 0.041667
0 0.062500 0.260417 0.037500 0.033333
0 0.256250 0.114583 0.025000 0.054167
0 0.235937 0.116667 0.037500 0.041667
0 0.220312 0.052083 0.034375 0.041667
0 0.179688 0.127083 0.025000 0.041667
0 0.176563 0.158333 0.031250 0.041667
0 0.148438 0.154167 0.037500 0.033333
0 0.156250 0.133333 0.037500 0.037500
0 0.126562 0.093750 0.031250 0.041667
0 0.101562 0.137500 0.034375 0.058333
0 0.025000 0.195833 0.034375 0.041667
0 0.065625 0.168750 0.040625 0.041667
0 0.046875 0.137500 0.040625 0.037500
0 0.084375 0.062500 0.040625 0.041667
0 0.054688 0.116667 0.046875 0.045833