0 0.035937 0.706250 0.034375 0.045833
0 0.042188 0.806250 0.031250 0.041667
0 0.223438 0.868750 0.031250 0.041667
0 0.237500 0.766667 0.031250 0.050000
0 0.295312 0.808333 0.037500 0.037500
0 0.456250 0.762500 0.028125 0.037500
0 0.345313 0.747917 0.037500 0.045833
0 0.293750 0.691667 0.031250 0.041667
0 0.439063 0.522917 0.031250 0.041667
0 0.101562 0.591667 0.031250 0.045833
0 0.153125 0.610417 0.031250 0.041667
0 0.204687 0.602083 0.031250 0.045833
0 0.221875 0.550000 0.028125 0.050000
0 0.162500 0.535417 0.028125 0.041667
0 0.026562 0.512500 0.025000 0.041667
0 0.220312 0.508333 0.040625 0.045833
0 0.035937 0.468750 0.031250 0.041667
0 0.053125 0.439583 0.034375 0.041667
0 0.253125 0.441667 0.037500 0.045833
0 0.378125 0.410417 0.028125 0.050000
0 0.406250 0.412500 0.031250 0.041667
0 0.404687 0.387500 0.031250 0.050000
0 0.459375 0.360417 0.031250 0.058333
0 0.296875 0.341667 0.037500 0.045833
0 0.034375 0.350000 0.037500 0.041667
0 0.173437 0.329167 0.025000 0.045833
0 0.201563 0.347917 0.031250 0.045833
0 0.234375 0.285417 0.031250 0.041667
0 0.096875 0.272917 0.037500 0.037500
0 0.098437 0.239583 0.037500 0.037500
0 0.101562 0.212500 0.037500 0.041667
0 0.018750 0.312500 0.018750 0.041667
0 0.385937 0.229167 0.031250 0.041667
0 0.421875 0.216667 0.031250 0.041667
0 0.318750 0.218750 0.040625 0.041667
0 0.251563 0.220833 0.028125 0.050000
0 0.450000 0.075000 0.025000 0.041667
0 0.335938 0.085417 0.034375 0.045833
0 0.043750 0.212500 0.040625 0.037500
0 0.023438 0.187500 0.037500 0.033333
0 0.021875 0.102083 0.025000 0.033333
0 0.035937 0.077083 0.043750 0.037500
0 0.100000 0.093750 0.037500 0.037500
0 0.235937 0.187500 0.034375 0.041667
0 0.254688 0.116667 0.037500 0.041667
0 0.250000 0.162500 0.028125 0.050000
0 0.165625 0.168750 0.031250 0.033333
0 0.157812 0.145833 0.028125 0.041667
0 0.176563 0.154167 0.028125 0.041667
0 0.170313 0.116667 0.031250 0.041667
0 0.132812 0.102083 0.031250 0.041667
0 0.195312 0.089583 0.031250 0.041667
0 0.243750 0.070833 0.031250 0.041667
0 0.170313 0.050000 0.037500 0.029167
0 0.170313 0.033333 0.037500 0.029167
0 0.262500 0.033333 0.031250 0.041667