0 0.479687 0.791667 0.028125 0.041667
0 0.301563 0.870833 0.040625 0.041667
0 0.028125 0.852083 0.028125 0.037500
0 0.042188 0.783333 0.028125 0.037500
0 0.156250 0.768750 0.028125 0.037500
0 0.345313 0.631250 0.034375 0.041667
0 0.053125 0.658333 0.034375 0.045833
0 0.071875 0.587500 0.034375 0.045833
0 0.018750 0.620833 0.025000 0.033333
0 0.020313 0.564583 0.028125 0.033333
0 0.056250 0.550000 0.025000 0.033333
0 0.179688 0.550000 0.034375 0.054167
0 0.220312 0.550000 0.031250 0.045833
0 0.240625 0.547917 0.034375 0.045833
0 0.206250 0.516667 0.034375 0.041667
0 0.029687 0.431250 0.021875 0.037500
0 0.210938 0.443750 0.031250 0.037500
0 0.276562 0.429167 0.028125 0.050000
0 0.293750 0.416667 0.034375 0.045833
0 0.209375 0.393750 0.028125 0.050000
0 0.151562 0.372917 0.037500 0.041667
0 0.025000 0.354167 0.031250 0.041667
0 0.303125 0.345833 0.031250 0.050000
0 0.293750 0.300000 0.040625 0.041667
0 0.362500 0.270833 0.031250 0.045833
0 0.467187 0.162500 0.031250 0.050000
0 0.329688 0.120833 0.031250 0.041667
0 0.226562 0.333333 0.031250 0.037500
0 0.225000 0.297917 0.037500 0.033333
0 0.228125 0.270833 0.034375 0.033333
0 0.129688 0.310417 0.037500 0.037500
0 0.082812 0.302083 0.034375 0.041667
0 0.203125 0.241667 0.037500 0.037500
0 0.198437 0.200000 0.037500 0.037500
0 0.192188 0.175000 0.034375 0.045833
0 0.129688 0.252083 0.031250 0.041667
0 0.115625 0.231250 0.031250 0.041667
0 0.070312 0.247917 0.037500 0.037500
0 0.076563 0.229167 0.040625 0.033333
0 0.085938 0.206250 0.037500 0.037500
0 0.132812 0.156250 0.037500 0.041667
0 0.018750 0.212500 0.025000 0.041667
0 0.021875 0.135417 0.028125 0.037500
0 0.237500 0.037500 0.037500 0.033333
0 0.131250 0.045833 0.028125 0.041667
0 0.098437 0.045833 0.034375 0.045833