0 0.209375 0.845833 0.028125 0.033333
0 0.037500 0.785417 0.021875 0.041667
0 0.021875 0.768750 0.025000 0.037500
0 0.350000 0.733333 0.028125 0.050000
0 0.459375 0.764583 0.025000 0.037500
0 0.242188 0.764583 0.028125 0.045833
0 0.268750 0.760417 0.034375 0.041667
0 0.304688 0.672917 0.034375 0.041667
0 0.476562 0.620833 0.028125 0.045833
0 0.457813 0.539583 0.034375 0.041667
0 0.200000 0.683333 0.034375 0.045833
0 0.212500 0.606250 0.031250 0.045833
0 0.123438 0.618750 0.028125 0.037500
0 0.081250 0.547917 0.031250 0.041667
0 0.026562 0.493750 0.021875 0.045833
0 0.176563 0.464583 0.028125 0.045833
0 0.187500 0.516667 0.037500 0.041667
0 0.454688 0.435417 0.028125 0.054167
0 0.415625 0.431250 0.028125 0.037500
0 0.387500 0.420833 0.031250 0.045833
0 0.028125 0.414583 0.031250 0.041667
0 0.373437 0.350000 0.031250 0.054167
0 0.464062 0.152083 0.031250 0.062500
0 0.396875 0.233333 0.031250 0.041667
0 0.364063 0.262500 0.028125 0.037500
0 0.285938 0.291667 0.028125 0.045833
0 0.240625 0.366667 0.031250 0.045833
0 0.167187 0.322917 0.031250 0.045833
0 0.031250 0.302083 0.025000 0.037500
0 0.068750 0.252083 0.043750 0.037500
0 0.026562 0.220833 0.034375 0.045833
0 0.075000 0.216667 0.040625 0.037500
0 0.071875 0.181250 0.031250 0.041667
0 0.090625 0.183333 0.031250 0.041667
0 0.218750 0.258333 0.031250 0.041667
0 0.293750 0.222917 0.034375 0.041667
0 0.154688 0.202083 0.028125 0.037500
0 0.168750 0.179167 0.028125 0.037500
0 0.184375 0.172917 0.028125 0.033333
0 0.245312 0.179167 0.034375 0.041667
0 0.304688 0.150000 0.034375 0.045833
0 0.046875 0.125000 0.034375 0.041667
0 0.262500 0.118750 0.028125 0.037500
0 0.242188 0.114583 0.025000 0.041667
0 0.275000 0.060417 0.025000 0.041667
0 0.254688 0.077083 0.028125 0.037500
0 0.212500 0.100000 0.031250 0.041667
0 0.190625 0.097917 0.031250 0.041667
0 0.131250 0.087500 0.028125 0.037500
0 0.076563 0.060417 0.034375 0.041667
0 0.025000 0.041667 0.031250 0.041667
0 0.145313 0.058333 0.037500 0.037500
0 0.146875 0.031250 0.025000 0.029167