0 0.066406 0.808333 0.035937 0.041667
0 0.089063 0.801042 0.034375 0.043750
0 0.154688 0.828125 0.031250 0.039583
0 0.182031 0.843750 0.020313 0.037500
0 0.196875 0.866667 0.031250 0.041667
0 0.378125 0.808333 0.034375 0.041667
0 0.053125 0.688542 0.025000 0.035417
0 0.060937 0.715625 0.031250 0.043750
0 0.130469 0.667708 0.026562 0.035417
0 0.188281 0.620833 0.026562 0.033333
0 0.189844 0.665625 0.026562 0.039583
0 0.262500 0.645833 0.028125 0.037500
0 0.325781 0.655208 0.032813 0.052083
0 0.048438 0.579167 0.025000 0.037500
0 0.080469 0.595833 0.032813 0.041667
0 0.290625 0.595833 0.031250 0.045833
0 0.297656 0.556250 0.035937 0.041667
0 0.318750 0.495833 0.037500 0.041667
0 0.057813 0.500000 0.034375 0.050000
0 0.092188 0.470833 0.034375 0.041667
0 0.401562 0.384375 0.034375 0.047917
0 0.347656 0.414583 0.035937 0.045833
0 0.240625 0.454167 0.031250 0.041667
0 0.248438 0.425000 0.025000 0.041667
0 0.198437 0.435417 0.034375 0.045833
0 0.114062 0.397917 0.031250 0.041667
0 0.134375 0.411458 0.031250 0.043750
0 0.141406 0.381250 0.035937 0.041667
0 0.114062 0.356250 0.031250 0.041667
0 0.197656 0.344792 0.029687 0.039583
0 0.305469 0.317708 0.035937 0.043750
0 0.260156 0.262500 0.032813 0.041667
0 0.287500 0.262500 0.034375 0.045833
0 0.079687 0.260417 0.046875 0.045833
0 0.128125 0.277083 0.034375 0.045833
0 0.175781 0.206250 0.032813 0.041667
0 0.035937 0.201042 0.031250 0.039583
0 0.040625 0.156250 0.031250 0.041667
0 0.056250 0.139583 0.031250 0.041667
0 0.075781 0.153125 0.026562 0.039583
0 0.261719 0.198958 0.035937 0.043750
0 0.242969 0.156250 0.035937 0.041667
0 0.185938 0.137500 0.040625 0.041667
0 0.171875 0.120833 0.031250 0.041667
0 0.090625 0.052083 0.028125 0.041667
0 0.143750 0.080208 0.028125 0.043750
0 0.209375 0.036458 0.028125 0.039583
0 0.362500 0.203125 0.031250 0.047917
0 0.396094 0.182292 0.032813 0.043750
0 0.437500 0.155208 0.028125 0.035417
0 0.442188 0.110417 0.028125 0.037500
0 0.393750 0.105208 0.034375 0.043750
0 0.321875 0.064583 0.031250 0.041667