0 0.450781 0.810417 0.032813 0.045833
0 0.417969 0.786458 0.032813 0.043750
0 0.192188 0.843750 0.031250 0.037500
0 0.116406 0.845833 0.032813 0.041667
0 0.137500 0.804167 0.037500 0.041667
0 0.096875 0.762500 0.034375 0.041667
0 0.162500 0.686458 0.025000 0.031250
0 0.172656 0.639583 0.020313 0.033333
0 0.203906 0.708333 0.032813 0.041667
0 0.250781 0.641667 0.032813 0.041667
0 0.467969 0.438542 0.032813 0.043750
0 0.410938 0.462500 0.031250 0.045833
0 0.269531 0.556250 0.032813 0.041667
0 0.196094 0.534375 0.026562 0.035417
0 0.052344 0.620833 0.032813 0.041667
0 0.025000 0.564583 0.031250 0.041667
0 0.050781 0.580208 0.026562 0.035417
0 0.064844 0.536458 0.026562 0.035417
0 0.239844 0.497917 0.032813 0.041667
0 0.268750 0.485417 0.031250 0.041667
0 0.267188 0.443750 0.031250 0.041667
0 0.034375 0.402083 0.028125 0.033333
0 0.050000 0.387500 0.034375 0.041667
0 0.131250 0.470833 0.028125 0.037500
0 0.096875 0.339583 0.031250 0.037500
0 0.117969 0.382292 0.029687 0.039583
0 0.140625 0.423958 0.028125 0.039583
0 0.207813 0.427083 0.031250 0.041667
0 0.305469 0.347917 0.032813 0.045833
0 0.150781 0.319792 0.032813 0.043750
0 0.152344 0.370833 0.032813 0.045833
0 0.182031 0.378125 0.032813 0.047917
0 0.221094 0.387500 0.026562 0.037500
0 0.246094 0.382292 0.029687 0.043750
0 0.243750 0.329167 0.034375 0.041667
0 0.217969 0.315625 0.026562 0.031250
0 0.380469 0.264583 0.029687 0.041667
0 0.362500 0.258333 0.031250 0.041667
0 0.289062 0.276042 0.028125 0.035417
0 0.434375 0.167708 0.031250 0.035417
0 0.175000 0.286458 0.031250 0.043750
0 0.118750 0.262500 0.034375 0.050000
0 0.227344 0.198958 0.035937 0.043750
0 0.110937 0.185417 0.034375 0.041667
0 0.212500 0.150000 0.031250 0.037500
0 0.403125 0.106250 0.031250 0.033333
0 0.438281 0.062500 0.029687 0.045833
0 0.381250 0.095833 0.031250 0.041667
0 0.030469 0.139583 0.029687 0.041667
0 0.071875 0.143750 0.031250 0.037500
0 0.120313 0.154167 0.031250 0.041667
0 0.121875 0.127083 0.037500 0.041667
0 0.198437 0.127083 0.037500 0.041667
0 0.171875 0.085417 0.025000 0.033333
0 0.047656 0.112500 0.026562 0.037500
0 0.029687 0.070833 0.031250 0.033333
0 0.115625 0.040625 0.031250 0.035417
0 0.155469 0.052083 0.026562 0.041667