0 0.453125 0.837500 0.031250 0.050000
0 0.409375 0.789583 0.034375 0.041667
0 0.185156 0.847917 0.023438 0.041667
0 0.126562 0.841667 0.034375 0.041667
0 0.120313 0.806250 0.040625 0.041667
0 0.098437 0.777083 0.034375 0.045833
0 0.058594 0.644792 0.035937 0.047917
0 0.052344 0.576042 0.020313 0.031250
0 0.038281 0.558333 0.035937 0.045833
0 0.066406 0.567708 0.029687 0.052083
0 0.156250 0.669792 0.018750 0.027083
0 0.200000 0.702083 0.031250 0.045833
0 0.173437 0.638542 0.018750 0.031250
0 0.260937 0.634375 0.034375 0.043750
0 0.214844 0.556250 0.026562 0.037500
0 0.281250 0.571875 0.034375 0.043750
0 0.253125 0.525000 0.034375 0.041667
0 0.280469 0.487500 0.035937 0.041667
0 0.473438 0.437500 0.031250 0.041667
0 0.405469 0.435417 0.032813 0.045833
0 0.260156 0.443750 0.032813 0.041667
0 0.312500 0.355208 0.034375 0.043750
0 0.061719 0.411458 0.032813 0.043750
0 0.059375 0.383333 0.031250 0.037500
0 0.124219 0.445833 0.026562 0.033333
0 0.106250 0.348958 0.025000 0.039583
0 0.116406 0.391667 0.023438 0.041667
0 0.232031 0.400000 0.026562 0.037500
0 0.204687 0.425000 0.031250 0.041667
0 0.185156 0.388542 0.032813 0.043750
0 0.139063 0.414583 0.025000 0.037500
0 0.150781 0.344792 0.032813 0.047917
0 0.146094 0.388542 0.029687 0.047917
0 0.208594 0.320833 0.020313 0.033333
0 0.260937 0.357292 0.031250 0.047917
0 0.248438 0.320833 0.034375 0.050000
0 0.290625 0.285417 0.034375 0.041667
0 0.361719 0.240625 0.032813 0.043750
0 0.385937 0.234375 0.031250 0.043750
0 0.433594 0.165625 0.026562 0.043750
0 0.175000 0.271875 0.031250 0.043750
0 0.235156 0.195833 0.039062 0.041667
0 0.112500 0.260417 0.034375 0.045833
0 0.118750 0.206250 0.031250 0.041667
0 0.423438 0.107292 0.037500 0.035417
0 0.385156 0.091667 0.035937 0.041667
0 0.217969 0.148958 0.032813 0.039583
0 0.189062 0.128125 0.031250 0.035417
0 0.142969 0.135417 0.039062 0.045833
0 0.057813 0.121875 0.031250 0.039583
0 0.034375 0.085417 0.031250 0.041667
0 0.026562 0.141667 0.031250 0.041667
0 0.106250 0.039583 0.031250 0.041667
0 0.154688 0.058333 0.031250 0.041667
0 0.176563 0.087500 0.028125 0.033333
0 0.213281 0.036458 0.023438 0.039583