0 0.460938 0.370833 0.031250 0.050000
0 0.468750 0.591667 0.028125 0.054167
0 0.465625 0.764583 0.043750 0.041667
0 0.395313 0.793750 0.037500 0.037500
0 0.256250 0.814583 0.031250 0.045833
0 0.037500 0.787500 0.028125 0.037500
0 0.125000 0.756250 0.034375 0.033333
0 0.198437 0.662500 0.037500 0.037500
0 0.400000 0.645833 0.037500 0.041667
0 0.415625 0.570833 0.031250 0.041667
0 0.026562 0.691667 0.034375 0.037500
0 0.142187 0.716667 0.034375 0.045833
0 0.103125 0.693750 0.034375 0.037500
0 0.101562 0.710417 0.025000 0.029167
0 0.325000 0.639583 0.028125 0.041667
0 0.343750 0.631250 0.025000 0.041667
0 0.343750 0.575000 0.037500 0.037500
0 0.323437 0.508333 0.034375 0.041667
0 0.071875 0.641667 0.037500 0.045833
0 0.076563 0.560417 0.034375 0.050000
0 0.118750 0.497917 0.037500 0.033333
0 0.123438 0.514583 0.034375 0.029167
0 0.046875 0.485417 0.037500 0.041667
0 0.129688 0.429167 0.028125 0.037500
0 0.190625 0.354167 0.034375 0.041667
0 0.046875 0.402083 0.034375 0.041667
0 0.046875 0.347917 0.028125 0.037500
0 0.378125 0.239583 0.025000 0.033333
0 0.362500 0.264583 0.025000 0.033333
0 0.339062 0.281250 0.034375 0.037500
0 0.076563 0.302083 0.031250 0.041667
0 0.115625 0.291667 0.037500 0.037500
0 0.296875 0.268750 0.031250 0.041667
0 0.304688 0.214583 0.031250 0.041667
0 0.253125 0.243750 0.031250 0.041667
0 0.217188 0.254167 0.037500 0.045833
0 0.175000 0.250000 0.031250 0.045833
0 0.118750 0.225000 0.037500 0.041667
0 0.315625 0.054167 0.034375 0.037500
0 0.271875 0.037500 0.034375 0.037500
0 0.303125 0.093750 0.025000 0.041667
0 0.273438 0.091667 0.031250 0.037500
0 0.285938 0.112500 0.031250 0.033333
0 0.203125 0.083333 0.031250 0.037500
0 0.140625 0.054167 0.025000 0.037500
0 0.257812 0.150000 0.034375 0.033333
0 0.175000 0.104167 0.025000 0.045833
0 0.200000 0.143750 0.037500 0.041667
0 0.243750 0.193750 0.034375 0.041667
0 0.185938 0.177083 0.034375 0.041667
0 0.159375 0.154167 0.028125 0.045833
0 0.056250 0.197917 0.025000 0.041667
0 0.079687 0.150000 0.028125 0.041667
0 0.084375 0.116667 0.028125 0.037500
0 0.064062 0.116667 0.025000 0.041667
0 0.078125 0.072917 0.031250 0.041667
0 0.035937 0.045833 0.031250 0.037500
0 0.040625 0.081250 0.028125 0.037500
0 0.028125 0.160417 0.031250 0.041667
0 0.043750 0.183333 0.028125 0.037500