0 0.018750 0.818750 0.018750 0.033333
0 0.039062 0.804167 0.025000 0.033333
0 0.103125 0.839583 0.028125 0.033333
0 0.112500 0.866667 0.018750 0.041667
0 0.248438 0.850000 0.025000 0.029167
0 0.312500 0.862500 0.031250 0.029167
0 0.467187 0.768750 0.025000 0.037500
0 0.042188 0.743750 0.028125 0.045833
0 0.090625 0.781250 0.028125 0.045833
0 0.104688 0.775000 0.025000 0.041667
0 0.039062 0.693750 0.034375 0.045833
0 0.095312 0.683333 0.025000 0.045833
0 0.345313 0.664583 0.037500 0.041667
0 0.309375 0.616667 0.031250 0.037500
0 0.346875 0.581250 0.037500 0.041667
0 0.021875 0.577083 0.025000 0.029167
0 0.060937 0.493750 0.040625 0.041667
0 0.125000 0.527083 0.034375 0.037500
0 0.226562 0.547917 0.040625 0.037500
0 0.296875 0.487500 0.031250 0.045833
0 0.329688 0.464583 0.031250 0.041667
0 0.389062 0.404167 0.037500 0.041667
0 0.351562 0.377083 0.031250 0.041667
0 0.226562 0.468750 0.037500 0.041667
0 0.239063 0.383333 0.034375 0.041667
0 0.148438 0.427083 0.025000 0.041667
0 0.193750 0.422917 0.037500 0.037500
0 0.153125 0.452083 0.034375 0.037500
0 0.057813 0.410417 0.025000 0.041667
0 0.087500 0.375000 0.028125 0.033333
0 0.090625 0.420833 0.031250 0.041667
0 0.075000 0.331250 0.025000 0.033333
0 0.048438 0.304167 0.037500 0.041667
0 0.362500 0.254167 0.034375 0.045833
0 0.456250 0.214583 0.028125 0.045833
0 0.439063 0.252083 0.031250 0.045833
0 0.423438 0.197917 0.028125 0.037500
0 0.290625 0.241667 0.034375 0.037500
0 0.279687 0.210417 0.025000 0.037500
0 0.264062 0.268750 0.034375 0.037500
0 0.218750 0.306250 0.031250 0.041667
0 0.214062 0.258333 0.034375 0.045833
0 0.095312 0.287500 0.034375 0.045833
0 0.123438 0.264583 0.037500 0.033333
0 0.129688 0.233333 0.037500 0.037500
0 0.193750 0.202083 0.028125 0.050000
0 0.318750 0.114583 0.034375 0.041667
0 0.346875 0.056250 0.031250 0.037500
0 0.296875 0.054167 0.028125 0.037500
0 0.185938 0.079167 0.031250 0.041667
0 0.153125 0.131250 0.028125 0.037500
0 0.090625 0.166667 0.037500 0.037500
0 0.090625 0.131250 0.028125 0.037500
0 0.040625 0.145833 0.021875 0.037500
0 0.128125 0.097917 0.040625 0.037500
0 0.143750 0.089583 0.031250 0.037500
0 0.132812 0.033333 0.031250 0.033333
0 0.085938 0.039583 0.031250 0.033333
0 0.089063 0.077083 0.021875 0.033333