0 0.315625 0.866667 0.043750 0.041667
0 0.346875 0.635417 0.031250 0.037500
0 0.146875 0.741667 0.025000 0.033333
0 0.039062 0.793750 0.028125 0.045833
0 0.067187 0.668750 0.034375 0.045833
0 0.189062 0.600000 0.034375 0.050000
0 0.212500 0.568750 0.034375 0.050000
0 0.231250 0.520833 0.028125 0.045833
0 0.203125 0.525000 0.034375 0.045833
0 0.028125 0.622917 0.025000 0.037500
0 0.014063 0.558333 0.018750 0.033333
0 0.048438 0.566667 0.037500 0.037500
0 0.046875 0.525000 0.021875 0.033333
0 0.056250 0.502083 0.021875 0.033333
0 0.028125 0.441667 0.021875 0.037500
0 0.214062 0.450000 0.028125 0.041667
0 0.357812 0.329167 0.028125 0.045833
0 0.282813 0.433333 0.034375 0.045833
0 0.295312 0.416667 0.028125 0.050000
0 0.268750 0.387500 0.034375 0.050000
0 0.303125 0.312500 0.025000 0.041667
0 0.267188 0.291667 0.040625 0.041667
0 0.204687 0.352083 0.028125 0.045833
0 0.135937 0.350000 0.040625 0.037500
0 0.085938 0.310417 0.025000 0.041667
0 0.109375 0.285417 0.037500 0.037500
0 0.125000 0.254167 0.021875 0.041667
0 0.109375 0.245833 0.028125 0.045833
0 0.184375 0.225000 0.034375 0.033333
0 0.184375 0.202083 0.037500 0.033333
0 0.218750 0.266667 0.037500 0.033333
0 0.210938 0.308333 0.040625 0.029167
0 0.215625 0.293750 0.037500 0.029167
0 0.050000 0.250000 0.040625 0.033333
0 0.043750 0.227083 0.028125 0.029167
0 0.057813 0.214583 0.034375 0.041667
0 0.114062 0.156250 0.031250 0.041667
0 0.025000 0.100000 0.025000 0.037500
0 0.021875 0.039583 0.018750 0.033333
0 0.110937 0.070833 0.034375 0.045833
0 0.135937 0.102083 0.028125 0.045833
0 0.206250 0.143750 0.034375 0.045833
0 0.329688 0.125000 0.028125 0.037500
0 0.359375 0.083333 0.031250 0.045833
0 0.467187 0.147917 0.025000 0.045833
0 0.471875 0.047917 0.021875 0.037500