0 0.028125 0.785417 0.021875 0.033333
0 0.253125 0.795833 0.031250 0.045833
0 0.435937 0.804167 0.034375 0.041667
0 0.476562 0.779167 0.021875 0.037500
0 0.457813 0.766667 0.021875 0.033333
0 0.028125 0.710417 0.031250 0.037500
0 0.153125 0.762500 0.034375 0.033333
0 0.418750 0.664583 0.034375 0.037500
0 0.323437 0.647917 0.025000 0.037500
0 0.342187 0.662500 0.025000 0.045833
0 0.370312 0.579167 0.034375 0.037500
0 0.423438 0.541667 0.025000 0.045833
0 0.457813 0.535417 0.028125 0.050000
0 0.456250 0.314583 0.028125 0.050000
0 0.348438 0.481250 0.031250 0.045833
0 0.221875 0.683333 0.037500 0.037500
0 0.165625 0.685417 0.031250 0.045833
0 0.142187 0.718750 0.037500 0.033333
0 0.106250 0.677083 0.025000 0.045833
0 0.129688 0.658333 0.028125 0.041667
0 0.020313 0.606250 0.025000 0.037500
0 0.046875 0.612500 0.034375 0.041667
0 0.070312 0.525000 0.034375 0.041667
0 0.126562 0.512500 0.034375 0.037500
0 0.031250 0.422917 0.028125 0.041667
0 0.032813 0.475000 0.034375 0.033333
0 0.089063 0.483333 0.034375 0.037500
0 0.145313 0.441667 0.028125 0.033333
0 0.042188 0.333333 0.025000 0.041667
0 0.198437 0.339583 0.031250 0.041667
0 0.370312 0.233333 0.021875 0.033333
0 0.359375 0.268750 0.021875 0.029167
0 0.353125 0.287500 0.031250 0.037500
0 0.050000 0.264583 0.034375 0.041667
0 0.132812 0.289583 0.040625 0.037500
0 0.143750 0.250000 0.040625 0.045833
0 0.229687 0.264583 0.034375 0.041667
0 0.296875 0.239583 0.031250 0.045833
0 0.254688 0.214583 0.031250 0.033333
0 0.257812 0.235417 0.031250 0.037500
0 0.298438 0.177083 0.031250 0.045833
0 0.178125 0.187500 0.031250 0.041667
0 0.184375 0.216667 0.028125 0.041667
0 0.204687 0.195833 0.028125 0.041667
0 0.285938 0.112500 0.037500 0.041667
0 0.243750 0.147917 0.034375 0.041667
0 0.215625 0.152083 0.037500 0.045833
0 0.051562 0.206250 0.031250 0.045833
0 0.278125 0.037500 0.034375 0.041667
0 0.248438 0.029167 0.034375 0.033333
0 0.253125 0.072917 0.034375 0.037500
0 0.212500 0.070833 0.037500 0.037500
0 0.176563 0.070833 0.028125 0.045833
0 0.187500 0.093750 0.025000 0.041667
0 0.157812 0.135417 0.031250 0.041667
0 0.132812 0.047917 0.021875 0.033333
0 0.035937 0.183333 0.031250 0.029167
0 0.079687 0.158333 0.028125 0.041667
0 0.040625 0.160417 0.031250 0.037500
0 0.017188 0.141667 0.018750 0.041667
0 0.067187 0.127083 0.031250 0.037500
0 0.048438 0.104167 0.028125 0.037500
0 0.034375 0.070833 0.031250 0.041667
0 0.078125 0.047917 0.034375 0.033333
0 0.064062 0.031250 0.031250 0.029167