0 0.024219 0.781250 0.029687 0.041667
0 0.031250 0.814583 0.031250 0.041667
0 0.056250 0.789583 0.031250 0.041667
0 0.057813 0.737500 0.028125 0.041667
0 0.081250 0.854167 0.034375 0.050000
0 0.092969 0.681250 0.026562 0.033333
0 0.117188 0.657292 0.034375 0.039583
0 0.211719 0.859375 0.035937 0.039583
0 0.184375 0.838542 0.028125 0.039583
0 0.180469 0.766667 0.032813 0.041667
0 0.286719 0.737500 0.026562 0.041667
0 0.350000 0.801042 0.031250 0.039583
0 0.354687 0.757292 0.028125 0.047917
0 0.184375 0.637500 0.031250 0.041667
0 0.195312 0.591667 0.028125 0.041667
0 0.479687 0.602083 0.031250 0.041667
0 0.050000 0.579167 0.031250 0.033333
0 0.054688 0.557292 0.034375 0.043750
0 0.023438 0.539583 0.031250 0.037500
0 0.028125 0.503125 0.031250 0.039583
0 0.104688 0.520833 0.031250 0.041667
0 0.298438 0.535417 0.028125 0.041667
0 0.338281 0.525000 0.039062 0.041667
0 0.386719 0.490625 0.042188 0.043750
0 0.218750 0.485417 0.031250 0.041667
0 0.225000 0.463542 0.028125 0.039583
0 0.276562 0.441667 0.031250 0.041667
0 0.023438 0.410417 0.031250 0.041667
0 0.052344 0.441667 0.035937 0.045833
0 0.417187 0.318750 0.034375 0.045833
0 0.364063 0.301042 0.034375 0.043750
0 0.165625 0.405208 0.031250 0.035417
0 0.170313 0.383333 0.025000 0.037500
0 0.109375 0.390625 0.034375 0.039583
0 0.114844 0.411458 0.020313 0.039583
0 0.122656 0.368750 0.035937 0.041667
0 0.140625 0.327083 0.031250 0.041667
0 0.176563 0.331250 0.034375 0.041667
0 0.359375 0.184375 0.031250 0.043750
0 0.466406 0.107292 0.029687 0.039583
0 0.439063 0.154167 0.031250 0.041667
0 0.415625 0.135417 0.031250 0.041667
0 0.390625 0.138542 0.028125 0.039583
0 0.050000 0.268750 0.037500 0.045833
0 0.289844 0.211458 0.035937 0.039583
0 0.300000 0.164583 0.031250 0.041667
0 0.267188 0.166667 0.031250 0.041667
0 0.065625 0.226042 0.043750 0.043750
0 0.084375 0.200000 0.034375 0.041667
0 0.021875 0.164583 0.031250 0.041667
0 0.031250 0.131250 0.031250 0.037500
0 0.090625 0.102083 0.034375 0.045833
0 0.137500 0.108333 0.034375 0.045833
0 0.184375 0.154167 0.034375 0.041667
0 0.170313 0.119792 0.025000 0.052083
0 0.217188 0.101042 0.037500 0.039583
0 0.189062 0.037500 0.031250 0.041667
0 0.309375 0.052083 0.031250 0.041667