0 0.029687 0.833333 0.028125 0.037500
0 0.040625 0.789583 0.028125 0.037500
0 0.256250 0.825000 0.031250 0.050000
0 0.385937 0.795833 0.037500 0.041667
0 0.446875 0.750000 0.037500 0.041667
0 0.470313 0.620833 0.025000 0.054167
0 0.023438 0.685417 0.028125 0.037500
0 0.179688 0.645833 0.037500 0.037500
0 0.078125 0.656250 0.031250 0.041667
0 0.090625 0.681250 0.034375 0.037500
0 0.087500 0.733333 0.025000 0.033333
0 0.103125 0.712500 0.025000 0.041667
0 0.129688 0.731250 0.028125 0.045833
0 0.117188 0.768750 0.028125 0.041667
0 0.393750 0.633333 0.037500 0.041667
0 0.407813 0.577083 0.034375 0.041667
0 0.460938 0.387500 0.031250 0.050000
0 0.321875 0.633333 0.028125 0.041667
0 0.345313 0.629167 0.031250 0.054167
0 0.325000 0.575000 0.037500 0.041667
0 0.315625 0.518750 0.040625 0.041667
0 0.080469 0.583333 0.032813 0.050000
0 0.060156 0.488542 0.032813 0.043750
0 0.121094 0.515625 0.032813 0.031250
0 0.125000 0.496875 0.028125 0.031250
0 0.121875 0.422917 0.028125 0.037500
0 0.057031 0.394792 0.032813 0.043750
0 0.188281 0.361458 0.032813 0.043750
0 0.051562 0.356250 0.028125 0.037500
0 0.086719 0.330208 0.032813 0.043750
0 0.110937 0.302083 0.037500 0.050000
0 0.112500 0.218750 0.037500 0.050000
0 0.385937 0.247917 0.028125 0.037500
0 0.364844 0.269792 0.023438 0.031250
0 0.340625 0.281250 0.037500 0.037500
0 0.299219 0.293750 0.032813 0.050000
0 0.023438 0.254167 0.028125 0.037500
0 0.164062 0.264583 0.034375 0.045833
0 0.304688 0.231250 0.034375 0.045833
0 0.251563 0.247917 0.034375 0.041667
0 0.207813 0.247917 0.040625 0.045833
0 0.404687 0.039583 0.031250 0.041667
0 0.335938 0.072917 0.031250 0.041667
0 0.307812 0.079167 0.025000 0.041667
0 0.267188 0.158333 0.034375 0.037500
0 0.234375 0.181250 0.034375 0.037500
0 0.292187 0.108333 0.037500 0.041667
0 0.279687 0.039583 0.034375 0.037500
0 0.062500 0.195833 0.031250 0.045833
0 0.182812 0.177083 0.034375 0.041667
0 0.159375 0.164583 0.028125 0.041667
0 0.195312 0.143750 0.034375 0.045833
0 0.207813 0.095833 0.034375 0.041667
0 0.173437 0.112500 0.034375 0.041667
0 0.181250 0.089583 0.028125 0.045833
0 0.150000 0.062500 0.031250 0.045833
0 0.050000 0.177083 0.028125 0.041667
0 0.025000 0.164583 0.031250 0.045833
0 0.075000 0.150000 0.034375 0.045833
0 0.098437 0.112500 0.031250 0.045833
0 0.078125 0.114583 0.031250 0.041667
0 0.082812 0.085417 0.031250 0.041667
0 0.060937 0.106250 0.031250 0.041667
0 0.046875 0.087500 0.031250 0.045833
0 0.025000 0.116667 0.031250 0.045833
0 0.026562 0.047917 0.031250 0.041667