0 0.018750 0.825000 0.025000 0.037500
0 0.037500 0.866667 0.028125 0.066667
0 0.053125 0.856250 0.028125 0.050000
0 0.096875 0.845833 0.028125 0.050000
0 0.131250 0.850000 0.031250 0.050000
0 0.259375 0.868750 0.028125 0.045833
0 0.107813 0.781250 0.028125 0.050000
0 0.470313 0.768750 0.021875 0.033333
0 0.295312 0.637500 0.034375 0.045833
0 0.320312 0.622917 0.031250 0.037500
0 0.025000 0.620833 0.034375 0.037500
0 0.029687 0.587500 0.025000 0.033333
0 0.168750 0.575000 0.037500 0.037500
0 0.301563 0.541667 0.037500 0.045833
0 0.470313 0.358333 0.031250 0.045833
0 0.442188 0.193750 0.028125 0.037500
0 0.359375 0.335417 0.031250 0.041667
0 0.360938 0.360417 0.037500 0.041667
0 0.306250 0.368750 0.034375 0.037500
0 0.285938 0.379167 0.031250 0.041667
0 0.267188 0.427083 0.031250 0.041667
0 0.225000 0.479167 0.034375 0.041667
0 0.206250 0.456250 0.031250 0.041667
0 0.178125 0.445833 0.031250 0.041667
0 0.093750 0.470833 0.034375 0.041667
0 0.046875 0.441667 0.031250 0.041667
0 0.090625 0.389583 0.031250 0.045833
0 0.132812 0.383333 0.034375 0.045833
0 0.143750 0.352083 0.031250 0.045833
0 0.021875 0.504167 0.031250 0.045833
0 0.020313 0.341667 0.028125 0.045833
0 0.276562 0.293750 0.034375 0.041667
0 0.259375 0.258333 0.037500 0.037500
0 0.262500 0.227083 0.037500 0.037500
0 0.353125 0.131250 0.028125 0.045833
0 0.323437 0.116667 0.034375 0.037500
0 0.290625 0.147917 0.031250 0.045833
0 0.168750 0.160417 0.028125 0.041667
0 0.154688 0.179167 0.028125 0.041667
0 0.025000 0.254167 0.031250 0.037500
0 0.054688 0.235417 0.037500 0.037500
0 0.071875 0.214583 0.037500 0.033333
0 0.046875 0.200000 0.037500 0.041667
0 0.104688 0.154167 0.031250 0.037500
0 0.109375 0.083333 0.031250 0.041667
0 0.100000 0.102083 0.034375 0.033333
0 0.042188 0.110417 0.031250 0.033333
0 0.048438 0.089583 0.037500 0.037500
0 0.079687 0.029167 0.031250 0.037500
0 0.021875 0.093750 0.028125 0.050000