0 0.020313 0.810417 0.018750 0.033333
0 0.043750 0.795833 0.028125 0.033333
0 0.034375 0.825000 0.025000 0.033333
0 0.078125 0.835417 0.031250 0.037500
0 0.145313 0.854167 0.025000 0.050000
0 0.248438 0.845833 0.028125 0.041667
0 0.346875 0.843750 0.034375 0.045833
0 0.387500 0.708333 0.037500 0.045833
0 0.471875 0.729167 0.021875 0.045833
0 0.467187 0.768750 0.028125 0.037500
0 0.025000 0.670833 0.028125 0.037500
0 0.065625 0.645833 0.034375 0.045833
0 0.087500 0.656250 0.021875 0.037500
0 0.073438 0.691667 0.037500 0.041667
0 0.109375 0.745833 0.021875 0.041667
0 0.125000 0.733333 0.025000 0.037500
0 0.367188 0.585417 0.037500 0.045833
0 0.357812 0.522917 0.034375 0.041667
0 0.326562 0.554167 0.031250 0.050000
0 0.310937 0.612500 0.031250 0.041667
0 0.142187 0.575000 0.034375 0.045833
0 0.259375 0.554167 0.037500 0.041667
0 0.260937 0.508333 0.040625 0.041667
0 0.421875 0.429167 0.037500 0.041667
0 0.096875 0.497917 0.040625 0.037500
0 0.117188 0.475000 0.037500 0.037500
0 0.139063 0.450000 0.028125 0.045833
0 0.098437 0.391667 0.025000 0.029167
0 0.370312 0.339583 0.028125 0.045833
0 0.414062 0.241667 0.028125 0.037500
0 0.267188 0.358333 0.034375 0.037500
0 0.175000 0.383333 0.031250 0.041667
0 0.151562 0.404167 0.040625 0.037500
0 0.065625 0.400000 0.034375 0.041667
0 0.079687 0.360417 0.034375 0.041667
0 0.075000 0.331250 0.034375 0.045833
0 0.125000 0.295833 0.034375 0.045833
0 0.050000 0.252083 0.031250 0.041667
0 0.312500 0.268750 0.034375 0.041667
0 0.428125 0.131250 0.031250 0.045833
0 0.396875 0.164583 0.034375 0.045833
0 0.335938 0.187500 0.031250 0.045833
0 0.307812 0.118750 0.031250 0.045833
0 0.331250 0.050000 0.031250 0.041667
0 0.292187 0.031250 0.025000 0.037500
0 0.214062 0.064583 0.037500 0.037500
0 0.257812 0.277083 0.034375 0.037500
0 0.284375 0.183333 0.028125 0.041667
0 0.229687 0.204167 0.034375 0.045833
0 0.156250 0.264583 0.037500 0.045833
0 0.160938 0.218750 0.031250 0.041667
0 0.078125 0.225000 0.034375 0.045833
0 0.104688 0.179167 0.034375 0.045833
0 0.046875 0.156250 0.025000 0.037500
0 0.210938 0.143750 0.031250 0.050000
0 0.187500 0.168750 0.031250 0.041667
0 0.156250 0.141667 0.031250 0.037500
0 0.184375 0.125000 0.028125 0.050000
0 0.168750 0.091667 0.028125 0.037500
0 0.154688 0.108333 0.031250 0.033333
0 0.151562 0.077083 0.021875 0.033333
0 0.079687 0.118750 0.028125 0.037500
0 0.118750 0.072917 0.028125 0.041667
0 0.090625 0.077083 0.028125 0.037500
0 0.070312 0.060417 0.037500 0.041667
0 0.050000 0.127083 0.040625 0.037500
0 0.029687 0.104167 0.034375 0.033333