0 0.364063 0.675000 0.043750 0.041667
0 0.309375 0.616667 0.031250 0.041667
0 0.360938 0.583333 0.040625 0.045833
0 0.314063 0.868750 0.028125 0.045833
0 0.246875 0.847917 0.025000 0.033333
0 0.101562 0.839583 0.034375 0.041667
0 0.021875 0.812500 0.018750 0.029167
0 0.040625 0.800000 0.025000 0.033333
0 0.109375 0.768750 0.034375 0.050000
0 0.053125 0.718750 0.031250 0.041667
0 0.046875 0.679167 0.031250 0.045833
0 0.093750 0.668750 0.021875 0.045833
0 0.017188 0.658333 0.021875 0.037500
0 0.017188 0.575000 0.021875 0.029167
0 0.128125 0.537500 0.034375 0.037500
0 0.081250 0.497917 0.043750 0.045833
0 0.304688 0.508333 0.028125 0.050000
0 0.339062 0.479167 0.031250 0.037500
0 0.237500 0.545833 0.037500 0.037500
0 0.235937 0.483333 0.037500 0.045833
0 0.392188 0.412500 0.037500 0.041667
0 0.357812 0.372917 0.028125 0.045833
0 0.245312 0.370833 0.037500 0.037500
0 0.142187 0.454167 0.040625 0.033333
0 0.150000 0.435417 0.031250 0.045833
0 0.179688 0.414583 0.037500 0.041667
0 0.056250 0.404167 0.025000 0.037500
0 0.085938 0.416667 0.034375 0.045833
0 0.087500 0.383333 0.025000 0.037500
0 0.060937 0.314583 0.037500 0.041667
0 0.079687 0.337500 0.031250 0.037500
0 0.446875 0.183333 0.028125 0.045833
0 0.426563 0.220833 0.034375 0.045833
0 0.359375 0.231250 0.034375 0.045833
0 0.298438 0.252083 0.034375 0.045833
0 0.231250 0.295833 0.034375 0.041667
0 0.260937 0.266667 0.028125 0.037500
0 0.284375 0.197917 0.025000 0.037500
0 0.315625 0.112500 0.034375 0.037500
0 0.339062 0.045833 0.028125 0.033333
0 0.085938 0.260417 0.034375 0.045833
0 0.103125 0.287500 0.031250 0.037500
0 0.134375 0.264583 0.037500 0.037500
0 0.145313 0.229167 0.037500 0.033333
0 0.201563 0.181250 0.028125 0.045833
0 0.043750 0.154167 0.025000 0.037500
0 0.025000 0.129167 0.034375 0.037500
0 0.189062 0.095833 0.031250 0.041667
0 0.098437 0.166667 0.037500 0.041667
0 0.089063 0.127083 0.028125 0.037500
0 0.156250 0.127083 0.031250 0.037500
0 0.084375 0.047917 0.037500 0.037500
0 0.131250 0.043750 0.031250 0.037500
0 0.089063 0.068750 0.025000 0.029167
0 0.139063 0.100000 0.037500 0.037500
0 0.150000 0.091667 0.021875 0.045833