0 0.275000 0.866667 0.031250 0.037500
0 0.043750 0.850000 0.025000 0.033333
0 0.025000 0.783333 0.028125 0.033333
0 0.157812 0.806250 0.028125 0.037500
0 0.150000 0.847917 0.037500 0.045833
0 0.478125 0.775000 0.028125 0.029167
0 0.335938 0.627083 0.034375 0.041667
0 0.032813 0.633333 0.034375 0.045833
0 0.040625 0.579167 0.028125 0.037500
0 0.018750 0.583333 0.025000 0.037500
0 0.112500 0.585417 0.037500 0.037500
0 0.243750 0.568750 0.037500 0.041667
0 0.229687 0.531250 0.031250 0.050000
0 0.278125 0.481250 0.028125 0.045833
0 0.190625 0.504167 0.025000 0.037500
0 0.045312 0.402083 0.034375 0.041667
0 0.073438 0.333333 0.025000 0.045833
0 0.162500 0.466667 0.034375 0.050000
0 0.195312 0.441667 0.031250 0.037500
0 0.203125 0.427083 0.025000 0.041667
0 0.182812 0.408333 0.037500 0.037500
0 0.246875 0.375000 0.031250 0.050000
0 0.325000 0.372917 0.040625 0.041667
0 0.325000 0.320833 0.037500 0.041667
0 0.290625 0.310417 0.031250 0.041667
0 0.265625 0.304167 0.037500 0.037500
0 0.250000 0.318750 0.037500 0.037500
0 0.167187 0.331250 0.040625 0.041667
0 0.112500 0.285417 0.037500 0.037500
0 0.140625 0.285417 0.037500 0.037500
0 0.298438 0.266667 0.031250 0.054167
0 0.359375 0.212500 0.028125 0.041667
0 0.464062 0.189583 0.028125 0.037500
0 0.328125 0.120833 0.031250 0.041667
0 0.298438 0.031250 0.037500 0.037500
0 0.215625 0.218750 0.037500 0.033333
0 0.212500 0.247917 0.037500 0.033333
0 0.178125 0.202083 0.034375 0.041667
0 0.110937 0.245833 0.040625 0.037500
0 0.125000 0.216667 0.031250 0.041667
0 0.071875 0.225000 0.028125 0.037500
0 0.096875 0.179167 0.034375 0.045833
0 0.151562 0.154167 0.034375 0.041667
0 0.029687 0.204167 0.034375 0.037500
0 0.046875 0.062500 0.037500 0.033333