0 0.478125 0.787500 0.025000 0.037500
0 0.295312 0.866667 0.040625 0.037500
0 0.035937 0.854167 0.031250 0.033333
0 0.156250 0.783333 0.028125 0.041667
0 0.040625 0.781250 0.031250 0.037500
0 0.342187 0.629167 0.034375 0.041667
0 0.045312 0.650000 0.034375 0.045833
0 0.085938 0.587500 0.037500 0.041667
0 0.050000 0.564583 0.025000 0.037500
0 0.017188 0.572917 0.021875 0.037500
0 0.040625 0.516667 0.025000 0.033333
0 0.240625 0.558333 0.037500 0.045833
0 0.221875 0.541667 0.031250 0.041667
0 0.201563 0.512500 0.031250 0.041667
0 0.171875 0.522917 0.031250 0.058333
0 0.276562 0.447917 0.028125 0.050000
0 0.301563 0.400000 0.034375 0.045833
0 0.204687 0.445833 0.031250 0.041667
0 0.210938 0.406250 0.031250 0.045833
0 0.039062 0.425000 0.028125 0.037500
0 0.159375 0.389583 0.037500 0.041667
0 0.029687 0.370833 0.034375 0.041667
0 0.232813 0.341667 0.031250 0.037500
0 0.303125 0.308333 0.040625 0.045833
0 0.360938 0.241667 0.031250 0.041667
0 0.467187 0.170833 0.031250 0.041667
0 0.078125 0.304167 0.031250 0.041667
0 0.143750 0.320833 0.040625 0.041667
0 0.228125 0.297917 0.037500 0.033333
0 0.235937 0.279167 0.034375 0.033333
0 0.328125 0.120833 0.031250 0.041667
0 0.207813 0.247917 0.037500 0.037500
0 0.201563 0.204167 0.037500 0.033333
0 0.185938 0.181250 0.034375 0.041667
0 0.126562 0.254167 0.025000 0.033333
0 0.118750 0.225000 0.028125 0.037500
0 0.076563 0.258333 0.028125 0.037500
0 0.087500 0.233333 0.040625 0.033333
0 0.087500 0.202083 0.034375 0.041667
0 0.139063 0.152083 0.034375 0.037500
0 0.018750 0.204167 0.028125 0.037500
0 0.018750 0.135417 0.025000 0.037500
0 0.093750 0.035417 0.034375 0.041667
0 0.257812 0.037500 0.037500 0.037500