0 0.075000 0.864583 0.031250 0.029167
0 0.236719 0.854167 0.032813 0.037500
0 0.435937 0.760417 0.031250 0.041667
0 0.439844 0.702083 0.029687 0.041667
0 0.177344 0.789583 0.032813 0.041667
0 0.210938 0.733333 0.031250 0.045833
0 0.175000 0.700000 0.025000 0.029167
0 0.080469 0.689583 0.026562 0.050000
0 0.406250 0.586458 0.031250 0.047917
0 0.447656 0.437500 0.032813 0.041667
0 0.164062 0.646875 0.025000 0.035417
0 0.207813 0.615625 0.031250 0.035417
0 0.023438 0.571875 0.031250 0.035417
0 0.039062 0.552083 0.025000 0.037500
0 0.046875 0.462500 0.031250 0.037500
0 0.151562 0.514583 0.037500 0.041667
0 0.218750 0.486458 0.037500 0.043750
0 0.249219 0.480208 0.023438 0.031250
0 0.147656 0.451042 0.020313 0.031250
0 0.229687 0.436458 0.018750 0.022917
0 0.278906 0.444792 0.023438 0.031250
0 0.194531 0.422917 0.045312 0.041667
0 0.364063 0.377083 0.031250 0.041667
0 0.349219 0.313542 0.032813 0.043750
0 0.025781 0.320833 0.029687 0.037500
0 0.089844 0.302083 0.035937 0.045833
0 0.181250 0.358333 0.031250 0.037500
0 0.182031 0.333333 0.026562 0.041667
0 0.153906 0.327083 0.032813 0.041667
0 0.264062 0.266667 0.037500 0.037500
0 0.212500 0.288542 0.021875 0.031250
0 0.271094 0.212500 0.023438 0.041667
0 0.207031 0.268750 0.032813 0.041667
0 0.142187 0.280208 0.028125 0.039583
0 0.142187 0.253125 0.028125 0.043750
0 0.140625 0.208333 0.031250 0.041667
0 0.213281 0.191667 0.035937 0.041667
0 0.408594 0.190625 0.029687 0.039583
0 0.365625 0.144792 0.031250 0.043750
0 0.445312 0.159375 0.031250 0.043750
0 0.465625 0.105208 0.031250 0.043750
0 0.342187 0.104167 0.031250 0.037500
0 0.382812 0.062500 0.031250 0.041667
0 0.099219 0.183333 0.029687 0.041667
0 0.039062 0.068750 0.025000 0.037500
0 0.039062 0.122917 0.031250 0.041667
0 0.064062 0.139583 0.031250 0.041667
0 0.079687 0.114583 0.031250 0.041667
0 0.091406 0.135417 0.026562 0.033333
0 0.200000 0.120833 0.031250 0.033333
0 0.180469 0.102083 0.026562 0.033333
0 0.172656 0.071875 0.023438 0.031250
0 0.150781 0.072917 0.026562 0.045833