0 0.265625 0.866667 0.031250 0.041667
0 0.143750 0.860417 0.028125 0.029167
0 0.142187 0.829167 0.028125 0.041667
0 0.123438 0.814583 0.034375 0.045833
0 0.092188 0.864583 0.028125 0.037500
0 0.045312 0.866667 0.034375 0.045833
0 0.326562 0.622917 0.031250 0.037500
0 0.270313 0.608333 0.037500 0.045833
0 0.142187 0.581250 0.037500 0.037500
0 0.026562 0.622917 0.034375 0.037500
0 0.034375 0.587500 0.028125 0.033333
0 0.285938 0.510417 0.037500 0.045833
0 0.229687 0.504167 0.034375 0.045833
0 0.351562 0.335417 0.037500 0.041667
0 0.340625 0.360417 0.037500 0.037500
0 0.454688 0.202083 0.028125 0.033333
0 0.031250 0.460417 0.028125 0.041667
0 0.067187 0.431250 0.037500 0.037500
0 0.073438 0.370833 0.021875 0.029167
0 0.076563 0.352083 0.025000 0.037500
0 0.254688 0.400000 0.028125 0.041667
0 0.181250 0.487500 0.025000 0.033333
0 0.203125 0.445833 0.021875 0.041667
0 0.184375 0.443750 0.028125 0.041667
0 0.151562 0.422917 0.034375 0.045833
0 0.195312 0.402083 0.031250 0.037500
0 0.267188 0.345833 0.028125 0.037500
0 0.285938 0.335417 0.031250 0.037500
0 0.284375 0.302083 0.034375 0.037500
0 0.181250 0.350000 0.040625 0.041667
0 0.132812 0.320833 0.028125 0.045833
0 0.160938 0.295833 0.037500 0.037500
0 0.354687 0.177083 0.028125 0.045833
0 0.343750 0.025000 0.037500 0.037500
0 0.323437 0.120833 0.028125 0.041667
0 0.292187 0.202083 0.034375 0.054167
0 0.240625 0.227083 0.040625 0.037500
0 0.229687 0.254167 0.037500 0.037500
0 0.139063 0.252083 0.040625 0.037500
0 0.168750 0.208333 0.034375 0.045833
0 0.160938 0.152083 0.028125 0.037500
0 0.118750 0.183333 0.028125 0.037500
0 0.068750 0.227083 0.031250 0.037500
0 0.043750 0.218750 0.031250 0.037500
0 0.028125 0.235417 0.034375 0.041667
0 0.025000 0.185417 0.034375 0.045833
0 0.096875 0.154167 0.034375 0.041667
0 0.028125 0.097917 0.031250 0.037500
0 0.085938 0.068750 0.031250 0.033333
0 0.078125 0.089583 0.034375 0.037500
0 0.076563 0.025000 0.031250 0.033333
0 0.017188 0.116667 0.025000 0.037500