0 0.054688 0.185417 0.043750 0.045833
0 0.078906 0.125000 0.035937 0.037500
0 0.132031 0.131250 0.035937 0.045833
0 0.016406 0.252083 0.020313 0.041667
0 0.031250 0.281250 0.031250 0.041667
0 0.100781 0.208333 0.035937 0.033333
0 0.096875 0.238542 0.043750 0.035417
0 0.083594 0.264583 0.035937 0.033333
0 0.146094 0.280208 0.035937 0.039583
0 0.099219 0.329167 0.035937 0.041667
0 0.020313 0.381250 0.021875 0.041667
0 0.084375 0.368750 0.031250 0.041667
0 0.169531 0.330208 0.035937 0.039583
0 0.218750 0.315625 0.037500 0.039583
0 0.107813 0.375000 0.031250 0.041667
0 0.140625 0.395833 0.031250 0.041667
0 0.160938 0.414583 0.028125 0.037500
0 0.064062 0.419792 0.043750 0.039583
0 0.124219 0.447917 0.026562 0.041667
0 0.048438 0.534375 0.034375 0.035417
0 0.040625 0.556250 0.034375 0.033333
0 0.050781 0.583333 0.032813 0.041667
0 0.093750 0.546875 0.037500 0.039583
0 0.127344 0.568750 0.032813 0.041667
0 0.023438 0.829167 0.031250 0.041667
0 0.034375 0.781250 0.031250 0.041667
0 0.051562 0.832292 0.034375 0.043750
0 0.060937 0.756250 0.031250 0.041667
0 0.090625 0.710417 0.025000 0.041667
0 0.134375 0.685417 0.031250 0.037500
0 0.178125 0.620833 0.031250 0.041667
0 0.187500 0.695833 0.031250 0.041667
0 0.175781 0.814583 0.029687 0.041667
0 0.247656 0.861458 0.039062 0.043750
0 0.292969 0.852083 0.026562 0.041667
0 0.300781 0.795833 0.026562 0.041667
0 0.340625 0.793750 0.028125 0.041667
0 0.378125 0.821875 0.031250 0.047917
0 0.467969 0.598958 0.023438 0.035417
0 0.206250 0.560417 0.028125 0.041667
0 0.221875 0.464583 0.031250 0.041667
0 0.230469 0.513542 0.035937 0.043750
0 0.291406 0.441667 0.035937 0.041667
0 0.307812 0.495833 0.028125 0.041667
0 0.356250 0.481250 0.034375 0.041667
0 0.387500 0.508333 0.034375 0.041667
0 0.375781 0.538542 0.029687 0.039583
0 0.389844 0.276042 0.032813 0.043750
0 0.428906 0.291667 0.035937 0.041667
0 0.198437 0.148958 0.031250 0.035417
0 0.436719 0.150000 0.039062 0.045833
0 0.357031 0.188542 0.039062 0.043750
0 0.273438 0.167708 0.028125 0.035417
0 0.282031 0.154167 0.026562 0.037500
0 0.297656 0.136458 0.026562 0.035417
0 0.306250 0.179167 0.040625 0.041667
0 0.169531 0.104167 0.026562 0.037500
0 0.182031 0.084375 0.026562 0.031250
0 0.203125 0.068750 0.031250 0.041667
0 0.222656 0.058333 0.026562 0.041667
0 0.242188 0.114583 0.034375 0.045833
0 0.287500 0.066667 0.028125 0.033333
0 0.286719 0.043750 0.026562 0.033333
0 0.309375 0.045833 0.031250 0.041667
0 0.389062 0.129167 0.028125 0.037500
0 0.435156 0.036458 0.026562 0.039583
0 0.470313 0.102083 0.025000 0.037500