0 0.022656 0.857292 0.026562 0.035417
0 0.264062 0.864583 0.031250 0.041667
0 0.442188 0.760417 0.031250 0.041667
0 0.177344 0.770833 0.029687 0.037500
0 0.215625 0.735417 0.031250 0.041667
0 0.186719 0.713542 0.023438 0.035417
0 0.425000 0.663542 0.028125 0.043750
0 0.448437 0.634375 0.021875 0.035417
0 0.148438 0.645833 0.021875 0.033333
0 0.072656 0.648958 0.026562 0.047917
0 0.192188 0.597917 0.034375 0.041667
0 0.387500 0.620833 0.034375 0.041667
0 0.432031 0.445833 0.032813 0.041667
0 0.027344 0.562500 0.023438 0.033333
0 0.039062 0.518750 0.031250 0.041667
0 0.028125 0.426042 0.031250 0.039583
0 0.115625 0.494792 0.031250 0.035417
0 0.159375 0.538542 0.021875 0.031250
0 0.140625 0.456250 0.025000 0.037500
0 0.187500 0.455208 0.037500 0.043750
0 0.235156 0.455208 0.023438 0.035417
0 0.264062 0.484375 0.034375 0.039583
0 0.281250 0.455208 0.025000 0.035417
0 0.337500 0.390625 0.034375 0.039583
0 0.328906 0.334375 0.035937 0.043750
0 0.144531 0.403125 0.035937 0.035417
0 0.153125 0.381250 0.034375 0.033333
0 0.183594 0.360417 0.029687 0.041667
0 0.159375 0.346875 0.034375 0.039583
0 0.138281 0.311458 0.035937 0.043750
0 0.068750 0.265625 0.037500 0.043750
0 0.467187 0.170833 0.028125 0.045833
0 0.440625 0.209375 0.028125 0.047917
0 0.390625 0.202083 0.028125 0.037500
0 0.347656 0.171875 0.035937 0.043750
0 0.225781 0.271875 0.026562 0.035417
0 0.152344 0.288542 0.029687 0.043750
0 0.117969 0.244792 0.029687 0.039583
0 0.085938 0.216667 0.031250 0.041667
0 0.259375 0.168750 0.025000 0.041667
0 0.239844 0.235417 0.039062 0.045833
0 0.186719 0.226042 0.032813 0.043750
0 0.153906 0.214583 0.032813 0.041667
0 0.150000 0.187500 0.028125 0.033333
0 0.200000 0.185417 0.031250 0.037500
0 0.358594 0.073958 0.032813 0.043750
0 0.310156 0.104167 0.039062 0.041667
0 0.204687 0.127083 0.034375 0.041667
0 0.176563 0.100000 0.031250 0.037500
0 0.175000 0.067708 0.028125 0.035417
0 0.140625 0.133333 0.031250 0.045833
0 0.036719 0.159375 0.032813 0.043750
0 0.099219 0.100000 0.035937 0.041667
0 0.084375 0.137500 0.028125 0.033333
0 0.109375 0.139583 0.025000 0.033333
0 0.046094 0.038542 0.029687 0.031250