0 0.025000 0.804167 0.031250 0.041667
0 0.043750 0.837500 0.031250 0.045833
0 0.090625 0.795833 0.037500 0.041667
0 0.453125 0.758333 0.031250 0.041667
0 0.239063 0.839583 0.031250 0.045833
0 0.226562 0.758333 0.034375 0.050000
0 0.318750 0.770833 0.034375 0.050000
0 0.289062 0.739583 0.031250 0.054167
0 0.134375 0.662500 0.034375 0.050000
0 0.140625 0.608333 0.025000 0.041667
0 0.417187 0.472917 0.025000 0.050000
0 0.381250 0.502083 0.031250 0.041667
0 0.393750 0.489583 0.028125 0.045833
0 0.289062 0.531250 0.043750 0.050000
0 0.342187 0.404167 0.037500 0.045833
0 0.209375 0.485417 0.031250 0.050000
0 0.245312 0.495833 0.037500 0.050000
0 0.089063 0.510417 0.037500 0.037500
0 0.021875 0.545833 0.021875 0.041667
0 0.020313 0.510417 0.031250 0.041667
0 0.092188 0.441667 0.034375 0.041667
0 0.184375 0.568750 0.031250 0.041667
0 0.415625 0.333333 0.034375 0.050000
0 0.476562 0.283333 0.031250 0.041667
0 0.479687 0.377083 0.031250 0.041667
0 0.410938 0.104167 0.031250 0.045833
0 0.342187 0.216667 0.034375 0.041667
0 0.182812 0.322917 0.031250 0.041667
0 0.237500 0.254167 0.031250 0.041667
0 0.251563 0.329167 0.034375 0.050000
0 0.021875 0.422917 0.031250 0.041667
0 0.115625 0.341667 0.034375 0.050000
0 0.162500 0.272917 0.043750 0.050000
0 0.271875 0.270833 0.034375 0.045833
0 0.267188 0.204167 0.037500 0.041667
0 0.023438 0.366667 0.031250 0.041667
0 0.039062 0.339583 0.034375 0.045833
0 0.042188 0.275000 0.040625 0.041667
0 0.043750 0.250000 0.040625 0.033333
0 0.075000 0.239583 0.043750 0.045833
0 0.209375 0.050000 0.034375 0.041667
0 0.239063 0.114583 0.034375 0.041667
0 0.251563 0.125000 0.028125 0.050000
0 0.182812 0.120833 0.028125 0.045833
0 0.106250 0.066667 0.040625 0.041667
0 0.123438 0.093750 0.028125 0.033333
0 0.176563 0.156250 0.031250 0.041667
0 0.153125 0.154167 0.031250 0.041667
0 0.140625 0.129167 0.031250 0.041667
0 0.107813 0.154167 0.034375 0.050000
0 0.051562 0.172917 0.034375 0.045833
0 0.037500 0.139583 0.037500 0.041667
0 0.048438 0.110417 0.040625 0.037500