0 0.042188 0.810417 0.031250 0.041667
0 0.060937 0.754167 0.034375 0.045833
0 0.237500 0.866667 0.031250 0.041667
0 0.321875 0.845833 0.040625 0.041667
0 0.234375 0.764583 0.034375 0.054167
0 0.453125 0.754167 0.028125 0.041667
0 0.334375 0.750000 0.040625 0.045833
0 0.289062 0.712500 0.031250 0.050000
0 0.114062 0.620833 0.031250 0.041667
0 0.028125 0.531250 0.031250 0.045833
0 0.146875 0.575000 0.025000 0.041667
0 0.171875 0.591667 0.031250 0.045833
0 0.056250 0.487500 0.031250 0.041667
0 0.073438 0.437500 0.037500 0.037500
0 0.206250 0.539583 0.028125 0.045833
0 0.223438 0.506250 0.031250 0.045833
0 0.265625 0.491667 0.031250 0.045833
0 0.407813 0.512500 0.034375 0.045833
0 0.417187 0.441667 0.031250 0.045833
0 0.385937 0.456250 0.031250 0.054167
0 0.406250 0.362500 0.031250 0.054167
0 0.471875 0.320833 0.031250 0.054167
0 0.314063 0.372917 0.040625 0.041667
0 0.178125 0.322917 0.031250 0.041667
0 0.237500 0.306250 0.031250 0.045833
0 0.218750 0.283333 0.031250 0.041667
0 0.398438 0.170833 0.031250 0.045833
0 0.329688 0.214583 0.037500 0.037500
0 0.259375 0.235417 0.037500 0.045833
0 0.040625 0.335417 0.037500 0.037500
0 0.018750 0.314583 0.021875 0.041667
0 0.107813 0.302083 0.031250 0.050000
0 0.132812 0.264583 0.046875 0.045833
0 0.031250 0.262500 0.037500 0.045833
0 0.059375 0.220833 0.043750 0.045833
0 0.107813 0.195833 0.034375 0.058333
0 0.253125 0.181250 0.034375 0.045833
0 0.360938 0.037500 0.037500 0.045833
0 0.240625 0.152083 0.034375 0.041667
0 0.246875 0.116667 0.037500 0.041667
0 0.243750 0.091667 0.028125 0.041667
0 0.187500 0.047917 0.037500 0.037500
0 0.189062 0.102083 0.034375 0.045833
0 0.178125 0.160417 0.031250 0.041667
0 0.156250 0.168750 0.031250 0.041667
0 0.165625 0.135417 0.037500 0.045833
0 0.145313 0.066667 0.037500 0.041667
0 0.121875 0.112500 0.037500 0.045833
0 0.043750 0.102083 0.043750 0.045833
0 0.026562 0.135417 0.034375 0.041667
0 0.035937 0.168750 0.040625 0.041667