0 0.020313 0.814583 0.025000 0.037500
0 0.042188 0.793750 0.025000 0.037500
0 0.060937 0.775000 0.021875 0.033333
0 0.054688 0.835417 0.028125 0.033333
0 0.125000 0.800000 0.025000 0.045833
0 0.253125 0.841667 0.034375 0.045833
0 0.367188 0.818750 0.034375 0.045833
0 0.421875 0.731250 0.040625 0.037500
0 0.473438 0.681250 0.025000 0.050000
0 0.465625 0.766667 0.025000 0.033333
0 0.021875 0.672917 0.028125 0.033333
0 0.154688 0.612500 0.037500 0.041667
0 0.075000 0.614583 0.034375 0.045833
0 0.081250 0.660417 0.025000 0.037500
0 0.084375 0.685417 0.031250 0.033333
0 0.107813 0.741667 0.025000 0.045833
0 0.128125 0.729167 0.034375 0.037500
0 0.379688 0.558333 0.034375 0.033333
0 0.373437 0.600000 0.034375 0.045833
0 0.332813 0.595833 0.028125 0.050000
0 0.314063 0.614583 0.028125 0.041667
0 0.287500 0.566667 0.037500 0.041667
0 0.289062 0.525000 0.040625 0.041667
0 0.446875 0.420833 0.034375 0.045833
0 0.082812 0.491667 0.028125 0.041667
0 0.114062 0.504167 0.037500 0.037500
0 0.135937 0.483333 0.031250 0.045833
0 0.107813 0.412500 0.025000 0.037500
0 0.398438 0.256250 0.028125 0.037500
0 0.370312 0.295833 0.028125 0.041667
0 0.328125 0.281250 0.034375 0.037500
0 0.289062 0.335417 0.031250 0.045833
0 0.179688 0.368750 0.031250 0.041667
0 0.117188 0.372917 0.034375 0.037500
0 0.071875 0.368750 0.034375 0.037500
0 0.032813 0.372917 0.034375 0.037500
0 0.093750 0.327083 0.034375 0.045833
0 0.035937 0.252083 0.028125 0.037500
0 0.140625 0.289583 0.034375 0.041667
0 0.284375 0.260417 0.034375 0.045833
0 0.250000 0.256250 0.028125 0.037500
0 0.182812 0.252083 0.040625 0.041667
0 0.412500 0.079167 0.031250 0.045833
0 0.371875 0.120833 0.034375 0.045833
0 0.281250 0.166667 0.034375 0.037500
0 0.317188 0.062500 0.028125 0.037500
0 0.307812 0.145833 0.028125 0.037500
0 0.300000 0.114583 0.028125 0.033333
0 0.287500 0.033333 0.028125 0.033333
0 0.260937 0.047917 0.034375 0.037500
0 0.210938 0.108333 0.028125 0.037500
0 0.232813 0.179167 0.034375 0.037500
0 0.179688 0.087500 0.028125 0.037500
0 0.151562 0.068750 0.025000 0.033333
0 0.193750 0.133333 0.031250 0.041667
0 0.164062 0.110417 0.031250 0.037500
0 0.179688 0.191667 0.034375 0.037500
0 0.159375 0.166667 0.028125 0.037500
0 0.109375 0.197917 0.034375 0.045833
0 0.071875 0.200000 0.034375 0.045833
0 0.050000 0.166667 0.025000 0.037500
0 0.107813 0.093750 0.028125 0.037500
0 0.053125 0.072917 0.031250 0.041667
0 0.057813 0.135417 0.028125 0.037500
0 0.085938 0.081250 0.025000 0.033333
0 0.075000 0.106250 0.028125 0.033333
0 0.053125 0.108333 0.031250 0.037500