0 0.091406 0.855208 0.026562 0.035417
0 0.207813 0.845833 0.031250 0.041667
0 0.429688 0.768750 0.031250 0.041667
0 0.446875 0.761458 0.031250 0.047917
0 0.164062 0.797917 0.037500 0.041667
0 0.094531 0.733333 0.032813 0.045833
0 0.210156 0.725000 0.029687 0.045833
0 0.160156 0.694792 0.020313 0.031250
0 0.168750 0.642708 0.018750 0.035417
0 0.232813 0.635417 0.034375 0.041667
0 0.035937 0.589583 0.031250 0.041667
0 0.060156 0.504167 0.026562 0.041667
0 0.166406 0.514583 0.026562 0.037500
0 0.141406 0.502083 0.017188 0.037500
0 0.144531 0.432292 0.023438 0.035417
0 0.242969 0.516667 0.032813 0.041667
0 0.414844 0.529167 0.032813 0.045833
0 0.465625 0.433333 0.037500 0.041667
0 0.256250 0.481250 0.028125 0.033333
0 0.275000 0.441667 0.031250 0.041667
0 0.376563 0.327083 0.031250 0.045833
0 0.365625 0.289583 0.034375 0.045833
0 0.214844 0.445833 0.029687 0.041667
0 0.225000 0.420833 0.031250 0.041667
0 0.289062 0.307292 0.031250 0.043750
0 0.284375 0.253125 0.028125 0.039583
0 0.205469 0.370833 0.032813 0.041667
0 0.220312 0.307292 0.037500 0.043750
0 0.026562 0.341667 0.031250 0.041667
0 0.062500 0.323958 0.031250 0.035417
0 0.110156 0.343750 0.035937 0.041667
0 0.171875 0.343750 0.034375 0.041667
0 0.144531 0.322917 0.023438 0.041667
0 0.178125 0.308333 0.031250 0.045833
0 0.142187 0.287500 0.028125 0.041667
0 0.131250 0.264583 0.031250 0.041667
0 0.131250 0.228125 0.031250 0.043750
0 0.220312 0.191667 0.037500 0.041667
0 0.423438 0.177083 0.031250 0.041667
0 0.379688 0.112500 0.037500 0.045833
0 0.442969 0.112500 0.032813 0.045833
0 0.103125 0.166667 0.028125 0.041667
0 0.197656 0.139583 0.026562 0.037500
0 0.191406 0.121875 0.026562 0.035417
0 0.082031 0.152083 0.026562 0.041667
0 0.051562 0.131250 0.031250 0.041667
0 0.077344 0.116667 0.035937 0.041667
0 0.039062 0.088542 0.025000 0.035417
0 0.171875 0.079167 0.025000 0.033333
0 0.152344 0.035417 0.026562 0.033333
0 0.403125 0.037500 0.031250 0.041667