0 0.032813 0.837500 0.031250 0.041667
0 0.051562 0.866667 0.031250 0.041667
0 0.121875 0.825000 0.043750 0.045833
0 0.451562 0.758333 0.034375 0.041667
0 0.289062 0.793750 0.028125 0.045833
0 0.306250 0.804167 0.031250 0.050000
0 0.226562 0.800000 0.031250 0.041667
0 0.226562 0.747917 0.037500 0.054167
0 0.154688 0.700000 0.031250 0.041667
0 0.145313 0.629167 0.031250 0.041667
0 0.182812 0.560417 0.031250 0.041667
0 0.225000 0.470833 0.028125 0.041667
0 0.432812 0.512500 0.031250 0.041667
0 0.404687 0.543750 0.028125 0.058333
0 0.318750 0.577083 0.046875 0.045833
0 0.351562 0.497917 0.037500 0.045833
0 0.373437 0.435417 0.037500 0.041667
0 0.267188 0.489583 0.037500 0.045833
0 0.423438 0.310417 0.034375 0.050000
0 0.468750 0.337500 0.034375 0.050000
0 0.032813 0.550000 0.031250 0.050000
0 0.123438 0.533333 0.040625 0.041667
0 0.029687 0.456250 0.031250 0.045833
0 0.110937 0.447917 0.031250 0.041667
0 0.201563 0.437500 0.031250 0.050000
0 0.262500 0.350000 0.034375 0.045833
0 0.051562 0.406250 0.034375 0.041667
0 0.059375 0.377083 0.037500 0.041667
0 0.137500 0.385417 0.043750 0.045833
0 0.182812 0.320833 0.028125 0.041667
0 0.356250 0.214583 0.034375 0.041667
0 0.295312 0.220833 0.040625 0.041667
0 0.279687 0.287500 0.040625 0.045833
0 0.200000 0.247917 0.040625 0.045833
0 0.246875 0.243750 0.028125 0.041667
0 0.059375 0.287500 0.037500 0.041667
0 0.076563 0.279167 0.034375 0.037500
0 0.087500 0.264583 0.040625 0.045833
0 0.026562 0.260417 0.031250 0.045833
0 0.029687 0.204167 0.034375 0.041667
0 0.421875 0.045833 0.031250 0.041667
0 0.228125 0.114583 0.034375 0.041667
0 0.257812 0.122917 0.031250 0.041667
0 0.290625 0.041667 0.031250 0.045833
0 0.270313 0.081250 0.034375 0.045833
0 0.232813 0.062500 0.034375 0.045833
0 0.126562 0.100000 0.031250 0.041667
0 0.135937 0.147917 0.034375 0.041667
0 0.162500 0.129167 0.034375 0.041667
0 0.156250 0.162500 0.031250 0.041667
0 0.179688 0.162500 0.031250 0.041667
0 0.068750 0.177083 0.034375 0.045833
0 0.095312 0.108333 0.034375 0.045833
0 0.054688 0.139583 0.034375 0.045833
0 0.056250 0.104167 0.037500 0.041667
0 0.067187 0.060417 0.037500 0.045833