0 0.048438 0.731250 0.034375 0.045833
0 0.042188 0.802083 0.034375 0.041667
0 0.232813 0.870833 0.031250 0.041667
0 0.457813 0.760417 0.031250 0.041667
0 0.303125 0.827083 0.034375 0.045833
0 0.337500 0.747917 0.037500 0.045833
0 0.237500 0.764583 0.034375 0.050000
0 0.290625 0.700000 0.031250 0.045833
0 0.423438 0.516667 0.031250 0.041667
0 0.109375 0.604167 0.034375 0.045833
0 0.153125 0.558333 0.025000 0.041667
0 0.160938 0.606250 0.031250 0.045833
0 0.204687 0.572917 0.031250 0.050000
0 0.025000 0.522917 0.021875 0.041667
0 0.220312 0.506250 0.037500 0.045833
0 0.051562 0.479167 0.037500 0.041667
0 0.065625 0.439583 0.037500 0.037500
0 0.262500 0.468750 0.037500 0.045833
0 0.381250 0.435417 0.028125 0.045833
0 0.409375 0.422917 0.025000 0.041667
0 0.467187 0.335417 0.031250 0.050000
0 0.407813 0.372917 0.031250 0.045833
0 0.300000 0.358333 0.031250 0.045833
0 0.175000 0.327083 0.028125 0.041667
0 0.023438 0.312500 0.031250 0.041667
0 0.039062 0.341667 0.037500 0.041667
0 0.428125 0.214583 0.031250 0.041667
0 0.395313 0.202083 0.031250 0.041667
0 0.320312 0.216667 0.037500 0.041667
0 0.206250 0.312500 0.025000 0.041667
0 0.234375 0.302083 0.028125 0.050000
0 0.106250 0.287500 0.034375 0.045833
0 0.117188 0.252083 0.043750 0.037500
0 0.053125 0.214583 0.043750 0.041667
0 0.106250 0.206250 0.034375 0.045833
0 0.256250 0.229167 0.034375 0.050000
0 0.445312 0.060417 0.025000 0.041667
0 0.346875 0.060417 0.031250 0.041667
0 0.232813 0.172917 0.028125 0.045833
0 0.250000 0.170833 0.031250 0.045833
0 0.032813 0.183333 0.031250 0.041667
0 0.176563 0.158333 0.037500 0.037500
0 0.162500 0.135417 0.031250 0.045833
0 0.023438 0.135417 0.031250 0.041667
0 0.040625 0.093750 0.043750 0.041667
0 0.112500 0.106250 0.037500 0.037500
0 0.126562 0.100000 0.025000 0.037500
0 0.192188 0.093750 0.034375 0.041667
0 0.248438 0.116667 0.034375 0.041667
0 0.243750 0.081250 0.031250 0.041667
0 0.157812 0.060417 0.031250 0.033333
0 0.175000 0.045833 0.031250 0.033333