0 0.021875 0.772917 0.028125 0.037500
0 0.039844 0.812500 0.035937 0.041667
0 0.085156 0.829167 0.032813 0.045833
0 0.060156 0.769792 0.032813 0.039583
0 0.057813 0.727083 0.028125 0.041667
0 0.172656 0.797917 0.029687 0.045833
0 0.184375 0.842708 0.028125 0.035417
0 0.207031 0.864583 0.035937 0.041667
0 0.356250 0.804167 0.031250 0.041667
0 0.347656 0.726042 0.032813 0.052083
0 0.278906 0.706250 0.023438 0.041667
0 0.100000 0.672917 0.025000 0.033333
0 0.187500 0.639583 0.031250 0.037500
0 0.103125 0.637500 0.034375 0.041667
0 0.192969 0.606250 0.026562 0.037500
0 0.051562 0.582292 0.031250 0.035417
0 0.023438 0.552083 0.031250 0.041667
0 0.020313 0.491667 0.028125 0.041667
0 0.053906 0.458333 0.032813 0.041667
0 0.095312 0.502083 0.031250 0.041667
0 0.296094 0.564583 0.026562 0.041667
0 0.318750 0.541667 0.034375 0.041667
0 0.337500 0.512500 0.031250 0.037500
0 0.367188 0.458333 0.034375 0.037500
0 0.409375 0.342708 0.034375 0.047917
0 0.209375 0.468750 0.031250 0.041667
0 0.234375 0.464583 0.031250 0.041667
0 0.267188 0.437500 0.031250 0.041667
0 0.345313 0.308333 0.034375 0.041667
0 0.110156 0.395833 0.032813 0.041667
0 0.121094 0.410417 0.023438 0.041667
0 0.173437 0.412500 0.031250 0.041667
0 0.177344 0.375000 0.026562 0.037500
0 0.105469 0.362500 0.026562 0.041667
0 0.128125 0.383333 0.031250 0.041667
0 0.137500 0.327083 0.034375 0.054167
0 0.282031 0.230208 0.035937 0.047917
0 0.291406 0.181250 0.032813 0.041667
0 0.055469 0.270833 0.039062 0.041667
0 0.028125 0.264583 0.031250 0.041667
0 0.054688 0.218750 0.031250 0.041667
0 0.037500 0.210417 0.031250 0.041667
0 0.076563 0.183333 0.031250 0.041667
0 0.090625 0.085417 0.031250 0.041667
0 0.138281 0.091667 0.032813 0.041667
0 0.181250 0.164583 0.031250 0.041667
0 0.256250 0.166667 0.031250 0.041667
0 0.360156 0.181250 0.029687 0.041667
0 0.169531 0.135417 0.023438 0.041667
0 0.172656 0.110417 0.023438 0.041667
0 0.176563 0.088542 0.018750 0.031250
0 0.207031 0.110417 0.035937 0.041667
0 0.201563 0.033333 0.031250 0.041667
0 0.312500 0.062500 0.031250 0.041667
0 0.315625 0.033333 0.031250 0.041667
0 0.391406 0.152083 0.023438 0.041667
0 0.410938 0.127083 0.034375 0.041667
0 0.437500 0.154167 0.031250 0.041667
0 0.460156 0.107292 0.029687 0.039583