0 0.479687 0.777083 0.040625 0.041667
0 0.415625 0.797917 0.037500 0.037500
0 0.254688 0.802083 0.031250 0.045833
0 0.034375 0.787500 0.028125 0.037500
0 0.026562 0.702083 0.034375 0.041667
0 0.140625 0.758333 0.037500 0.037500
0 0.410938 0.658333 0.037500 0.041667
0 0.326562 0.645833 0.028125 0.041667
0 0.342187 0.647917 0.025000 0.045833
0 0.462500 0.562500 0.028125 0.050000
0 0.423438 0.562500 0.031250 0.050000
0 0.359375 0.577083 0.040625 0.037500
0 0.212500 0.677083 0.037500 0.041667
0 0.157812 0.702083 0.034375 0.041667
0 0.123438 0.708333 0.034375 0.033333
0 0.114062 0.685417 0.028125 0.037500
0 0.060937 0.629167 0.034375 0.045833
0 0.337500 0.500000 0.034375 0.045833
0 0.459375 0.343750 0.028125 0.045833
0 0.071875 0.541667 0.031250 0.045833
0 0.120313 0.512500 0.034375 0.037500
0 0.103125 0.493750 0.034375 0.037500
0 0.039062 0.483333 0.037500 0.041667
0 0.137500 0.435417 0.028125 0.037500
0 0.040625 0.410417 0.031250 0.041667
0 0.046875 0.343750 0.028125 0.041667
0 0.193750 0.350000 0.034375 0.041667
0 0.371875 0.237500 0.021875 0.033333
0 0.362500 0.268750 0.025000 0.033333
0 0.348438 0.283333 0.037500 0.037500
0 0.067187 0.283333 0.037500 0.041667
0 0.121875 0.293750 0.040625 0.045833
0 0.132812 0.243750 0.040625 0.045833
0 0.296875 0.254167 0.031250 0.045833
0 0.301563 0.191667 0.028125 0.041667
0 0.256250 0.237500 0.031250 0.037500
0 0.225000 0.260417 0.034375 0.037500
0 0.184375 0.231250 0.031250 0.041667
0 0.245312 0.204167 0.031250 0.041667
0 0.193750 0.185417 0.025000 0.041667
0 0.178125 0.187500 0.028125 0.041667
0 0.157812 0.143750 0.028125 0.041667
0 0.207813 0.147917 0.037500 0.041667
0 0.253125 0.150000 0.037500 0.037500
0 0.287500 0.110417 0.021875 0.037500
0 0.276562 0.110417 0.025000 0.033333
0 0.265625 0.083333 0.031250 0.033333
0 0.292187 0.043750 0.031250 0.037500
0 0.264062 0.039583 0.034375 0.037500
0 0.206250 0.077083 0.034375 0.037500
0 0.181250 0.087500 0.031250 0.041667
0 0.139063 0.054167 0.028125 0.037500
0 0.078125 0.156250 0.028125 0.041667
0 0.053125 0.204167 0.028125 0.041667
0 0.037500 0.185417 0.028125 0.033333
0 0.075000 0.118750 0.034375 0.037500
0 0.029687 0.158333 0.028125 0.037500
0 0.046875 0.129167 0.031250 0.037500
0 0.020313 0.131250 0.025000 0.041667
0 0.056250 0.081250 0.021875 0.041667
0 0.073438 0.056250 0.028125 0.041667
0 0.046875 0.043750 0.025000 0.037500
0 0.040625 0.079167 0.031250 0.041667