0 0.021875 0.770833 0.018750 0.029167
0 0.035937 0.756250 0.028125 0.037500
0 0.192188 0.818750 0.031250 0.041667
0 0.478125 0.818750 0.034375 0.041667
0 0.459375 0.764583 0.028125 0.037500
0 0.346875 0.700000 0.028125 0.045833
0 0.245312 0.768750 0.031250 0.041667
0 0.182812 0.722917 0.034375 0.045833
0 0.250000 0.729167 0.034375 0.041667
0 0.462500 0.658333 0.034375 0.045833
0 0.317188 0.658333 0.034375 0.037500
0 0.423438 0.572917 0.034375 0.037500
0 0.196875 0.641667 0.031250 0.041667
0 0.118750 0.637500 0.031250 0.041667
0 0.023438 0.625000 0.028125 0.037500
0 0.012500 0.597917 0.018750 0.029167
0 0.451562 0.477083 0.031250 0.050000
0 0.425000 0.475000 0.025000 0.050000
0 0.371875 0.447917 0.034375 0.045833
0 0.167187 0.475000 0.025000 0.033333
0 0.157812 0.543750 0.025000 0.041667
0 0.154688 0.512500 0.034375 0.033333
0 0.073438 0.525000 0.034375 0.041667
0 0.029687 0.468750 0.025000 0.045833
0 0.048438 0.433333 0.037500 0.045833
0 0.034375 0.312500 0.021875 0.037500
0 0.475000 0.143750 0.025000 0.037500
0 0.457813 0.218750 0.028125 0.050000
0 0.373437 0.320833 0.031250 0.045833
0 0.382812 0.231250 0.028125 0.033333
0 0.357812 0.264583 0.025000 0.029167
0 0.160938 0.302083 0.040625 0.037500
0 0.235937 0.320833 0.031250 0.041667
0 0.218750 0.295833 0.031250 0.045833
0 0.282813 0.262500 0.028125 0.045833
0 0.285938 0.106250 0.021875 0.045833
0 0.295312 0.189583 0.031250 0.045833
0 0.278125 0.220833 0.037500 0.037500
0 0.210938 0.241667 0.028125 0.050000
0 0.159375 0.237500 0.031250 0.045833
0 0.179688 0.189583 0.018750 0.041667
0 0.170313 0.185417 0.031250 0.041667
0 0.046875 0.227083 0.034375 0.041667
0 0.051562 0.183333 0.034375 0.041667
0 0.075000 0.160417 0.034375 0.037500
0 0.053125 0.135417 0.034375 0.037500
0 0.273438 0.091667 0.037500 0.033333
0 0.267188 0.114583 0.028125 0.033333
0 0.228125 0.150000 0.034375 0.037500
0 0.237500 0.091667 0.031250 0.041667
0 0.221875 0.120833 0.034375 0.041667
0 0.189062 0.095833 0.025000 0.037500
0 0.062500 0.045833 0.031250 0.037500
0 0.117188 0.085417 0.034375 0.033333
0 0.145313 0.081250 0.028125 0.037500
0 0.142187 0.037500 0.031250 0.029167
0 0.123438 0.058333 0.031250 0.033333
0 0.210938 0.043750 0.028125 0.033333