0 0.184375 0.851042 0.028125 0.039583
0 0.387500 0.800000 0.031250 0.041667
0 0.145313 0.831250 0.034375 0.041667
0 0.078906 0.809375 0.035937 0.043750
0 0.097656 0.785417 0.035937 0.041667
0 0.061719 0.688542 0.032813 0.047917
0 0.140625 0.664583 0.025000 0.033333
0 0.181250 0.632292 0.025000 0.031250
0 0.194531 0.677083 0.026562 0.041667
0 0.310156 0.616667 0.029687 0.041667
0 0.247656 0.614583 0.026562 0.041667
0 0.285156 0.613542 0.032813 0.043750
0 0.051562 0.581250 0.021875 0.041667
0 0.071875 0.578125 0.031250 0.043750
0 0.053125 0.521875 0.034375 0.047917
0 0.282813 0.559375 0.037500 0.043750
0 0.302344 0.496875 0.035937 0.043750
0 0.398438 0.401042 0.031250 0.047917
0 0.330469 0.390625 0.035937 0.047917
0 0.245312 0.416667 0.028125 0.041667
0 0.245312 0.450000 0.031250 0.041667
0 0.080469 0.445833 0.032813 0.041667
0 0.194531 0.418750 0.032813 0.045833
0 0.103125 0.367708 0.034375 0.043750
0 0.117188 0.404167 0.028125 0.041667
0 0.138281 0.404167 0.026562 0.033333
0 0.142187 0.379167 0.034375 0.045833
0 0.204687 0.334375 0.028125 0.035417
0 0.291406 0.320833 0.035937 0.041667
0 0.256250 0.283333 0.034375 0.045833
0 0.286719 0.276042 0.032813 0.043750
0 0.089063 0.257292 0.034375 0.043750
0 0.123438 0.254167 0.028125 0.041667
0 0.173437 0.227083 0.031250 0.045833
0 0.250781 0.198958 0.035937 0.039583
0 0.363281 0.213542 0.032813 0.043750
0 0.394531 0.193750 0.032813 0.045833
0 0.028125 0.201042 0.031250 0.039583
0 0.050000 0.118750 0.031250 0.041667
0 0.067187 0.147917 0.028125 0.041667
0 0.436719 0.155208 0.026562 0.039583
0 0.441406 0.111458 0.029687 0.039583
0 0.389844 0.095833 0.035937 0.041667
0 0.236719 0.152083 0.039062 0.041667
0 0.173437 0.143750 0.034375 0.041667
0 0.153125 0.137500 0.028125 0.041667
0 0.179688 0.120833 0.031250 0.041667
0 0.180469 0.095833 0.026562 0.041667
0 0.153906 0.065625 0.035937 0.043750
0 0.212500 0.041667 0.025000 0.037500
0 0.323437 0.059375 0.028125 0.039583