0 0.031250 0.708333 0.034375 0.041667
0 0.037500 0.772917 0.028125 0.045833
0 0.017188 0.829167 0.015625 0.037500
0 0.039062 0.812500 0.025000 0.037500
0 0.096875 0.704167 0.025000 0.037500
0 0.082812 0.797917 0.031250 0.041667
0 0.100000 0.795833 0.025000 0.045833
0 0.110937 0.850000 0.034375 0.045833
0 0.254688 0.856250 0.031250 0.037500
0 0.470313 0.764583 0.028125 0.033333
0 0.332813 0.656250 0.037500 0.041667
0 0.307812 0.622917 0.031250 0.041667
0 0.339062 0.577083 0.040625 0.041667
0 0.021875 0.583333 0.025000 0.033333
0 0.214062 0.554167 0.040625 0.041667
0 0.117188 0.520833 0.031250 0.041667
0 0.046875 0.493750 0.043750 0.041667
0 0.385937 0.397917 0.037500 0.041667
0 0.056250 0.416667 0.025000 0.033333
0 0.085938 0.370833 0.025000 0.029167
0 0.095312 0.418750 0.031250 0.037500
0 0.146875 0.420833 0.025000 0.050000
0 0.160938 0.450000 0.031250 0.037500
0 0.168750 0.427083 0.018750 0.033333
0 0.200000 0.435417 0.031250 0.037500
0 0.225000 0.460417 0.037500 0.037500
0 0.231250 0.385417 0.034375 0.033333
0 0.426563 0.191667 0.028125 0.037500
0 0.467187 0.254167 0.025000 0.045833
0 0.446875 0.283333 0.028125 0.045833
0 0.360938 0.279167 0.028125 0.050000
0 0.276562 0.216667 0.025000 0.033333
0 0.267188 0.272917 0.031250 0.037500
0 0.285938 0.245833 0.037500 0.037500
0 0.214062 0.329167 0.034375 0.045833
0 0.034375 0.293750 0.031250 0.041667
0 0.067187 0.322917 0.028125 0.033333
0 0.112500 0.229167 0.037500 0.037500
0 0.118750 0.262500 0.040625 0.033333
0 0.076563 0.279167 0.031250 0.037500
0 0.101562 0.316667 0.031250 0.045833
0 0.210938 0.262500 0.043750 0.037500
0 0.189062 0.222917 0.034375 0.045833
0 0.089063 0.177083 0.037500 0.041667
0 0.042188 0.135417 0.021875 0.037500
0 0.182812 0.166667 0.025000 0.037500
0 0.153125 0.135417 0.028125 0.033333
0 0.090625 0.135417 0.028125 0.033333
0 0.096875 0.104167 0.037500 0.037500
0 0.135937 0.091667 0.040625 0.041667
0 0.318750 0.116667 0.031250 0.041667
0 0.348438 0.075000 0.031250 0.041667
0 0.298438 0.075000 0.031250 0.041667
0 0.087500 0.041667 0.034375 0.045833
0 0.134375 0.027083 0.028125 0.033333
0 0.348438 0.020833 0.028125 0.029167
0 0.179688 0.066667 0.034375 0.045833
0 0.339062 0.385417 0.031250 0.041667
0 0.317188 0.439583 0.031250 0.041667
0 0.287500 0.475000 0.028125 0.050000