0 0.085938 0.864583 0.031250 0.041667
0 0.223438 0.844792 0.031250 0.035417
0 0.167969 0.796875 0.032813 0.043750
0 0.431250 0.762500 0.031250 0.033333
0 0.443750 0.736458 0.031250 0.047917
0 0.089063 0.713542 0.031250 0.047917
0 0.211719 0.729167 0.026562 0.041667
0 0.166406 0.697917 0.023438 0.033333
0 0.167969 0.644792 0.023438 0.035417
0 0.222656 0.627083 0.032813 0.041667
0 0.412500 0.559375 0.031250 0.047917
0 0.031250 0.584375 0.031250 0.043750
0 0.040625 0.570833 0.021875 0.041667
0 0.456250 0.433333 0.034375 0.041667
0 0.053125 0.483333 0.028125 0.041667
0 0.157812 0.511458 0.031250 0.035417
0 0.233594 0.497917 0.035937 0.041667
0 0.250781 0.477083 0.023438 0.033333
0 0.278906 0.439583 0.026562 0.037500
0 0.201563 0.435417 0.031250 0.041667
0 0.217188 0.420833 0.031250 0.033333
0 0.371875 0.354167 0.028125 0.045833
0 0.357812 0.302083 0.031250 0.045833
0 0.280469 0.288542 0.035937 0.043750
0 0.041406 0.323958 0.029687 0.035417
0 0.096875 0.320833 0.034375 0.041667
0 0.195312 0.366667 0.034375 0.041667
0 0.280469 0.237500 0.026562 0.041667
0 0.164844 0.335417 0.032813 0.041667
0 0.179688 0.318750 0.028125 0.037500
0 0.214844 0.295833 0.035937 0.045833
0 0.139844 0.308333 0.023438 0.041667
0 0.146094 0.272917 0.035937 0.045833
0 0.134375 0.222917 0.034375 0.045833
0 0.100000 0.172917 0.028125 0.045833
0 0.071875 0.136458 0.040625 0.035417
0 0.068750 0.115625 0.043750 0.035417
0 0.217188 0.192708 0.034375 0.035417
0 0.415625 0.184375 0.031250 0.035417
0 0.196875 0.127083 0.034375 0.041667
0 0.167969 0.080208 0.023438 0.035417
0 0.152344 0.044792 0.023438 0.039583
0 0.033594 0.078125 0.020313 0.035417
0 0.375781 0.133333 0.032813 0.045833
0 0.359375 0.102083 0.031250 0.037500
0 0.444531 0.137500 0.029687 0.045833
0 0.464062 0.072917 0.028125 0.041667
0 0.395313 0.054167 0.031250 0.041667