0 0.035937 0.864583 0.031250 0.041667
0 0.142969 0.853125 0.039062 0.039583
0 0.291406 0.841667 0.035937 0.041667
0 0.300000 0.829167 0.034375 0.041667
0 0.450000 0.758333 0.031250 0.041667
0 0.211719 0.770833 0.029687 0.041667
0 0.223438 0.741667 0.034375 0.045833
0 0.168750 0.739583 0.031250 0.041667
0 0.144531 0.636458 0.029687 0.039583
0 0.348438 0.614583 0.040625 0.045833
0 0.410938 0.597917 0.031250 0.050000
0 0.437500 0.570833 0.025000 0.041667
0 0.039062 0.552083 0.025000 0.041667
0 0.056250 0.587500 0.031250 0.050000
0 0.148438 0.560417 0.037500 0.041667
0 0.175000 0.552083 0.031250 0.041667
0 0.406250 0.456250 0.040625 0.045833
0 0.315625 0.491667 0.037500 0.041667
0 0.276562 0.472917 0.031250 0.041667
0 0.229687 0.466667 0.031250 0.041667
0 0.037500 0.487500 0.031250 0.050000
0 0.464062 0.287500 0.031250 0.058333
0 0.435937 0.281250 0.031250 0.054167
0 0.079687 0.445833 0.037500 0.041667
0 0.131250 0.454167 0.037500 0.041667
0 0.159375 0.429167 0.040625 0.045833
0 0.195312 0.400000 0.028125 0.045833
0 0.287500 0.377083 0.040625 0.045833
0 0.298438 0.318750 0.046875 0.045833
0 0.082812 0.395833 0.037500 0.045833
0 0.371875 0.212500 0.034375 0.041667
0 0.315625 0.216667 0.037500 0.045833
0 0.253125 0.247917 0.028125 0.041667
0 0.178125 0.306250 0.031250 0.041667
0 0.095312 0.325000 0.037500 0.045833
0 0.115625 0.308333 0.037500 0.041667
0 0.110937 0.287500 0.040625 0.045833
0 0.037500 0.218750 0.037500 0.041667
0 0.053125 0.247917 0.037500 0.045833
0 0.318750 0.066667 0.040625 0.041667
0 0.256250 0.122917 0.031250 0.045833
0 0.223438 0.225000 0.043750 0.045833
0 0.275000 0.043750 0.031250 0.041667
0 0.251563 0.079167 0.031250 0.041667
0 0.223438 0.120833 0.037500 0.041667
0 0.178125 0.191667 0.031250 0.041667
0 0.160938 0.179167 0.034375 0.045833
0 0.190625 0.168750 0.031250 0.041667
0 0.170313 0.110417 0.031250 0.041667
0 0.089063 0.162500 0.037500 0.041667
0 0.095312 0.189583 0.040625 0.041667
0 0.120313 0.087500 0.031250 0.037500
0 0.129688 0.141667 0.040625 0.041667
0 0.021875 0.066667 0.031250 0.041667
0 0.035937 0.079167 0.031250 0.041667
0 0.065625 0.079167 0.031250 0.041667
0 0.079687 0.058333 0.031250 0.041667
0 0.048438 0.043750 0.037500 0.041667