0 0.307812 0.870833 0.037500 0.045833
0 0.479687 0.797917 0.028125 0.037500
0 0.153125 0.760417 0.025000 0.045833
0 0.348438 0.633333 0.037500 0.037500
0 0.040625 0.789583 0.028125 0.037500
0 0.059375 0.664583 0.034375 0.050000
0 0.025000 0.622917 0.028125 0.033333
0 0.057813 0.579167 0.034375 0.037500
0 0.015625 0.560417 0.018750 0.029167
0 0.051562 0.539583 0.021875 0.037500
0 0.054688 0.504167 0.025000 0.033333
0 0.025000 0.437500 0.021875 0.037500
0 0.182812 0.575000 0.031250 0.062500
0 0.215625 0.556250 0.034375 0.045833
0 0.235937 0.533333 0.031250 0.045833
0 0.203125 0.518750 0.034375 0.041667
0 0.212500 0.450000 0.028125 0.041667
0 0.287500 0.425000 0.034375 0.045833
0 0.265625 0.400000 0.025000 0.041667
0 0.301563 0.383333 0.031250 0.054167
0 0.360938 0.295833 0.028125 0.045833
0 0.140625 0.356250 0.037500 0.037500
0 0.210938 0.372917 0.031250 0.045833
0 0.301563 0.312500 0.028125 0.045833
0 0.282813 0.295833 0.040625 0.041667
0 0.223438 0.318750 0.040625 0.033333
0 0.225000 0.297917 0.037500 0.029167
0 0.226562 0.268750 0.037500 0.037500
0 0.084375 0.302083 0.031250 0.041667
0 0.117188 0.300000 0.031250 0.037500
0 0.018750 0.341667 0.025000 0.041667
0 0.053125 0.245833 0.028125 0.029167
0 0.054688 0.225000 0.031250 0.029167
0 0.071875 0.212500 0.034375 0.037500
0 0.114062 0.237500 0.031250 0.041667
0 0.132812 0.260417 0.031250 0.045833
0 0.121875 0.156250 0.034375 0.045833
0 0.193750 0.233333 0.034375 0.037500
0 0.192188 0.200000 0.037500 0.037500
0 0.198437 0.160417 0.034375 0.045833
0 0.331250 0.122917 0.031250 0.041667
0 0.467187 0.154167 0.028125 0.045833
0 0.365625 0.062500 0.034375 0.045833
0 0.218750 0.039583 0.034375 0.033333
0 0.132812 0.075000 0.025000 0.045833
0 0.104688 0.052083 0.034375 0.037500
0 0.020313 0.033333 0.018750 0.033333