0 0.214062 0.866667 0.028125 0.045833
0 0.023438 0.760417 0.028125 0.037500
0 0.040625 0.795833 0.028125 0.037500
0 0.351562 0.741667 0.037500 0.045833
0 0.456250 0.760417 0.025000 0.033333
0 0.278125 0.772917 0.034375 0.041667
0 0.242188 0.762500 0.028125 0.041667
0 0.300000 0.679167 0.031250 0.041667
0 0.201563 0.660417 0.031250 0.050000
0 0.214062 0.589583 0.028125 0.045833
0 0.129688 0.616667 0.028125 0.037500
0 0.087500 0.558333 0.031250 0.041667
0 0.167187 0.512500 0.018750 0.041667
0 0.198437 0.518750 0.037500 0.045833
0 0.470313 0.535417 0.028125 0.033333
0 0.470313 0.514583 0.031250 0.037500
0 0.456250 0.412500 0.031250 0.058333
0 0.407813 0.412500 0.021875 0.025000
0 0.398438 0.406250 0.034375 0.045833
0 0.373437 0.370833 0.031250 0.054167
0 0.181250 0.422917 0.025000 0.041667
0 0.025000 0.495833 0.021875 0.037500
0 0.242188 0.395833 0.031250 0.050000
0 0.018750 0.456250 0.028125 0.037500
0 0.021875 0.416667 0.028125 0.041667
0 0.170313 0.325000 0.031250 0.041667
0 0.282813 0.302083 0.028125 0.041667
0 0.367188 0.258333 0.028125 0.037500
0 0.401562 0.229167 0.031250 0.041667
0 0.468750 0.114583 0.028125 0.041667
0 0.303125 0.220833 0.037500 0.041667
0 0.307812 0.127083 0.031250 0.045833
0 0.221875 0.272917 0.025000 0.041667
0 0.229687 0.229167 0.031250 0.041667
0 0.246875 0.191667 0.031250 0.041667
0 0.079687 0.262500 0.040625 0.037500
0 0.029687 0.212500 0.034375 0.037500
0 0.085938 0.231250 0.043750 0.037500
0 0.090625 0.197917 0.043750 0.037500
0 0.117188 0.175000 0.037500 0.037500
0 0.039062 0.110417 0.031250 0.037500
0 0.028125 0.056250 0.031250 0.045833
0 0.078125 0.070833 0.034375 0.041667
0 0.153125 0.185417 0.025000 0.045833
0 0.167187 0.179167 0.028125 0.037500
0 0.181250 0.162500 0.025000 0.033333
0 0.268750 0.043750 0.025000 0.033333
0 0.259375 0.114583 0.028125 0.037500
0 0.243750 0.127083 0.025000 0.045833
0 0.250000 0.068750 0.028125 0.037500
0 0.134375 0.091667 0.028125 0.037500
0 0.181250 0.102083 0.031250 0.041667
0 0.206250 0.091667 0.034375 0.037500
0 0.196875 0.027083 0.025000 0.033333
0 0.150000 0.060417 0.037500 0.029167
0 0.146875 0.033333 0.025000 0.033333
0 0.125000 0.027083 0.031250 0.029167