0 0.012500 0.085417 0.018750 0.025000
0 0.026562 0.089583 0.012500 0.037500
0 0.040625 0.070833 0.018750 0.020833
0 0.062500 0.066667 0.021875 0.025000
0 0.034375 0.106250 0.021875 0.020833
0 0.051562 0.102083 0.025000 0.016667
0 0.059375 0.089583 0.025000 0.016667
0 0.075000 0.081250 0.025000 0.020833
0 0.084375 0.068750 0.025000 0.016667
0 0.068750 0.106250 0.021875 0.020833
0 0.084375 0.102083 0.021875 0.020833
0 0.092188 0.114583 0.025000 0.020833
0 0.090625 0.104167 0.015625 0.025000
0 0.120313 0.062500 0.021875 0.020833
0 0.123438 0.083333 0.018750 0.033333
0 0.117188 0.100000 0.025000 0.033333
0 0.148438 0.085417 0.025000 0.020833
0 0.137500 0.052083 0.015625 0.020833
0 0.189062 0.083333 0.025000 0.020833
0 0.206250 0.081250 0.021875 0.020833
0 0.221875 0.095833 0.025000 0.020833
0 0.239063 0.129167 0.021875 0.020833
0 0.246875 0.075000 0.025000 0.020833
0 0.257812 0.081250 0.021875 0.016667
0 0.268750 0.089583 0.021875 0.016667
0 0.279687 0.104167 0.025000 0.020833
0 0.279687 0.081250 0.018750 0.020833
0 0.301563 0.050000 0.021875 0.016667
0 0.340625 0.072917 0.021875 0.020833
0 0.328125 0.102083 0.021875 0.020833
0 0.309375 0.120833 0.012500 0.025000
0 0.356250 0.106250 0.021875 0.016667
0 0.357812 0.122917 0.021875 0.016667
0 0.414062 0.114583 0.025000 0.020833
0 0.450000 0.104167 0.018750 0.012500
0 0.459375 0.097917 0.021875 0.029167
0 0.493750 0.108333 0.021875 0.020833
0 0.539062 0.089583 0.025000 0.016667
0 0.546875 0.125000 0.018750 0.025000
0 0.593750 0.125000 0.012500 0.025000
0 0.603125 0.097917 0.021875 0.020833
0 0.615625 0.108333 0.018750 0.020833
0 0.643750 0.114583 0.018750 0.020833
0 0.631250 0.102083 0.018750 0.016667
0 0.646875 0.077083 0.018750 0.016667
0 0.660937 0.093750 0.018750 0.025000
0 0.681250 0.104167 0.018750 0.016667
0 0.707812 0.087500 0.015625 0.029167
0 0.726562 0.079167 0.021875 0.020833
0 0.731250 0.104167 0.018750 0.025000
0 0.765625 0.125000 0.018750 0.020833
0 0.787500 0.116667 0.021875 0.020833
0 0.782813 0.104167 0.012500 0.033333
0 0.798438 0.097917 0.018750 0.025000
0 0.812500 0.054167 0.018750 0.016667
0 0.821875 0.079167 0.025000 0.016667
0 0.825000 0.095833 0.018750 0.016667
0 0.821875 0.108333 0.025000 0.020833
0 0.837500 0.104167 0.021875 0.020833
0 0.840625 0.062500 0.018750 0.016667
0 0.753125 0.100000 0.018750 0.016667
0 0.760938 0.091667 0.018750 0.016667
0 0.853125 0.093750 0.021875 0.016667
0 0.864062 0.085417 0.021875 0.016667
0 0.870313 0.108333 0.012500 0.025000
0 0.865625 0.131250 0.018750 0.016667
0 0.875000 0.122917 0.018750 0.020833
0 0.887500 0.114583 0.018750 0.020833
0 0.887500 0.095833 0.018750 0.016667
0 0.887500 0.087500 0.018750 0.020833
0 0.906250 0.089583 0.018750 0.016667
0 0.907813 0.110417 0.015625 0.025000
0 0.929688 0.087500 0.018750 0.020833
0 0.918750 0.133333 0.015625 0.016667
0 0.940625 0.129167 0.018750 0.020833
0 0.953125 0.122917 0.018750 0.020833
0 0.964063 0.114583 0.018750 0.020833
0 0.946875 0.108333 0.015625 0.025000
0 0.950000 0.093750 0.018750 0.020833
0 0.948438 0.079167 0.021875 0.020833
0 0.932813 0.112500 0.018750 0.020833
0 0.959375 0.087500 0.015625 0.025000
0 0.978125 0.072917 0.015625 0.025000
0 0.976562 0.110417 0.015625 0.025000
0 0.989062 0.135417 0.015625 0.016667
0 0.995313 0.110417 0.021875 0.016667
0 0.987500 0.100000 0.021875 0.020833
0 0.989062 0.085417 0.025000 0.020833
0 1.006250 0.095833 0.018750 0.025000
0 1.017187 0.110417 0.018750 0.025000
0 1.017187 0.120833 0.018750 0.020833
0 1.017187 0.137500 0.012500 0.020833
0 1.017187 0.070833 0.012500 0.016667