0 0.029687 0.052083 0.021875 0.020833
0 0.089063 0.068750 0.021875 0.020833
0 0.076563 0.108333 0.021875 0.016667
0 0.090625 0.122917 0.015625 0.025000
0 0.164062 0.100000 0.021875 0.020833
0 0.154688 0.125000 0.021875 0.020833
0 0.193750 0.118750 0.021875 0.020833
0 0.398438 0.127083 0.021875 0.029167
0 0.407813 0.097917 0.015625 0.033333
0 0.545312 0.062500 0.015625 0.025000
0 0.779687 0.133333 0.025000 0.020833
0 0.815625 0.083333 0.015625 0.020833
0 0.825000 0.106250 0.021875 0.025000
0 0.868750 0.102083 0.018750 0.025000
0 0.917188 0.137500 0.015625 0.029167
0 0.950000 0.120833 0.021875 0.020833
0 0.900000 0.085417 0.018750 0.020833
0 0.950000 0.077083 0.021875 0.020833
0 0.987500 0.060417 0.021875 0.020833
0 1.014063 0.062500 0.021875 0.020833
0 0.965625 0.100000 0.018750 0.020833
0 0.995313 0.097917 0.018750 0.025000
0 0.995313 0.110417 0.018750 0.025000
0 0.984375 0.118750 0.018750 0.025000