0 0.040625 0.056250 0.018750 0.025000
0 0.132812 0.056250 0.018750 0.025000
0 0.146875 0.093750 0.018750 0.025000
0 0.212500 0.077083 0.018750 0.025000
0 0.107813 0.097917 0.018750 0.025000
0 0.067187 0.095833 0.018750 0.025000
0 0.057813 0.116667 0.018750 0.025000
0 0.051562 0.133333 0.018750 0.025000
0 0.017188 0.120833 0.018750 0.025000
0 0.410938 0.089583 0.021875 0.029167
0 0.448437 0.127083 0.015625 0.020833
0 0.540625 0.058333 0.018750 0.020833
0 0.871875 0.097917 0.021875 0.029167
0 0.746875 0.068750 0.015625 0.020833
0 0.784375 0.087500 0.018750 0.025000
0 0.870313 0.131250 0.018750 0.025000
0 0.898438 0.100000 0.018750 0.025000
0 0.950000 0.085417 0.018750 0.025000
0 1.007812 0.064583 0.018750 0.025000