0 0.042188 0.050000 0.018750 0.016667
0 0.039062 0.066667 0.025000 0.016667
0 0.035937 0.079167 0.025000 0.016667
0 0.023438 0.095833 0.018750 0.025000
0 0.062500 0.058333 0.018750 0.016667
0 0.093750 0.052083 0.021875 0.020833
0 0.095312 0.072917 0.021875 0.016667
0 0.081250 0.085417 0.018750 0.025000
0 0.098437 0.100000 0.025000 0.020833
0 0.142187 0.066667 0.021875 0.020833
0 0.143750 0.097917 0.018750 0.033333
0 0.189062 0.102083 0.018750 0.016667
0 0.195312 0.129167 0.021875 0.016667
0 0.214062 0.127083 0.025000 0.020833
0 0.226562 0.116667 0.025000 0.020833
0 0.226562 0.095833 0.025000 0.016667
0 0.226562 0.081250 0.018750 0.025000
0 0.207813 0.083333 0.021875 0.020833
0 0.251563 0.108333 0.021875 0.020833
0 0.256250 0.093750 0.009375 0.029167
0 0.254688 0.060417 0.018750 0.025000
0 0.273438 0.102083 0.025000 0.016667
0 0.285938 0.091667 0.025000 0.025000
0 0.300000 0.095833 0.018750 0.016667
0 0.301563 0.081250 0.021875 0.016667
0 0.306250 0.075000 0.018750 0.025000
0 0.318750 0.072917 0.018750 0.016667
0 0.312500 0.106250 0.015625 0.029167
0 0.325000 0.122917 0.018750 0.016667
0 0.328125 0.106250 0.025000 0.016667
0 0.328125 0.093750 0.018750 0.020833
0 0.332813 0.087500 0.015625 0.025000
0 0.345313 0.062500 0.025000 0.020833
0 0.340625 0.077083 0.009375 0.025000
0 0.359375 0.079167 0.018750 0.016667
0 0.359375 0.102083 0.025000 0.016667
0 0.342187 0.114583 0.018750 0.020833
0 0.351562 0.120833 0.018750 0.020833
0 0.376563 0.129167 0.015625 0.016667
0 0.382812 0.070833 0.015625 0.025000
0 0.398438 0.052083 0.025000 0.020833
0 0.392188 0.072917 0.009375 0.025000
0 0.384375 0.091667 0.012500 0.025000
0 0.396875 0.112500 0.018750 0.016667
0 0.400000 0.122917 0.018750 0.016667
0 0.418750 0.116667 0.018750 0.016667
0 0.425000 0.129167 0.012500 0.025000
0 0.439063 0.129167 0.018750 0.016667
0 0.451562 0.131250 0.012500 0.016667
0 0.439063 0.118750 0.012500 0.016667
0 0.429688 0.112500 0.018750 0.016667
0 0.415625 0.106250 0.018750 0.016667
0 0.421875 0.091667 0.018750 0.016667
0 0.403125 0.100000 0.015625 0.025000
0 0.406250 0.081250 0.018750 0.020833
0 0.417187 0.062500 0.018750 0.016667
0 0.428125 0.072917 0.018750 0.016667
0 0.434375 0.058333 0.021875 0.016667
0 0.434375 0.083333 0.015625 0.025000
0 0.451562 0.100000 0.015625 0.025000
0 0.448437 0.062500 0.018750 0.016667
0 0.456250 0.052083 0.018750 0.016667
0 0.479687 0.070833 0.012500 0.033333
0 0.496875 0.054167 0.012500 0.016667
0 0.471875 0.079167 0.018750 0.012500
0 0.481250 0.093750 0.015625 0.025000
0 0.489063 0.120833 0.018750 0.029167
0 0.500000 0.112500 0.012500 0.025000
0 0.509375 0.125000 0.015625 0.025000
0 0.510938 0.131250 0.021875 0.016667
0 0.526563 0.129167 0.012500 0.016667
0 0.525000 0.112500 0.018750 0.012500
0 0.523438 0.106250 0.012500 0.025000
0 0.535937 0.079167 0.018750 0.016667
0 0.546875 0.072917 0.012500 0.025000
0 0.557813 0.060417 0.018750 0.016667
0 0.562500 0.089583 0.018750 0.016667
0 0.562500 0.106250 0.012500 0.025000
0 0.564063 0.114583 0.018750 0.020833
0 0.546875 0.114583 0.012500 0.025000
0 0.534375 0.091667 0.018750 0.016667
0 0.587500 0.085417 0.012500 0.025000
0 0.620313 0.079167 0.015625 0.025000
0 0.606250 0.108333 0.018750 0.025000
0 0.603125 0.125000 0.018750 0.016667
0 0.621875 0.110417 0.018750 0.016667
0 0.635938 0.116667 0.012500 0.025000
0 0.646875 0.133333 0.025000 0.016667
0 0.656250 0.125000 0.018750 0.025000
0 0.675000 0.120833 0.018750 0.025000
0 0.696875 0.129167 0.021875 0.020833
0 0.673438 0.133333 0.015625 0.025000
0 0.653125 0.089583 0.012500 0.025000
0 0.664062 0.085417 0.018750 0.016667
0 0.681250 0.106250 0.018750 0.025000
0 0.693750 0.097917 0.018750 0.025000
0 0.715625 0.112500 0.018750 0.016667
0 0.725000 0.106250 0.018750 0.025000
0 0.750000 0.097917 0.018750 0.025000
0 0.757812 0.110417 0.021875 0.020833
0 0.751563 0.131250 0.018750 0.025000
0 0.773438 0.137500 0.018750 0.025000
0 0.784375 0.122917 0.018750 0.025000
0 0.762500 0.091667 0.012500 0.033333
0 0.703125 0.077083 0.025000 0.016667
0 0.671875 0.070833 0.018750 0.016667
0 0.689063 0.064583 0.021875 0.016667
0 0.701562 0.056250 0.018750 0.016667
0 0.823438 0.091667 0.018750 0.020833
0 0.848437 0.097917 0.025000 0.020833
0 0.920312 0.097917 0.025000 0.025000
0 0.942187 0.068750 0.025000 0.020833
0 1.018750 0.095833 0.018750 0.025000
0 1.007812 0.137500 0.015625 0.025000