0 0.023438 0.054167 0.018750 0.020833
0 0.042188 0.054167 0.012500 0.020833
0 0.081250 0.077083 0.025000 0.020833
0 0.026562 0.091667 0.018750 0.020833
0 0.028125 0.106250 0.012500 0.025000
0 0.025000 0.125000 0.015625 0.020833
0 0.017188 0.122917 0.012500 0.025000
0 0.051562 0.120833 0.021875 0.020833
0 0.076563 0.120833 0.021875 0.020833
0 0.112500 0.125000 0.021875 0.016667
0 0.112500 0.072917 0.021875 0.020833
0 0.112500 0.058333 0.021875 0.020833
0 0.148438 0.058333 0.021875 0.020833
0 0.170313 0.050000 0.021875 0.016667
0 0.137500 0.089583 0.018750 0.016667
0 0.151562 0.104167 0.018750 0.016667
0 0.185938 0.116667 0.018750 0.016667
0 0.201563 0.122917 0.015625 0.016667
0 0.265625 0.108333 0.018750 0.025000
0 0.223438 0.085417 0.025000 0.016667
0 0.346875 0.056250 0.018750 0.016667
0 0.626563 0.120833 0.018750 0.020833
0 0.626563 0.070833 0.018750 0.016667
0 0.654687 0.083333 0.018750 0.029167
0 0.714063 0.118750 0.021875 0.029167
0 0.790625 0.112500 0.021875 0.029167
0 0.843750 0.081250 0.018750 0.029167
0 0.868750 0.091667 0.025000 0.020833
0 0.896875 0.131250 0.021875 0.029167
0 0.895312 0.079167 0.025000 0.020833
0 0.879687 0.060417 0.018750 0.012500
0 0.928125 0.058333 0.018750 0.016667
0 0.939063 0.075000 0.028125 0.016667
0 0.957812 0.131250 0.018750 0.029167
0 1.000000 0.131250 0.028125 0.020833
0 1.012500 0.135417 0.018750 0.016667
0 1.015625 0.114583 0.018750 0.016667
0 1.006250 0.108333 0.018750 0.020833
0 1.004687 0.089583 0.012500 0.025000
0 0.981250 0.097917 0.021875 0.020833
0 0.971875 0.064583 0.025000 0.020833
0 0.985938 0.062500 0.015625 0.020833
0 0.995313 0.060417 0.012500 0.016667
0 0.995313 0.072917 0.018750 0.016667