0 0.882812 0.062500 0.025000 0.020833
0 0.876563 0.137500 0.021875 0.020833
0 0.846875 0.056250 0.021875 0.016667
0 1.017187 0.058333 0.018750 0.016667
0 1.018750 0.137500 0.018750 0.016667
0 0.832812 0.125000 0.018750 0.025000
0 0.795312 0.064583 0.018750 0.020833
0 0.784375 0.058333 0.031250 0.020833
0 0.765625 0.093750 0.028125 0.020833
0 0.751563 0.116667 0.015625 0.025000
0 0.751563 0.135417 0.021875 0.016667
0 0.723437 0.056250 0.021875 0.016667
0 0.700000 0.129167 0.021875 0.020833
0 0.628125 0.087500 0.018750 0.016667
0 0.631250 0.129167 0.025000 0.020833
0 0.565625 0.054167 0.021875 0.016667
0 0.540625 0.068750 0.021875 0.020833
0 0.514062 0.093750 0.021875 0.020833
0 0.531250 0.133333 0.025000 0.020833
0 0.506250 0.054167 0.015625 0.016667
0 0.470313 0.050000 0.018750 0.016667
0 0.485938 0.087500 0.018750 0.025000
0 0.489063 0.133333 0.021875 0.025000
0 0.467187 0.066667 0.018750 0.025000
0 0.442188 0.116667 0.018750 0.029167
0 0.453125 0.129167 0.018750 0.016667
0 0.432812 0.129167 0.018750 0.016667
0 0.378125 0.079167 0.021875 0.016667
0 0.387500 0.068750 0.021875 0.020833
0 0.378125 0.054167 0.021875 0.020833
0 0.370312 0.104167 0.021875 0.020833
0 0.379688 0.131250 0.018750 0.025000
0 0.353125 0.127083 0.018750 0.020833
0 0.339062 0.118750 0.021875 0.016667
0 0.348438 0.106250 0.021875 0.016667
0 0.357812 0.093750 0.021875 0.020833
0 0.356250 0.066667 0.015625 0.033333
0 0.329688 0.079167 0.018750 0.020833
0 0.329688 0.056250 0.018750 0.025000
0 0.306250 0.054167 0.018750 0.020833
0 0.310937 0.072917 0.012500 0.033333
0 0.290625 0.085417 0.021875 0.029167
0 0.307812 0.110417 0.018750 0.020833
0 0.292187 0.095833 0.018750 0.016667
0 0.275000 0.100000 0.018750 0.025000
0 0.293750 0.118750 0.018750 0.016667
0 0.275000 0.122917 0.018750 0.016667
0 0.254688 0.075000 0.018750 0.016667
0 0.253125 0.097917 0.018750 0.025000
0 0.240625 0.112500 0.018750 0.025000
0 0.242188 0.125000 0.025000 0.020833
0 0.229687 0.062500 0.021875 0.016667
0 0.214062 0.100000 0.018750 0.020833
0 0.195312 0.097917 0.018750 0.033333
0 0.160938 0.108333 0.018750 0.020833
0 0.157812 0.127083 0.025000 0.020833
0 0.156250 0.068750 0.021875 0.020833
0 0.150000 0.052083 0.025000 0.020833
0 0.135937 0.060417 0.021875 0.020833
0 0.128125 0.068750 0.021875 0.020833
0 0.103125 0.120833 0.018750 0.016667
0 0.085938 0.097917 0.015625 0.020833
0 0.079687 0.118750 0.018750 0.020833
0 0.070312 0.114583 0.018750 0.025000
0 0.065625 0.095833 0.018750 0.020833
0 0.051562 0.091667 0.018750 0.020833
0 0.054688 0.104167 0.018750 0.020833
0 0.040625 0.075000 0.018750 0.020833
0 0.040625 0.112500 0.018750 0.016667
0 0.034375 0.110417 0.018750 0.020833
0 0.025000 0.122917 0.018750 0.025000
0 0.012500 0.129167 0.018750 0.020833
0 0.414062 0.112500 0.018750 0.025000
0 0.426563 0.114583 0.021875 0.016667