0 0.023438 0.058333 0.025000 0.020833
0 0.051562 0.047917 0.012500 0.016667
0 0.029687 0.118750 0.015625 0.016667
0 0.035937 0.110417 0.015625 0.012500
0 0.051562 0.106250 0.025000 0.016667
0 0.065625 0.097917 0.021875 0.020833
0 0.059375 0.081250 0.021875 0.020833
0 0.075000 0.075000 0.021875 0.020833
0 0.090625 0.066667 0.012500 0.033333
0 0.110937 0.058333 0.018750 0.025000
0 0.098437 0.081250 0.028125 0.016667
0 0.090625 0.095833 0.018750 0.020833
0 0.085938 0.120833 0.018750 0.025000
0 0.109375 0.106250 0.025000 0.020833
0 0.110937 0.125000 0.021875 0.020833
0 0.125000 0.118750 0.021875 0.020833
0 0.131250 0.108333 0.021875 0.020833
0 0.134375 0.089583 0.021875 0.020833
0 0.126562 0.075000 0.021875 0.020833
0 0.145313 0.075000 0.021875 0.020833
0 0.146875 0.064583 0.025000 0.029167
0 0.148438 0.093750 0.018750 0.016667
0 0.164062 0.093750 0.021875 0.020833
0 0.162500 0.108333 0.018750 0.020833
0 0.179688 0.127083 0.018750 0.016667
0 0.176563 0.089583 0.015625 0.020833
0 0.185938 0.100000 0.018750 0.016667
0 0.203125 0.108333 0.015625 0.029167
0 0.200000 0.083333 0.015625 0.020833
0 0.226562 0.070833 0.025000 0.016667
0 0.240625 0.079167 0.018750 0.016667
0 0.242188 0.112500 0.012500 0.029167
0 0.254688 0.089583 0.015625 0.025000
0 0.259375 0.097917 0.018750 0.016667
0 0.282813 0.079167 0.021875 0.016667
0 0.289062 0.066667 0.021875 0.016667
0 0.321875 0.056250 0.021875 0.016667
0 0.289062 0.089583 0.018750 0.016667
0 0.304688 0.093750 0.018750 0.020833
0 0.295312 0.106250 0.021875 0.016667
0 0.312500 0.112500 0.021875 0.016667
0 0.326562 0.106250 0.021875 0.016667
0 0.384375 0.102083 0.021875 0.016667
0 0.425000 0.077083 0.021875 0.016667
0 0.431250 0.095833 0.021875 0.020833
0 0.462500 0.106250 0.018750 0.020833
0 0.471875 0.081250 0.021875 0.016667
0 0.498437 0.070833 0.021875 0.016667
0 0.514062 0.066667 0.021875 0.020833
0 0.489063 0.112500 0.018750 0.020833
0 0.509375 0.108333 0.021875 0.016667
0 0.512500 0.095833 0.021875 0.016667
0 0.512500 0.083333 0.015625 0.016667
0 0.529687 0.079167 0.018750 0.016667
0 0.535937 0.100000 0.018750 0.025000
0 0.557813 0.093750 0.021875 0.020833
0 0.560937 0.052083 0.018750 0.016667
0 0.546875 0.075000 0.018750 0.016667
0 0.575000 0.087500 0.018750 0.016667
0 0.589063 0.079167 0.021875 0.016667
0 0.612500 0.075000 0.018750 0.016667
0 0.623437 0.085417 0.021875 0.016667
0 0.609375 0.104167 0.018750 0.020833
0 0.635938 0.097917 0.021875 0.020833
0 0.650000 0.085417 0.021875 0.020833
0 0.657813 0.122917 0.021875 0.020833
0 0.664062 0.129167 0.021875 0.016667
0 0.709375 0.104167 0.021875 0.020833
0 0.709375 0.085417 0.021875 0.016667
0 0.720313 0.093750 0.018750 0.016667
0 0.743750 0.122917 0.018750 0.025000
0 0.743750 0.100000 0.021875 0.012500
0 0.762500 0.110417 0.015625 0.025000
0 0.768750 0.131250 0.012500 0.016667
0 0.787500 0.114583 0.025000 0.016667
0 0.775000 0.095833 0.025000 0.020833
0 0.771875 0.083333 0.021875 0.025000
0 0.810937 0.054167 0.018750 0.012500
0 0.803125 0.066667 0.018750 0.016667
0 0.800000 0.077083 0.025000 0.012500
0 0.807813 0.072917 0.018750 0.012500
0 0.801562 0.089583 0.018750 0.016667
0 0.812500 0.095833 0.015625 0.025000
0 0.832812 0.079167 0.021875 0.016667
0 0.828125 0.112500 0.018750 0.025000
0 0.814063 0.135417 0.012500 0.025000
0 0.835938 0.095833 0.018750 0.016667
0 0.848437 0.097917 0.015625 0.025000
0 0.856250 0.087500 0.018750 0.020833
0 0.865625 0.072917 0.028125 0.020833
0 0.865625 0.131250 0.018750 0.025000
0 0.873437 0.112500 0.021875 0.016667
0 0.889062 0.125000 0.021875 0.016667
0 0.903125 0.122917 0.015625 0.025000
0 0.895312 0.112500 0.018750 0.016667
0 0.889062 0.102083 0.018750 0.016667
0 0.875000 0.100000 0.018750 0.020833
0 0.884375 0.083333 0.018750 0.020833
0 0.912500 0.085417 0.021875 0.020833
0 0.915625 0.095833 0.021875 0.016667
0 0.910937 0.104167 0.021875 0.012500
0 0.921875 0.120833 0.018750 0.020833
0 0.946875 0.118750 0.025000 0.020833
0 0.942187 0.100000 0.021875 0.020833
0 0.940625 0.079167 0.021875 0.016667
0 0.965625 0.091667 0.021875 0.016667
0 0.967187 0.112500 0.025000 0.016667
0 0.962500 0.131250 0.015625 0.020833
0 0.984375 0.108333 0.021875 0.016667
0 0.985938 0.091667 0.021875 0.016667
0 0.996875 0.077083 0.025000 0.016667
0 1.015625 0.102083 0.015625 0.025000