0 0.040625 0.052083 0.015625 0.020833
0 0.035937 0.064583 0.025000 0.016667
0 0.031250 0.091667 0.025000 0.020833
0 0.085938 0.072917 0.021875 0.020833
0 0.104688 0.070833 0.018750 0.016667
0 0.164062 0.100000 0.018750 0.025000
0 0.184375 0.077083 0.025000 0.016667
0 0.178125 0.058333 0.025000 0.016667
0 0.223438 0.081250 0.021875 0.025000
0 0.212500 0.087500 0.025000 0.016667
0 0.212500 0.102083 0.021875 0.016667
0 0.200000 0.120833 0.015625 0.029167
0 0.239063 0.125000 0.025000 0.016667
0 0.242188 0.104167 0.021875 0.020833
0 0.239063 0.087500 0.015625 0.033333
0 0.256250 0.089583 0.018750 0.025000
0 0.278125 0.077083 0.025000 0.025000
0 0.303125 0.068750 0.025000 0.016667
0 0.284375 0.091667 0.021875 0.025000
0 0.268750 0.112500 0.025000 0.020833
0 0.275000 0.125000 0.015625 0.029167
0 0.289062 0.097917 0.015625 0.020833
0 0.275000 0.112500 0.012500 0.029167
0 0.295312 0.120833 0.015625 0.029167
0 0.287500 0.106250 0.018750 0.016667
0 0.303125 0.095833 0.018750 0.016667
0 0.309375 0.077083 0.021875 0.016667
0 0.314063 0.089583 0.021875 0.020833
0 0.339062 0.047917 0.018750 0.012500
0 0.348438 0.062500 0.021875 0.016667
0 0.328125 0.068750 0.021875 0.016667
0 0.339062 0.081250 0.021875 0.020833
0 0.334375 0.116667 0.015625 0.020833
0 0.321875 0.122917 0.012500 0.016667
0 0.346875 0.102083 0.018750 0.025000
0 0.356250 0.087500 0.018750 0.020833
0 0.375000 0.081250 0.021875 0.020833
0 0.368750 0.064583 0.015625 0.025000
0 0.384375 0.070833 0.018750 0.020833
0 0.362500 0.112500 0.012500 0.025000
0 0.354687 0.110417 0.018750 0.016667
0 0.343750 0.131250 0.018750 0.016667
0 0.370312 0.122917 0.015625 0.020833
0 0.384375 0.129167 0.015625 0.025000
0 0.385937 0.106250 0.018750 0.016667
0 0.393750 0.100000 0.015625 0.025000
0 0.403125 0.079167 0.018750 0.012500
0 0.410938 0.091667 0.018750 0.016667
0 0.400000 0.114583 0.021875 0.016667
0 0.406250 0.131250 0.015625 0.016667
0 0.442188 0.129167 0.018750 0.016667
0 0.440625 0.114583 0.021875 0.016667
0 0.445312 0.087500 0.018750 0.016667
0 0.467187 0.127083 0.021875 0.020833
0 0.453125 0.104167 0.018750 0.016667
0 0.462500 0.097917 0.018750 0.016667
0 0.464062 0.081250 0.012500 0.020833
0 0.476562 0.102083 0.012500 0.025000
0 0.489063 0.114583 0.021875 0.016667
0 0.500000 0.125000 0.015625 0.025000
0 0.504687 0.131250 0.018750 0.020833
0 0.525000 0.133333 0.018750 0.025000
0 0.506250 0.110417 0.012500 0.025000
0 0.514062 0.093750 0.018750 0.012500
0 0.487500 0.089583 0.015625 0.025000
0 0.485938 0.070833 0.018750 0.016667
0 0.493750 0.054167 0.021875 0.016667
0 0.504687 0.064583 0.018750 0.020833
0 0.507812 0.079167 0.018750 0.020833
0 0.532813 0.070833 0.018750 0.016667
0 0.504687 0.083333 0.018750 0.016667
0 0.548438 0.056250 0.018750 0.016667
0 0.554688 0.083333 0.018750 0.016667
0 0.551562 0.118750 0.018750 0.016667
0 0.564063 0.129167 0.018750 0.016667
0 0.567187 0.118750 0.018750 0.016667
0 0.567187 0.102083 0.018750 0.016667
0 0.559375 0.091667 0.018750 0.016667
0 0.567187 0.081250 0.012500 0.025000
0 0.567187 0.052083 0.012500 0.016667
0 0.521875 0.079167 0.018750 0.016667
0 0.537500 0.085417 0.018750 0.012500
0 0.545312 0.102083 0.018750 0.016667
0 0.579688 0.097917 0.012500 0.025000
0 0.592187 0.110417 0.012500 0.029167
0 0.589063 0.125000 0.018750 0.016667
0 0.590625 0.066667 0.015625 0.025000
0 0.596875 0.058333 0.012500 0.020833
0 0.606250 0.070833 0.015625 0.020833
0 0.598437 0.085417 0.015625 0.016667
0 0.612500 0.079167 0.018750 0.016667
0 0.609375 0.116667 0.012500 0.025000
0 0.631250 0.089583 0.015625 0.025000
0 0.623437 0.104167 0.012500 0.025000
0 0.629687 0.120833 0.018750 0.016667
0 0.648438 0.131250 0.018750 0.025000
0 0.654687 0.066667 0.015625 0.025000
0 0.654687 0.102083 0.018750 0.016667
0 0.681250 0.135417 0.018750 0.016667
0 0.704688 0.125000 0.018750 0.016667
0 0.706250 0.110417 0.015625 0.025000
0 0.681250 0.114583 0.018750 0.025000
0 0.685937 0.087500 0.025000 0.016667
0 0.704688 0.093750 0.018750 0.025000
0 0.695312 0.068750 0.021875 0.016667
0 0.798438 0.097917 0.025000 0.020833
0 0.781250 0.108333 0.021875 0.020833
0 0.779687 0.120833 0.018750 0.016667
0 0.803125 0.125000 0.021875 0.020833
0 0.771875 0.131250 0.018750 0.016667
0 0.731250 0.135417 0.015625 0.016667
0 0.754687 0.129167 0.012500 0.016667
0 0.885938 0.106250 0.018750 0.020833
0 0.893750 0.133333 0.021875 0.025000
0 0.895312 0.095833 0.018750 0.020833
0 0.914062 0.106250 0.021875 0.020833
0 0.923438 0.118750 0.028125 0.029167
0 0.940625 0.104167 0.021875 0.020833
0 0.957812 0.114583 0.021875 0.025000
0 0.967187 0.125000 0.025000 0.016667
0 1.009375 0.131250 0.015625 0.020833