0 1.010938 0.131250 0.018750 0.020833
0 0.975000 0.116667 0.021875 0.020833
0 0.868750 0.068750 0.025000 0.020833
0 0.778125 0.056250 0.021875 0.016667
0 0.806250 0.079167 0.021875 0.020833
0 0.820312 0.091667 0.018750 0.025000
0 0.818750 0.112500 0.025000 0.020833
0 0.831250 0.127083 0.025000 0.020833
0 0.804688 0.120833 0.021875 0.025000
0 0.782813 0.122917 0.018750 0.020833
0 0.765625 0.133333 0.021875 0.020833
0 0.757812 0.114583 0.021875 0.016667
0 0.739062 0.120833 0.021875 0.016667
0 0.729688 0.110417 0.018750 0.025000
0 0.731250 0.091667 0.018750 0.020833
0 0.712500 0.075000 0.021875 0.020833
0 0.703125 0.089583 0.025000 0.020833
0 0.715625 0.118750 0.018750 0.016667
0 0.700000 0.125000 0.018750 0.025000
0 0.698438 0.135417 0.018750 0.020833
0 0.684375 0.118750 0.018750 0.020833
0 0.673438 0.093750 0.018750 0.025000
0 0.689063 0.070833 0.025000 0.025000
0 0.646875 0.108333 0.012500 0.025000
0 0.646875 0.133333 0.012500 0.025000
0 0.639062 0.135417 0.018750 0.020833
0 0.609375 0.118750 0.018750 0.029167
0 0.607812 0.089583 0.015625 0.025000
0 0.590625 0.091667 0.012500 0.025000
0 0.585938 0.120833 0.015625 0.033333
0 0.571875 0.122917 0.012500 0.025000
0 0.587500 0.058333 0.012500 0.020833
0 0.557813 0.089583 0.018750 0.016667
0 0.551562 0.066667 0.018750 0.016667
0 0.518750 0.068750 0.018750 0.020833
0 0.529687 0.077083 0.018750 0.016667
0 0.529687 0.108333 0.018750 0.025000
0 0.542188 0.129167 0.012500 0.025000
0 0.532813 0.056250 0.018750 0.016667
0 0.501563 0.054167 0.018750 0.016667
0 0.504687 0.077083 0.015625 0.025000
0 0.515625 0.108333 0.015625 0.025000
0 0.531250 0.131250 0.015625 0.016667
0 0.523438 0.129167 0.018750 0.020833
0 0.504687 0.120833 0.018750 0.016667
0 0.498437 0.106250 0.018750 0.016667
0 0.493750 0.087500 0.018750 0.025000
0 0.479687 0.129167 0.018750 0.020833
0 0.471875 0.116667 0.012500 0.025000
0 0.479687 0.087500 0.018750 0.025000
0 0.464062 0.075000 0.018750 0.020833
0 0.446875 0.093750 0.018750 0.016667
0 0.446875 0.110417 0.018750 0.016667
0 0.407813 0.133333 0.018750 0.016667
0 0.420312 0.129167 0.018750 0.016667
0 0.423438 0.116667 0.025000 0.012500
0 0.428125 0.108333 0.018750 0.025000
0 0.414062 0.108333 0.015625 0.025000
0 0.425000 0.093750 0.012500 0.025000
0 0.434375 0.087500 0.012500 0.025000
0 0.448437 0.075000 0.012500 0.025000
0 0.432812 0.056250 0.018750 0.020833
0 0.410938 0.064583 0.012500 0.025000
0 0.396875 0.070833 0.009375 0.025000
0 0.398438 0.112500 0.009375 0.025000
0 0.398438 0.129167 0.018750 0.016667
0 0.385937 0.118750 0.009375 0.025000
0 0.373437 0.120833 0.012500 0.025000
0 0.378125 0.091667 0.012500 0.029167
0 0.375000 0.070833 0.009375 0.025000
0 0.389062 0.056250 0.021875 0.016667
0 0.368750 0.077083 0.018750 0.025000
0 0.353125 0.120833 0.018750 0.012500
0 0.332813 0.112500 0.018750 0.020833
0 0.321875 0.131250 0.018750 0.025000
0 0.303125 0.129167 0.012500 0.029167
0 0.309375 0.108333 0.012500 0.025000
0 0.318750 0.100000 0.012500 0.025000
0 0.323437 0.075000 0.018750 0.025000
0 0.335938 0.056250 0.018750 0.016667
0 0.289062 0.097917 0.018750 0.016667
0 0.278125 0.122917 0.018750 0.025000
0 0.265625 0.129167 0.018750 0.016667
0 0.250000 0.108333 0.018750 0.016667
0 0.276562 0.089583 0.018750 0.025000
0 0.284375 0.077083 0.018750 0.025000
0 0.262500 0.075000 0.018750 0.020833
0 0.243750 0.081250 0.018750 0.025000
0 0.231250 0.062500 0.021875 0.025000
0 0.204687 0.083333 0.018750 0.020833
0 0.217188 0.089583 0.018750 0.020833
0 0.221875 0.108333 0.012500 0.020833
0 0.225000 0.095833 0.018750 0.016667
0 0.204687 0.104167 0.018750 0.025000
0 0.195312 0.133333 0.018750 0.025000
0 0.115625 0.127083 0.021875 0.020833
0 0.103125 0.112500 0.021875 0.016667
0 0.120313 0.102083 0.025000 0.016667
0 0.093750 0.052083 0.025000 0.020833
0 0.070312 0.062500 0.021875 0.016667
0 0.056250 0.056250 0.021875 0.016667
0 0.039062 0.050000 0.021875 0.016667
0 0.042188 0.062500 0.025000 0.016667
0 0.039062 0.079167 0.025000 0.016667
0 0.017188 0.095833 0.021875 0.016667
0 0.018750 0.050000 0.018750 0.016667