0 0.039062 0.052083 0.015625 0.020833
0 0.021875 0.068750 0.025000 0.016667
0 0.015625 0.102083 0.018750 0.020833
0 0.040625 0.110417 0.025000 0.020833
0 0.060937 0.087500 0.021875 0.029167
0 0.068750 0.066667 0.025000 0.020833
0 0.076563 0.087500 0.021875 0.020833
0 0.110937 0.093750 0.018750 0.033333
0 0.123438 0.087500 0.018750 0.020833
0 0.134375 0.060417 0.021875 0.020833
0 0.146875 0.066667 0.012500 0.025000
0 0.170313 0.097917 0.025000 0.020833
0 0.171875 0.083333 0.025000 0.020833
0 0.190625 0.083333 0.025000 0.025000
0 0.210938 0.083333 0.015625 0.029167
0 0.226562 0.066667 0.025000 0.016667
0 0.234375 0.064583 0.012500 0.025000
0 0.239063 0.079167 0.025000 0.016667
0 0.251563 0.072917 0.018750 0.029167
0 0.246875 0.093750 0.025000 0.020833
0 0.246875 0.112500 0.025000 0.020833
0 0.254688 0.087500 0.012500 0.029167
0 0.259375 0.108333 0.018750 0.020833
0 0.267188 0.129167 0.018750 0.025000
0 0.285938 0.122917 0.025000 0.020833
0 0.275000 0.104167 0.021875 0.020833
0 0.275000 0.087500 0.025000 0.016667
0 0.273438 0.075000 0.025000 0.016667
0 0.304688 0.068750 0.021875 0.016667
0 0.317188 0.060417 0.015625 0.025000
0 0.300000 0.085417 0.018750 0.020833
0 0.284375 0.104167 0.018750 0.016667
0 0.300000 0.118750 0.018750 0.029167
0 0.314063 0.137500 0.018750 0.033333
0 0.314063 0.104167 0.018750 0.025000
0 0.325000 0.095833 0.018750 0.016667
0 0.329688 0.085417 0.018750 0.016667
0 0.318750 0.087500 0.015625 0.025000
0 0.337500 0.070833 0.018750 0.016667
0 0.343750 0.087500 0.018750 0.020833
0 0.345313 0.120833 0.018750 0.016667
0 0.326562 0.112500 0.012500 0.020833
0 0.354687 0.093750 0.025000 0.016667
0 0.343750 0.112500 0.012500 0.025000
0 0.368750 0.072917 0.031250 0.020833
0 0.375000 0.100000 0.015625 0.025000
0 0.378125 0.104167 0.021875 0.016667
0 0.378125 0.133333 0.021875 0.020833
0 0.395313 0.122917 0.025000 0.020833
0 0.395313 0.106250 0.018750 0.016667
0 0.382812 0.072917 0.018750 0.020833
0 0.459375 0.054167 0.015625 0.016667
0 0.448437 0.062500 0.021875 0.016667
0 0.437500 0.075000 0.018750 0.016667
0 0.442188 0.104167 0.018750 0.020833
0 0.440625 0.114583 0.018750 0.016667
0 0.467187 0.125000 0.018750 0.016667
0 0.457813 0.108333 0.015625 0.029167
0 0.475000 0.083333 0.015625 0.029167
0 0.479687 0.091667 0.018750 0.020833
0 0.484375 0.108333 0.018750 0.020833
0 0.481250 0.133333 0.012500 0.025000
0 0.489063 0.068750 0.015625 0.016667
0 0.518750 0.064583 0.018750 0.025000
0 0.514062 0.081250 0.015625 0.025000
0 0.501563 0.085417 0.021875 0.016667
0 0.506250 0.068750 0.018750 0.025000
0 0.503125 0.097917 0.018750 0.016667
0 0.510938 0.129167 0.015625 0.025000
0 0.531250 0.135417 0.021875 0.016667
0 0.525000 0.112500 0.018750 0.020833
0 0.529687 0.120833 0.021875 0.012500
0 0.535937 0.102083 0.012500 0.025000
0 0.554688 0.125000 0.012500 0.025000
0 0.562500 0.133333 0.018750 0.016667
0 0.531250 0.081250 0.018750 0.025000
0 0.545312 0.087500 0.018750 0.016667
0 0.553125 0.095833 0.018750 0.016667
0 0.554688 0.066667 0.021875 0.020833
0 0.567187 0.079167 0.012500 0.025000
0 0.576562 0.081250 0.015625 0.020833
0 0.581250 0.120833 0.018750 0.020833
0 0.600000 0.125000 0.018750 0.020833
0 0.623437 0.133333 0.021875 0.020833
0 0.648438 0.131250 0.012500 0.025000
0 0.614062 0.116667 0.018750 0.016667
0 0.642188 0.110417 0.018750 0.016667
0 0.598437 0.081250 0.015625 0.016667
0 0.628125 0.070833 0.018750 0.016667
0 0.642188 0.060417 0.015625 0.020833
0 0.664062 0.056250 0.018750 0.016667
0 0.650000 0.072917 0.021875 0.016667
0 0.665625 0.104167 0.015625 0.025000
0 0.664062 0.087500 0.012500 0.025000
0 0.628125 0.110417 0.015625 0.025000
0 0.618750 0.104167 0.018750 0.025000
0 0.601562 0.106250 0.018750 0.025000
0 0.582812 0.104167 0.018750 0.016667
0 0.690625 0.125000 0.018750 0.016667
0 0.689063 0.108333 0.012500 0.029167
0 0.695312 0.085417 0.018750 0.016667
0 0.731250 0.072917 0.025000 0.016667
0 0.714063 0.083333 0.021875 0.016667
0 0.715625 0.102083 0.015625 0.025000
0 0.706250 0.102083 0.021875 0.016667
0 0.717187 0.112500 0.021875 0.016667
0 0.754687 0.122917 0.025000 0.020833
0 0.740625 0.095833 0.021875 0.016667
0 0.754687 0.085417 0.021875 0.016667
0 0.781250 0.087500 0.018750 0.025000
0 0.846875 0.064583 0.021875 0.020833
0 0.848437 0.072917 0.021875 0.016667
0 0.834375 0.127083 0.021875 0.020833
0 0.834375 0.110417 0.012500 0.033333
0 0.853125 0.108333 0.021875 0.016667
0 0.860938 0.122917 0.021875 0.020833
0 0.878125 0.127083 0.025000 0.020833
0 0.926562 0.100000 0.025000 0.020833
0 0.953125 0.118750 0.015625 0.029167
0 0.973437 0.104167 0.025000 0.016667
0 0.956250 0.070833 0.025000 0.020833
0 1.000000 0.064583 0.025000 0.016667
0 0.998437 0.083333 0.018750 0.025000
0 0.987500 0.083333 0.018750 0.016667
0 1.001562 0.100000 0.025000 0.020833
0 1.012500 0.133333 0.018750 0.020833