0 1.000000 0.131250 0.018750 0.020833
0 1.010938 0.110417 0.021875 0.020833
0 1.010938 0.075000 0.018750 0.020833
0 1.012500 0.060417 0.018750 0.020833
0 0.935937 0.058333 0.018750 0.020833
0 0.921875 0.135417 0.018750 0.020833
0 0.893750 0.137500 0.018750 0.020833
0 0.557813 0.058333 0.018750 0.020833
0 0.201563 0.060417 0.018750 0.020833
0 0.223438 0.087500 0.025000 0.020833
0 0.135937 0.072917 0.018750 0.020833
0 0.117188 0.104167 0.021875 0.020833
0 0.100000 0.104167 0.018750 0.020833
0 0.071875 0.110417 0.018750 0.020833
0 0.062500 0.085417 0.018750 0.020833
0 0.025000 0.052083 0.018750 0.020833
0 0.012500 0.066667 0.018750 0.020833
0 0.017188 0.114583 0.015625 0.025000