0 0.070312 0.056250 0.031250 0.033333
0 0.114062 0.068750 0.031250 0.025000
0 0.059375 0.073958 0.031250 0.031250
0 0.110156 0.116667 0.042188 0.033333
0 0.089844 0.198958 0.035937 0.031250
0 0.050000 0.278125 0.043750 0.035417
0 0.102344 0.257292 0.042188 0.035417
0 0.096875 0.276042 0.031250 0.035417
0 0.076563 0.295833 0.040625 0.033333
0 0.044531 0.330208 0.035937 0.035417
0 0.065625 0.346875 0.031250 0.031250
0 0.085938 0.310417 0.031250 0.029167
0 0.107813 0.368750 0.037500 0.033333
0 0.095312 0.394792 0.031250 0.035417
0 0.109375 0.384375 0.031250 0.031250
0 0.122656 0.396875 0.039062 0.031250
0 0.107813 0.428125 0.031250 0.031250
0 0.096875 0.438542 0.031250 0.031250
0 0.078125 0.445833 0.031250 0.029167
0 0.065625 0.457292 0.031250 0.031250
0 0.045312 0.473958 0.034375 0.031250
0 0.057813 0.492708 0.031250 0.031250
0 0.019531 0.356250 0.029687 0.029167
0 0.042188 0.589583 0.031250 0.033333
0 0.066406 0.598958 0.035937 0.035417
0 0.112500 0.562500 0.031250 0.033333
0 0.077344 0.582292 0.035937 0.035417
0 0.132812 0.564583 0.034375 0.033333
0 0.021875 0.635417 0.031250 0.033333
0 0.040625 0.635417 0.034375 0.033333
0 0.067187 0.641667 0.034375 0.033333
0 0.067969 0.671875 0.035937 0.039583
0 0.082812 0.636458 0.031250 0.031250
0 0.095312 0.664583 0.031250 0.041667
0 0.104688 0.700000 0.031250 0.037500
0 0.119531 0.719792 0.035937 0.039583
0 0.048438 0.741667 0.034375 0.033333
0 0.042188 0.762500 0.040625 0.033333
0 0.075781 0.778125 0.039062 0.043750
0 0.129688 0.761458 0.040625 0.035417
0 0.128125 0.801042 0.040625 0.039583
0 0.046094 0.861458 0.035937 0.035417
0 0.021875 0.887500 0.031250 0.041667
0 0.105469 0.855208 0.039062 0.035417
0 0.044531 0.925000 0.042188 0.033333
0 0.055469 0.957292 0.039062 0.039583
0 0.076563 0.930208 0.037500 0.035417
0 0.092188 0.936458 0.031250 0.035417
0 0.128125 0.904167 0.040625 0.033333
0 0.089063 0.990625 0.040625 0.039583
0 0.078906 1.026042 0.035937 0.035417
0 0.043750 1.104167 0.043750 0.033333
0 0.038281 1.170833 0.042188 0.033333
0 0.046094 1.213542 0.042188 0.035417
0 0.118750 1.285417 0.043750 0.037500
0 0.129688 1.187500 0.046875 0.033333
0 0.128906 1.164583 0.039062 0.037500
0 0.135156 1.181250 0.039062 0.029167
0 0.219531 1.301042 0.042188 0.043750
0 0.217188 1.243750 0.037500 0.029167
0 0.225781 1.232292 0.048438 0.031250
0 0.325000 1.277083 0.043750 0.050000
0 0.314844 1.221875 0.048438 0.039583
0 0.412500 1.302083 0.053125 0.041667
0 0.441406 1.262500 0.048438 0.037500
0 0.382812 1.256250 0.043750 0.041667
0 0.433594 1.212500 0.045312 0.033333
0 0.403906 1.231250 0.042188 0.033333
0 0.396094 1.240625 0.042188 0.031250
0 0.346094 1.132292 0.042188 0.039583
0 0.289844 1.128125 0.051562 0.031250
0 0.285156 1.139583 0.035937 0.033333
0 0.207031 1.116667 0.035937 0.033333
0 0.173437 1.111458 0.040625 0.035417
0 0.222656 1.095833 0.039062 0.037500
0 0.117188 1.103125 0.037500 0.035417
0 0.112500 1.087500 0.040625 0.037500
0 0.096094 1.059375 0.039062 0.039583
0 0.176563 1.056250 0.037500 0.037500
0 0.176563 1.046875 0.050000 0.035417
0 0.129688 1.048958 0.031250 0.035417
0 0.114062 1.021875 0.037500 0.027083
0 0.139844 0.994792 0.045312 0.035417
0 0.160156 0.963542 0.045312 0.031250
0 0.146875 0.957292 0.040625 0.031250
0 0.194531 1.004167 0.039062 0.037500
0 0.218750 0.991667 0.040625 0.037500
0 0.206250 0.977083 0.040625 0.037500
0 0.271875 1.014583 0.040625 0.033333
0 0.273438 0.996875 0.043750 0.031250
0 0.280469 0.965625 0.045312 0.035417
0 0.329688 1.011458 0.043750 0.035417
0 0.169531 0.860417 0.042188 0.033333
0 0.163281 0.838542 0.042188 0.031250
0 0.209375 0.815625 0.050000 0.031250
0 0.357031 0.989583 0.039062 0.037500
0 0.326562 0.947917 0.046875 0.033333
0 0.313281 0.926042 0.045312 0.039583
0 0.288281 0.873958 0.042188 0.031250
0 0.278125 0.868750 0.040625 0.037500
0 0.287500 0.851042 0.037500 0.039583
0 0.248438 0.841667 0.037500 0.041667
0 0.327344 0.888542 0.039062 0.039583
0 0.347656 0.855208 0.042188 0.031250
0 0.339062 0.845833 0.037500 0.033333
0 0.296094 0.814583 0.039062 0.037500
0 0.279687 0.801042 0.031250 0.035417
0 0.260937 0.792708 0.031250 0.039583
0 0.292187 0.783333 0.031250 0.033333
0 0.304688 0.768750 0.031250 0.037500
0 0.214062 0.739583 0.037500 0.037500
0 0.269531 0.722917 0.039062 0.037500
0 0.232813 0.710417 0.040625 0.037500
0 0.168750 0.691667 0.040625 0.033333
0 0.166406 0.652083 0.048438 0.037500
0 0.146875 0.608333 0.043750 0.033333
0 0.200781 0.558333 0.039062 0.033333
0 0.182812 0.544792 0.040625 0.031250
0 0.239063 0.662500 0.040625 0.033333
0 0.260156 0.639583 0.045312 0.033333
0 0.224219 0.622917 0.042188 0.033333
0 0.229687 0.586458 0.031250 0.031250
0 0.256250 0.573958 0.034375 0.043750
0 0.234375 0.567708 0.043750 0.031250
0 0.246875 0.539583 0.034375 0.033333
0 0.257812 0.529167 0.031250 0.029167
0 0.209375 0.536458 0.031250 0.022917
0 0.160938 0.495833 0.031250 0.041667
0 0.154688 0.481250 0.034375 0.033333
0 0.170313 0.462500 0.031250 0.029167
0 0.226562 0.460417 0.028125 0.037500
0 0.278125 0.479167 0.031250 0.037500
0 0.296875 0.463542 0.037500 0.039583
0 0.237500 0.432292 0.040625 0.027083
0 0.196094 0.421875 0.039062 0.031250
0 0.206250 0.417708 0.031250 0.035417
0 0.239063 0.398958 0.031250 0.031250
0 0.291406 0.416667 0.035937 0.033333
0 0.184375 0.361458 0.031250 0.039583
0 0.164062 0.350000 0.031250 0.033333
0 0.237500 0.368750 0.031250 0.029167
0 0.273438 0.351042 0.040625 0.031250
0 0.228906 0.343750 0.032813 0.033333
0 0.162500 0.322917 0.031250 0.037500
0 0.139063 0.292708 0.031250 0.022917
0 0.135937 0.293750 0.031250 0.041667
0 0.181250 0.264583 0.031250 0.033333
0 0.170313 0.250000 0.031250 0.033333
0 0.195312 0.246875 0.037500 0.031250
0 0.257812 0.320833 0.037500 0.029167
0 0.268750 0.297917 0.037500 0.037500
0 0.293750 0.260417 0.037500 0.033333
0 0.267969 0.242708 0.039062 0.035417
0 0.230469 0.202083 0.035937 0.029167
0 0.201563 0.147917 0.037500 0.033333
0 0.234375 0.133333 0.031250 0.041667
0 0.217188 0.115625 0.031250 0.031250
0 0.268750 0.077083 0.031250 0.029167
0 0.314844 0.110417 0.032813 0.033333
0 0.279687 0.172917 0.031250 0.033333
0 0.288281 0.183333 0.039062 0.033333
0 0.330469 0.237500 0.035937 0.033333
0 0.325000 0.289583 0.031250 0.041667
0 0.364063 0.279167 0.037500 0.033333
0 0.340625 0.308333 0.031250 0.029167
0 0.364063 0.028125 0.043750 0.031250
0 0.450781 0.027083 0.035937 0.029167
0 0.367188 0.172917 0.031250 0.029167
0 0.367188 0.192708 0.031250 0.027083
0 0.375000 0.218750 0.031250 0.037500
0 0.411719 0.237500 0.039062 0.029167
0 0.423438 0.213542 0.037500 0.027083
0 0.429688 0.190625 0.040625 0.031250
0 0.446094 0.111458 0.035937 0.035417
0 0.456250 0.114583 0.034375 0.033333
0 0.463281 0.136458 0.039062 0.031250
0 0.465625 0.167708 0.028125 0.039583
0 0.522656 0.066667 0.035937 0.033333
0 0.571875 0.037500 0.031250 0.029167
0 0.581250 0.029167 0.031250 0.029167
0 0.548438 0.091667 0.031250 0.033333
0 0.519531 0.121875 0.039062 0.027083
0 0.543750 0.142708 0.034375 0.031250
0 0.550000 0.162500 0.031250 0.037500
0 0.517969 0.212500 0.035937 0.033333
0 0.431250 0.288542 0.034375 0.035417
0 0.403906 0.312500 0.035937 0.033333
0 0.486719 0.287500 0.035937 0.033333
0 0.354687 0.339583 0.031250 0.033333
0 0.340625 0.353125 0.031250 0.031250
0 0.328906 0.373958 0.035937 0.031250
0 0.337500 0.388542 0.031250 0.035417
0 0.335938 0.433333 0.034375 0.037500
0 0.384375 0.345833 0.031250 0.033333
0 0.396875 0.354167 0.034375 0.033333
0 0.426563 0.351042 0.037500 0.035417
0 0.392969 0.392708 0.039062 0.035417
0 0.404687 0.408333 0.034375 0.033333
0 0.412500 0.422917 0.031250 0.033333
0 0.387500 0.448958 0.037500 0.027083
0 0.392969 0.473958 0.039062 0.031250
0 0.431250 0.468750 0.034375 0.029167
0 0.465625 0.330208 0.034375 0.035417
0 0.464062 0.340625 0.031250 0.031250
0 0.482812 0.348958 0.034375 0.035417
0 0.495312 0.365625 0.034375 0.043750
0 0.510938 0.313542 0.031250 0.027083
0 0.518750 0.323958 0.037500 0.031250
0 0.541406 0.339583 0.032813 0.041667
0 0.454688 0.408333 0.031250 0.037500
0 0.491406 0.404167 0.039062 0.029167
0 0.482812 0.445833 0.037500 0.037500
0 0.442969 0.503125 0.032813 0.035417
0 0.466406 0.498958 0.035937 0.035417
0 0.473438 0.521875 0.031250 0.035417
0 0.492188 0.555208 0.037500 0.031250
0 0.443750 0.543750 0.034375 0.037500
0 0.414062 0.538542 0.034375 0.031250
0 0.387500 0.528125 0.037500 0.031250
0 0.353906 0.540625 0.039062 0.035417
0 0.323437 0.550000 0.031250 0.037500
0 0.312500 0.585417 0.031250 0.037500
0 0.367969 0.553125 0.035937 0.035417
0 0.370312 0.562500 0.037500 0.033333
0 0.395313 0.572917 0.034375 0.037500
0 0.343750 0.596875 0.037500 0.031250
0 0.343750 0.616667 0.037500 0.037500
0 0.352344 0.626042 0.035937 0.035417
0 0.400000 0.601042 0.037500 0.031250
0 0.405469 0.623958 0.039062 0.035417
0 0.450000 0.601042 0.040625 0.035417
0 0.470313 0.619792 0.037500 0.031250
0 0.475781 0.641667 0.039062 0.037500
0 0.494531 0.609375 0.035937 0.031250
0 0.503125 0.595833 0.031250 0.041667
0 0.523438 0.597917 0.031250 0.037500
0 0.549219 0.605208 0.035937 0.035417
0 0.558594 0.626042 0.045312 0.031250
0 0.535937 0.661458 0.040625 0.035417
0 0.303906 0.664583 0.042188 0.037500
0 0.325000 0.683333 0.043750 0.041667
0 0.379688 0.690625 0.043750 0.035417
0 0.344531 0.737500 0.042188 0.037500
0 0.389062 0.708333 0.037500 0.033333
0 0.382031 0.762500 0.035937 0.033333
0 0.404687 0.755208 0.037500 0.031250
0 0.446094 0.718750 0.042188 0.037500
0 0.442969 0.752083 0.035937 0.037500
0 0.408594 0.789583 0.045312 0.033333
0 0.441406 0.771875 0.039062 0.031250
0 0.447656 0.803125 0.035937 0.035417
0 0.423438 0.831250 0.034375 0.037500
0 0.441406 0.840625 0.039062 0.035417
0 0.367188 0.857292 0.031250 0.039583
0 0.380469 0.854167 0.039062 0.033333
0 0.388281 0.917708 0.042188 0.031250
0 0.378906 0.940625 0.039062 0.035417
0 0.403125 1.019792 0.037500 0.035417
0 0.411719 0.966667 0.039062 0.037500
0 0.425000 0.910417 0.040625 0.037500
0 0.460156 0.967708 0.045312 0.027083
0 0.470313 0.992708 0.034375 0.035417
0 0.489844 1.017708 0.039062 0.035417
0 0.506250 1.020833 0.040625 0.037500
0 0.522656 1.088542 0.045312 0.035417
0 0.490625 1.145833 0.031250 0.041667
0 0.510938 1.128125 0.031250 0.031250
0 0.515625 1.152083 0.031250 0.037500
0 0.510938 1.167708 0.046875 0.035417
0 0.527344 1.222917 0.042188 0.033333
0 0.532813 1.242708 0.050000 0.035417
0 0.577344 1.189583 0.048438 0.041667
0 0.539844 1.216667 0.042188 0.029167
0 0.617188 1.306250 0.040625 0.037500
0 0.645312 1.241667 0.043750 0.041667
0 0.572656 1.112500 0.045312 0.037500
0 0.805469 1.286458 0.051562 0.039583
0 0.878125 1.312500 0.046875 0.041667
0 0.860938 1.246875 0.046875 0.035417
0 1.039844 1.262500 0.048438 0.037500
0 1.077344 1.234375 0.042188 0.039583
0 0.748437 1.242708 0.043750 0.039583
0 0.692187 1.208333 0.043750 0.041667
0 1.322656 1.248958 0.045312 0.039583
0 1.418750 1.247917 0.046875 0.037500
0 1.233594 1.195833 0.054688 0.033333
0 1.283594 1.164583 0.054688 0.037500
0 1.363281 1.145833 0.048438 0.037500
0 1.418750 1.147917 0.046875 0.037500
0 1.435156 1.060417 0.051562 0.037500
0 1.385938 1.027083 0.053125 0.037500
0 1.191406 1.104167 0.054688 0.033333
0 1.136719 1.110417 0.048438 0.041667
0 1.046094 1.158333 0.048438 0.033333
0 1.052344 1.126042 0.042188 0.035417
0 0.983594 1.142708 0.048438 0.035417
0 0.967187 1.200000 0.046875 0.037500
0 0.927344 1.197917 0.048438 0.041667
0 0.775000 1.177083 0.050000 0.037500
0 0.689844 1.157292 0.048438 0.035417
0 0.660156 1.137500 0.045312 0.033333
0 0.636719 1.136458 0.051562 0.035417
0 0.643750 1.083333 0.037500 0.041667
0 0.750781 1.098958 0.039062 0.035417
0 0.804688 1.069792 0.046875 0.035417
0 0.938281 1.073958 0.042188 0.039583
0 0.952344 1.038542 0.039062 0.035417
0 0.897656 1.030208 0.048438 0.031250
0 0.811719 1.032292 0.035937 0.039583
0 0.810937 1.014583 0.040625 0.037500
0 1.040625 1.014583 0.043750 0.029167
0 1.022656 1.028125 0.042188 0.031250
0 0.560156 1.051042 0.042188 0.035417
0 0.557031 1.011458 0.042188 0.031250
0 0.575000 0.981250 0.037500 0.037500
0 0.529687 0.964583 0.040625 0.033333
0 0.503125 0.945833 0.034375 0.041667
0 0.701562 0.997917 0.031250 0.041667
0 0.667188 0.989583 0.043750 0.037500
0 0.642969 0.994792 0.045312 0.039583
0 0.743750 0.950000 0.040625 0.037500
0 0.731250 0.957292 0.031250 0.027083
0 0.762500 0.971875 0.040625 0.035417
0 0.803906 0.950000 0.039062 0.033333
0 0.820312 0.944792 0.031250 0.039583
0 0.529687 0.904167 0.031250 0.033333
0 0.555469 0.904167 0.039062 0.041667
0 0.574219 0.870833 0.042188 0.029167
0 0.519531 0.857292 0.035937 0.039583
0 0.481250 0.825000 0.034375 0.029167
0 0.623437 0.875000 0.037500 0.037500
0 0.610938 0.866667 0.034375 0.033333
0 0.625000 0.854167 0.031250 0.033333
0 0.617188 0.840625 0.031250 0.031250
0 0.519531 0.811458 0.039062 0.035417
0 0.482812 0.793750 0.037500 0.037500
0 0.550000 0.795833 0.037500 0.029167
0 0.485156 0.713542 0.042188 0.031250
0 0.508594 0.732292 0.035937 0.035417
0 0.589063 0.790625 0.043750 0.035417
0 0.567969 0.772917 0.039062 0.033333
0 0.547656 0.736458 0.042188 0.031250
0 0.549219 0.715625 0.039062 0.035417
0 0.596094 0.727083 0.042188 0.037500
0 0.578906 0.709375 0.035937 0.035417
0 0.595313 0.664583 0.031250 0.037500
0 0.653125 0.705208 0.043750 0.027083
0 0.609375 0.780208 0.031250 0.031250
0 0.625000 0.762500 0.031250 0.037500
0 0.634375 0.782292 0.031250 0.031250
0 0.659375 0.754167 0.031250 0.029167
0 0.650000 0.795833 0.043750 0.037500
0 0.670312 0.803125 0.031250 0.039583
0 0.695312 0.769792 0.037500 0.031250
0 0.700000 0.757292 0.031250 0.035417
0 0.713281 0.796875 0.042188 0.035417
0 0.710938 0.826042 0.031250 0.031250
0 0.724219 0.841667 0.042188 0.037500
0 0.753125 0.864583 0.031250 0.041667
0 0.811719 0.871875 0.042188 0.035417
0 0.780469 0.861458 0.035937 0.035417
0 0.785937 0.839583 0.031250 0.029167
0 0.792188 0.820833 0.040625 0.029167
0 0.764844 0.822917 0.039062 0.037500
0 0.766406 0.788542 0.039062 0.031250
0 0.788281 0.784375 0.042188 0.035417
0 0.860938 0.894792 0.037500 0.039583
0 0.952344 0.945833 0.045312 0.037500
0 0.932813 0.912500 0.043750 0.041667
0 0.908594 0.907292 0.048438 0.035417
0 0.916406 0.868750 0.045312 0.037500
0 0.882031 0.861458 0.042188 0.031250
0 0.854688 0.846875 0.043750 0.039583
0 0.965625 0.881250 0.031250 0.037500
0 0.960938 0.855208 0.037500 0.035417
0 1.071875 0.987500 0.040625 0.037500
0 1.223437 1.008333 0.043750 0.037500
0 1.189062 1.000000 0.040625 0.037500
0 1.214844 0.961458 0.042188 0.039583
0 1.151563 0.954167 0.043750 0.041667
0 1.112500 0.932292 0.037500 0.039583
0 1.040625 0.925000 0.040625 0.037500
0 1.039844 0.867708 0.048438 0.031250
0 1.062500 0.845833 0.046875 0.037500
0 1.106250 0.870833 0.031250 0.041667
0 1.162500 0.877083 0.043750 0.037500
0 1.212500 0.897917 0.043750 0.041667
0 1.303906 0.919792 0.042188 0.035417
0 1.361719 0.926042 0.045312 0.035417
0 1.423437 0.928125 0.050000 0.035417
0 1.442187 0.934375 0.050000 0.035417
0 1.383594 0.862500 0.042188 0.037500
0 1.282812 0.906250 0.043750 0.041667
0 1.259375 0.875000 0.037500 0.037500
0 1.235156 0.846875 0.048438 0.035417
0 1.341406 0.836458 0.042188 0.031250
0 1.475781 0.858333 0.048438 0.037500
0 1.400000 0.811458 0.046875 0.031250
0 1.467969 0.834375 0.045312 0.027083
0 1.467969 0.826042 0.045312 0.027083
0 1.114844 0.839583 0.042188 0.029167
0 1.120313 0.831250 0.031250 0.037500
0 1.150000 0.814583 0.031250 0.037500
0 1.193750 0.806250 0.040625 0.045833
0 1.210156 0.773958 0.039062 0.031250
0 1.226562 0.768750 0.037500 0.029167
0 1.314844 0.770833 0.048438 0.025000
0 1.268750 0.759375 0.046875 0.031250
0 1.234375 0.764583 0.031250 0.058333
0 1.167969 0.743750 0.048438 0.037500
0 1.102344 0.767708 0.039062 0.031250
0 1.086719 0.786458 0.042188 0.035417
0 1.041406 0.781250 0.042188 0.041667
0 0.983594 0.807292 0.048438 0.035417
0 0.973437 0.791667 0.031250 0.037500
0 0.918750 0.797917 0.031250 0.037500
0 0.904687 0.805208 0.031250 0.035417
0 0.886719 0.775000 0.039062 0.037500
0 0.865625 0.783333 0.040625 0.033333
0 0.845313 0.769792 0.040625 0.031250
0 0.814063 0.763542 0.040625 0.035417
0 0.846094 0.738542 0.042188 0.031250
0 0.801562 0.731250 0.031250 0.033333
0 0.732031 0.731250 0.035937 0.033333
0 0.839063 0.710417 0.037500 0.033333
0 0.642188 0.651042 0.031250 0.031250
0 0.625000 0.658333 0.031250 0.037500
0 0.650781 0.622917 0.039062 0.029167
0 0.625000 0.618750 0.031250 0.033333
0 0.595313 0.604167 0.040625 0.033333
0 0.602344 0.571875 0.045312 0.035417
0 0.576562 0.563542 0.037500 0.031250
0 1.484375 0.739583 0.043750 0.041667
0 1.501562 0.658333 0.040625 0.037500
0 1.517187 0.660417 0.031250 0.025000
0 1.521094 0.633333 0.042188 0.033333
0 1.410937 0.712500 0.031250 0.041667
0 1.314844 0.737500 0.045312 0.029167
0 1.278125 0.725000 0.034375 0.029167
0 1.307031 0.710417 0.042188 0.037500
0 1.349219 0.711458 0.045312 0.039583
0 1.261719 0.700000 0.045312 0.037500
0 1.216406 0.694792 0.042188 0.039583
0 1.401563 0.695833 0.040625 0.033333
0 1.417969 0.684375 0.048438 0.031250
0 1.421875 0.654167 0.034375 0.037500
0 1.392187 0.651042 0.043750 0.035417
0 1.412500 0.631250 0.031250 0.041667
0 1.320312 0.653125 0.031250 0.031250
0 1.446875 0.590625 0.040625 0.035417
0 1.457031 0.558333 0.042188 0.033333
0 1.514063 0.556250 0.043750 0.033333
0 1.510156 0.534375 0.042188 0.031250
0 1.489844 0.538542 0.042188 0.039583
0 1.447656 0.489583 0.039062 0.037500
0 1.514063 0.415625 0.031250 0.031250
0 1.512500 0.380208 0.031250 0.031250
0 1.443750 0.435417 0.034375 0.033333
0 1.434375 0.411458 0.031250 0.027083
0 1.466406 0.382292 0.039062 0.031250
0 1.464063 0.368750 0.046875 0.033333
0 1.493750 0.334375 0.040625 0.031250
0 1.458594 0.346875 0.035937 0.031250
0 1.484375 0.312500 0.034375 0.033333
0 1.475000 0.289583 0.028125 0.037500
0 1.488281 0.250000 0.035937 0.029167
0 1.501562 0.234375 0.031250 0.039583
0 1.489062 0.190625 0.031250 0.039583
0 1.471094 0.205208 0.035937 0.031250
0 1.443750 0.206250 0.031250 0.033333
0 1.477344 0.159375 0.035937 0.031250
0 1.504687 0.122917 0.031250 0.041667
0 1.512500 0.041667 0.031250 0.033333
0 1.410156 0.092708 0.026562 0.031250
0 1.434375 0.037500 0.031250 0.041667
0 1.417188 0.029167 0.031250 0.033333
0 1.293750 0.045833 0.031250 0.033333
0 1.261719 0.039583 0.029687 0.037500
0 1.290625 0.089583 0.031250 0.033333
0 1.276563 0.097917 0.031250 0.037500
0 1.340625 0.181250 0.031250 0.033333
0 1.371875 0.221875 0.037500 0.035417
0 1.379687 0.233333 0.031250 0.029167
0 1.204687 0.086458 0.031250 0.035417
0 1.159375 0.063542 0.031250 0.035417
0 1.092188 0.041667 0.031250 0.029167
0 0.955469 0.054167 0.035937 0.037500
0 0.884375 0.029167 0.031250 0.025000
0 0.860938 0.030208 0.031250 0.031250
0 0.867188 0.043750 0.025000 0.020833
0 0.709375 0.045833 0.034375 0.029167
0 0.640625 0.063542 0.031250 0.031250
0 0.621875 0.102083 0.031250 0.033333
0 0.657031 0.093750 0.035937 0.029167
0 0.752344 0.059375 0.039062 0.031250
0 0.774219 0.054167 0.023438 0.029167
0 0.771875 0.086458 0.028125 0.031250
0 0.729688 0.102083 0.031250 0.033333
0 0.748437 0.122917 0.031250 0.037500
0 0.770312 0.135417 0.031250 0.029167
0 0.795312 0.147917 0.031250 0.041667
0 0.812500 0.167708 0.031250 0.035417
0 0.793750 0.138542 0.031250 0.027083
0 0.800000 0.147917 0.031250 0.033333
0 0.887500 0.148958 0.031250 0.035417
0 0.923438 0.130208 0.025000 0.031250
0 0.932813 0.114583 0.025000 0.029167
0 0.968750 0.113542 0.031250 0.039583
0 1.006250 0.110417 0.031250 0.037500
0 1.054688 0.087500 0.034375 0.029167
0 1.059375 0.123958 0.034375 0.035417
0 1.110937 0.096875 0.037500 0.035417
0 1.189062 0.118750 0.040625 0.029167
0 1.214844 0.152083 0.035937 0.033333
0 1.123438 0.156250 0.031250 0.033333
0 1.062500 0.164583 0.040625 0.033333
0 1.024219 0.206250 0.042188 0.037500
0 0.967187 0.205208 0.040625 0.035417
0 0.926562 0.205208 0.040625 0.031250
0 0.910937 0.219792 0.040625 0.035417
0 0.848437 0.218750 0.037500 0.033333
0 0.849219 0.269792 0.042188 0.035417
0 0.757812 0.240625 0.031250 0.035417
0 0.646875 0.146875 0.031250 0.031250
0 0.657813 0.163542 0.043750 0.035417
0 0.630469 0.189583 0.039062 0.033333
0 0.612500 0.206250 0.040625 0.033333
0 0.671875 0.217708 0.031250 0.031250
0 0.628125 0.241667 0.031250 0.033333
0 0.585938 0.246875 0.040625 0.031250
0 0.571094 0.273958 0.026562 0.031250
0 0.600000 0.287500 0.031250 0.029167
0 0.589063 0.306250 0.037500 0.033333
0 0.600000 0.320833 0.043750 0.033333
0 0.577344 0.345833 0.042188 0.033333
0 0.585938 0.340625 0.031250 0.027083
0 0.590625 0.359375 0.040625 0.031250
0 0.596875 0.385417 0.043750 0.029167
0 0.571875 0.429167 0.037500 0.033333
0 0.555469 0.442708 0.039062 0.035417
0 0.520312 0.452083 0.031250 0.033333
0 0.533594 0.471875 0.039062 0.035417
0 0.524219 0.500000 0.035937 0.037500
0 0.562500 0.490625 0.037500 0.039583
0 0.596094 0.483333 0.042188 0.037500
0 0.588281 0.506250 0.035937 0.033333
0 0.612500 0.478125 0.031250 0.039583
0 0.603125 0.514583 0.031250 0.029167
0 0.623437 0.518750 0.031250 0.041667
0 0.634375 0.550000 0.031250 0.037500
0 0.656250 0.542708 0.031250 0.039583
0 0.664062 0.468750 0.031250 0.033333
0 0.703125 0.456250 0.031250 0.037500
0 0.654687 0.407292 0.040625 0.035417
0 0.665625 0.388542 0.031250 0.031250
0 0.633594 0.369792 0.039062 0.035417
0 0.654687 0.347917 0.037500 0.033333
0 0.660156 0.319792 0.042188 0.035417
0 0.646875 0.305208 0.031250 0.031250
0 0.690625 0.316667 0.040625 0.033333
0 0.726562 0.271875 0.037500 0.031250
0 0.717187 0.284375 0.031250 0.027083
0 0.732812 0.309375 0.040625 0.035417
0 0.744531 0.283333 0.032813 0.033333
0 0.760156 0.265625 0.042188 0.031250
0 0.793750 0.314583 0.031250 0.041667
0 0.717187 0.345833 0.031250 0.029167
0 0.707812 0.355208 0.031250 0.022917
0 0.707812 0.339583 0.031250 0.025000
0 0.706250 0.414583 0.031250 0.041667
0 0.750000 0.421875 0.040625 0.035417
0 0.747656 0.447917 0.042188 0.033333
0 0.703906 0.515625 0.039062 0.031250
0 0.692187 0.525000 0.031250 0.025000
0 0.701562 0.547917 0.031250 0.037500
0 0.684375 0.573958 0.037500 0.031250
0 0.695312 0.569792 0.031250 0.031250
0 0.692187 0.593750 0.043750 0.037500
0 0.710938 0.634375 0.040625 0.035417
0 0.724219 0.684375 0.039062 0.031250
0 0.737500 0.682292 0.031250 0.027083
0 0.751563 0.685417 0.031250 0.041667
0 0.724219 0.662500 0.042188 0.037500
0 0.755469 0.639583 0.042188 0.033333
0 0.728125 0.605208 0.031250 0.031250
0 0.726562 0.579167 0.031250 0.029167
0 0.743750 0.572917 0.031250 0.037500
0 0.817969 0.673958 0.035937 0.035417
0 0.801562 0.634375 0.043750 0.031250
0 0.788281 0.573958 0.042188 0.031250
0 0.832812 0.586458 0.046875 0.039583
0 0.843750 0.591667 0.031250 0.033333
0 0.871875 0.656250 0.040625 0.037500
0 0.870313 0.638542 0.040625 0.031250
0 0.883594 0.612500 0.042188 0.033333
0 0.924219 0.647917 0.042188 0.029167
0 0.900000 0.677083 0.031250 0.041667
0 0.888281 0.713542 0.042188 0.035417
0 0.927344 0.710417 0.045312 0.037500
0 0.894531 0.725000 0.045312 0.033333
0 0.940625 0.753125 0.040625 0.035417
0 0.976562 0.757292 0.043750 0.035417
0 0.996875 0.731250 0.040625 0.029167
0 0.982812 0.722917 0.037500 0.033333
0 1.027344 0.707292 0.039062 0.035417
0 1.065625 0.718750 0.043750 0.041667
0 1.117969 0.670833 0.035937 0.037500
0 1.159375 0.657292 0.031250 0.035417
0 1.153125 0.639583 0.031250 0.033333
0 1.134375 0.642708 0.031250 0.031250
0 1.129687 0.619792 0.043750 0.035417
0 1.102344 0.636458 0.045312 0.039583
0 1.014063 0.664583 0.043750 0.037500
0 0.964063 0.676042 0.037500 0.035417
0 0.950000 0.664583 0.043750 0.037500
0 1.028125 0.639583 0.040625 0.033333
0 1.062500 0.629167 0.040625 0.033333
0 1.048437 0.621875 0.046875 0.035417
0 1.066406 0.612500 0.042188 0.037500
0 1.112500 0.583333 0.046875 0.033333
0 1.001562 0.620833 0.043750 0.033333
0 1.018750 0.590625 0.040625 0.031250
0 0.965625 0.597917 0.043750 0.029167
0 0.918750 0.571875 0.040625 0.031250
0 0.896875 0.576042 0.040625 0.027083
0 0.872656 0.570833 0.045312 0.037500
0 0.905469 0.547917 0.045312 0.033333
0 0.753906 0.523958 0.042188 0.035417
0 0.732812 0.515625 0.031250 0.035417
0 0.804688 0.570833 0.031250 0.037500
0 0.835156 0.540625 0.045312 0.031250
0 0.848437 0.520833 0.043750 0.029167
0 0.796094 0.526042 0.042188 0.031250
0 0.800781 0.509375 0.035937 0.035417
0 0.850000 0.500000 0.040625 0.033333
0 0.842187 0.496875 0.056250 0.039583
0 0.860938 0.478125 0.040625 0.035417
0 0.773438 0.487500 0.031250 0.033333
0 0.801562 0.453125 0.031250 0.035417
0 0.801562 0.422917 0.040625 0.033333
0 0.795312 0.402083 0.040625 0.033333
0 0.800000 0.371875 0.040625 0.035417
0 0.764062 0.366667 0.037500 0.037500
0 0.844531 0.334375 0.042188 0.031250
0 0.870313 0.318750 0.031250 0.033333
0 0.900000 0.297917 0.031250 0.029167
0 0.954688 0.278125 0.043750 0.031250
0 0.996875 0.282292 0.031250 0.027083
0 1.009375 0.281250 0.031250 0.029167
0 1.034375 0.280208 0.031250 0.035417
0 1.028125 0.301042 0.031250 0.035417
0 1.073438 0.219792 0.031250 0.039583
0 1.107813 0.255208 0.031250 0.039583
0 1.192187 0.198958 0.031250 0.027083
0 1.171875 0.207292 0.031250 0.035417
0 1.162500 0.222917 0.031250 0.033333
0 1.155469 0.250000 0.042188 0.033333
0 1.204687 0.234375 0.031250 0.027083
0 1.293750 0.218750 0.031250 0.033333
0 1.228125 0.264583 0.031250 0.041667
0 1.220312 0.255208 0.031250 0.035417
0 1.264844 0.248958 0.039062 0.027083
0 1.193750 0.288542 0.040625 0.031250
0 1.207812 0.310417 0.034375 0.033333
0 1.234375 0.317708 0.031250 0.031250
0 1.264063 0.329167 0.031250 0.033333
0 1.276563 0.339583 0.031250 0.033333
0 1.296094 0.318750 0.035937 0.033333
0 1.318750 0.321875 0.028125 0.031250
0 1.367969 0.316667 0.035937 0.037500
0 1.395312 0.295833 0.031250 0.037500
0 1.396875 0.333333 0.031250 0.037500
0 1.426562 0.308333 0.040625 0.033333
0 1.435156 0.321875 0.032813 0.035417
0 1.421875 0.418750 0.040625 0.037500
0 1.407812 0.461458 0.031250 0.035417
0 1.399219 0.497917 0.042188 0.033333
0 1.371875 0.605208 0.037500 0.039583
0 1.334375 0.618750 0.040625 0.037500
0 1.366406 0.571875 0.039062 0.039583
0 1.358594 0.546875 0.035937 0.039583
0 1.335938 0.551042 0.037500 0.031250
0 1.308594 0.606250 0.042188 0.041667
0 1.273438 0.656250 0.050000 0.041667
0 1.263281 0.643750 0.039062 0.041667
0 1.251562 0.634375 0.031250 0.035417
0 1.198438 0.627083 0.031250 0.041667
0 1.209375 0.629167 0.034375 0.037500
0 1.202344 0.593750 0.039062 0.041667
0 1.304688 0.570833 0.043750 0.037500
0 1.315625 0.539583 0.031250 0.033333
0 1.313281 0.530208 0.045312 0.039583
0 1.307813 0.493750 0.040625 0.037500
0 1.329687 0.457292 0.040625 0.031250
0 1.339063 0.450000 0.031250 0.029167
0 1.342969 0.435417 0.042188 0.033333
0 1.356250 0.405208 0.040625 0.031250
0 1.365625 0.375000 0.031250 0.033333
0 1.364844 0.357292 0.045312 0.031250
0 1.337500 0.352083 0.031250 0.029167
0 1.306250 0.355208 0.034375 0.031250
0 1.312500 0.382292 0.040625 0.035417
0 1.289062 0.369792 0.031250 0.031250
0 1.276563 0.378125 0.031250 0.027083
0 1.301562 0.422917 0.031250 0.037500
0 1.281250 0.442708 0.040625 0.035417
0 1.278125 0.421875 0.043750 0.031250
0 1.250781 0.433333 0.039062 0.033333
0 1.256250 0.408333 0.037500 0.037500
0 1.250000 0.516667 0.043750 0.033333
0 1.228906 0.544792 0.042188 0.035417
0 1.203906 0.535417 0.042188 0.037500
0 1.155469 0.531250 0.039062 0.041667
0 1.110937 0.529167 0.040625 0.033333
0 1.144531 0.508333 0.039062 0.033333
0 1.139063 0.502083 0.040625 0.033333
0 1.207031 0.453125 0.042188 0.035417
0 1.192969 0.428125 0.035937 0.031250
0 1.212500 0.387500 0.040625 0.033333
0 1.207812 0.376042 0.040625 0.031250
0 1.151563 0.416667 0.031250 0.033333
0 1.159375 0.391667 0.037500 0.033333
0 1.130469 0.454167 0.035937 0.037500
0 1.080469 0.498958 0.042188 0.035417
0 1.099219 0.462500 0.042188 0.029167
0 1.071094 0.457292 0.039062 0.035417
0 1.025781 0.493750 0.042188 0.037500
0 1.018750 0.461458 0.034375 0.039583
0 1.044531 0.425000 0.026562 0.037500
0 1.032031 0.407292 0.035937 0.039583
0 1.107813 0.382292 0.034375 0.035417
0 1.092188 0.375000 0.043750 0.041667
0 1.112500 0.321875 0.031250 0.031250
0 1.114844 0.302083 0.032813 0.037500
0 1.067187 0.314583 0.031250 0.037500
0 0.957031 0.322917 0.032813 0.033333
0 0.987500 0.311458 0.031250 0.031250
0 1.000000 0.330208 0.040625 0.035417
0 0.918750 0.330208 0.031250 0.027083
0 0.910937 0.339583 0.031250 0.025000
0 0.901563 0.343750 0.031250 0.025000
0 0.887500 0.352083 0.031250 0.033333
0 0.860156 0.362500 0.039062 0.041667
0 0.848437 0.398958 0.031250 0.031250
0 0.853125 0.420833 0.040625 0.037500
0 0.902344 0.463542 0.035937 0.031250
0 0.912500 0.481250 0.040625 0.033333
0 0.928125 0.511458 0.040625 0.031250
0 0.957812 0.550000 0.034375 0.033333
0 0.990625 0.551042 0.040625 0.035417
0 0.990625 0.534375 0.037500 0.035417
0 0.977344 0.504167 0.042188 0.037500
0 0.998437 0.485417 0.040625 0.037500
0 0.935937 0.444792 0.034375 0.031250
0 0.916406 0.437500 0.039062 0.025000
0 0.917188 0.423958 0.034375 0.035417
0 0.925000 0.429167 0.037500 0.029167
0 0.942187 0.365625 0.031250 0.035417
0 0.954688 0.346875 0.031250 0.027083
0 0.984375 0.362500 0.037500 0.029167
0 0.986719 0.375000 0.039062 0.029167
0 0.975000 0.385417 0.040625 0.029167