0 0.045312 0.125000 0.012500 0.025000
0 0.025000 0.104167 0.018750 0.016667
0 0.059375 0.112500 0.018750 0.016667
0 0.075000 0.112500 0.018750 0.016667
0 0.060937 0.095833 0.018750 0.016667
0 0.089063 0.072917 0.021875 0.016667
0 0.085938 0.083333 0.021875 0.016667
0 0.104688 0.079167 0.018750 0.016667
0 0.093750 0.097917 0.018750 0.016667
0 0.109375 0.100000 0.018750 0.016667
0 0.101562 0.106250 0.021875 0.016667
0 0.107813 0.125000 0.021875 0.016667
0 0.142187 0.070833 0.021875 0.016667
0 0.157812 0.087500 0.021875 0.020833
0 0.195312 0.131250 0.021875 0.020833
0 0.215625 0.125000 0.015625 0.025000
0 0.232813 0.102083 0.021875 0.020833
0 0.235937 0.081250 0.021875 0.020833
0 0.203125 0.070833 0.021875 0.020833
0 0.225000 0.066667 0.021875 0.020833
0 0.243750 0.052083 0.021875 0.020833
0 0.257812 0.077083 0.015625 0.025000
0 0.270313 0.054167 0.015625 0.020833
0 0.259375 0.097917 0.021875 0.025000
0 0.264062 0.116667 0.015625 0.025000
0 0.284375 0.127083 0.021875 0.020833
0 0.289062 0.112500 0.021875 0.020833
0 0.279687 0.087500 0.012500 0.029167
0 0.278125 0.066667 0.018750 0.016667
0 0.317188 0.056250 0.021875 0.020833
0 0.295312 0.077083 0.018750 0.020833
0 0.293750 0.089583 0.018750 0.016667
0 0.301563 0.106250 0.012500 0.025000
0 0.315625 0.102083 0.018750 0.025000
0 0.328125 0.066667 0.018750 0.020833
0 0.356250 0.058333 0.034375 0.025000
0 0.354687 0.066667 0.018750 0.025000
0 0.339062 0.077083 0.021875 0.016667
0 0.340625 0.106250 0.018750 0.016667
0 0.340625 0.131250 0.018750 0.020833
0 0.357812 0.120833 0.015625 0.020833
0 0.365625 0.104167 0.018750 0.016667
0 0.382812 0.114583 0.025000 0.020833
0 0.371875 0.133333 0.012500 0.020833
0 0.392188 0.129167 0.021875 0.016667
0 0.406250 0.129167 0.018750 0.020833
0 0.404687 0.083333 0.018750 0.025000
0 0.392188 0.075000 0.015625 0.029167
0 0.406250 0.052083 0.018750 0.016667
0 0.443750 0.060417 0.018750 0.016667
0 0.435937 0.129167 0.018750 0.020833
0 0.459375 0.108333 0.012500 0.029167
0 0.485938 0.097917 0.025000 0.020833
0 0.501563 0.133333 0.018750 0.020833
0 0.485938 0.133333 0.015625 0.025000
0 0.500000 0.110417 0.018750 0.020833
0 0.521875 0.104167 0.025000 0.020833
0 0.531250 0.122917 0.012500 0.025000
0 0.515625 0.075000 0.021875 0.016667
0 0.515625 0.064583 0.025000 0.020833
0 0.507812 0.056250 0.015625 0.020833
0 0.529687 0.056250 0.018750 0.016667
0 0.568750 0.058333 0.021875 0.016667
0 0.448437 0.129167 0.012500 0.025000
0 0.570312 0.127083 0.018750 0.020833
0 0.650000 0.058333 0.025000 0.020833
0 0.609375 0.133333 0.018750 0.020833
0 0.687500 0.087500 0.025000 0.020833
0 0.682813 0.127083 0.025000 0.016667
0 0.715625 0.133333 0.018750 0.020833
0 0.731250 0.118750 0.025000 0.025000
0 0.754687 0.056250 0.018750 0.016667
0 0.768750 0.056250 0.018750 0.016667
0 0.792188 0.056250 0.018750 0.016667
0 0.737500 0.066667 0.021875 0.012500
0 0.728125 0.087500 0.015625 0.025000
0 0.754687 0.083333 0.018750 0.025000
0 0.801562 0.091667 0.018750 0.025000
0 0.796875 0.120833 0.018750 0.029167
0 0.776563 0.122917 0.021875 0.025000
0 0.779687 0.133333 0.025000 0.025000
0 0.873437 0.056250 0.018750 0.025000
0 0.987500 0.070833 0.021875 0.020833
0 0.984375 0.083333 0.025000 0.020833
0 1.006250 0.131250 0.021875 0.020833
0 1.018750 0.135417 0.018750 0.025000
0 1.014063 0.056250 0.018750 0.016667