0 0.048438 0.023958 0.031250 0.027083
0 0.030469 0.100000 0.039062 0.033333
0 0.071875 0.078125 0.040625 0.031250
0 0.085938 0.088542 0.037500 0.031250
0 0.087500 0.113542 0.040625 0.031250
0 0.108594 0.218750 0.039062 0.033333
0 0.092188 0.239583 0.046875 0.029167
0 0.124219 0.255208 0.035937 0.027083
0 0.100781 0.280208 0.039062 0.039583
0 0.045312 0.296875 0.040625 0.035417
0 0.087500 0.347917 0.043750 0.033333
0 0.045312 0.393750 0.034375 0.033333
0 0.057031 0.423958 0.039062 0.035417
0 0.031250 0.425000 0.031250 0.033333
0 0.042969 0.452083 0.039062 0.033333
0 0.071094 0.504167 0.042188 0.037500
0 0.044531 0.516667 0.042188 0.029167
0 0.023438 0.540625 0.031250 0.031250
0 0.073438 0.594792 0.037500 0.035417
0 0.072656 0.622917 0.035937 0.033333
0 0.025000 0.631250 0.037500 0.037500
0 0.023438 0.684375 0.031250 0.031250
0 0.065625 0.665625 0.043750 0.031250
0 0.059375 0.686458 0.037500 0.031250
0 0.093750 0.716667 0.043750 0.033333
0 0.096875 0.791667 0.043750 0.033333
0 0.030469 0.870833 0.039062 0.033333
0 0.074219 0.907292 0.051562 0.035417
0 0.065625 0.930208 0.050000 0.027083
0 0.042969 0.956250 0.042188 0.033333
0 0.064062 0.956250 0.037500 0.033333
0 0.048438 0.976042 0.046875 0.031250
0 0.024219 1.005208 0.035937 0.031250
0 0.078906 1.010417 0.048438 0.029167
0 0.058594 1.065625 0.042188 0.035417
0 0.020313 1.069792 0.031250 0.031250
0 0.040625 1.125000 0.040625 0.037500
0 0.057813 1.135417 0.050000 0.025000
0 0.064062 1.187500 0.053125 0.033333
0 0.028125 1.289583 0.031250 0.041667
0 0.062500 1.272917 0.046875 0.041667
0 0.103906 1.252083 0.045312 0.033333
0 0.160938 1.257292 0.043750 0.039583
0 0.142969 1.262500 0.035937 0.033333
0 0.226562 1.303125 0.046875 0.031250
0 0.200000 1.247917 0.040625 0.037500
0 0.172656 1.214583 0.042188 0.033333
0 0.130469 1.212500 0.045312 0.037500
0 0.102344 1.180208 0.035937 0.035417
0 0.083594 1.168750 0.042188 0.037500
0 0.188281 1.178125 0.054688 0.031250
0 0.139844 1.168750 0.048438 0.037500
0 0.139844 1.139583 0.057813 0.033333
0 0.086719 1.126042 0.045312 0.027083
0 0.114062 1.118750 0.046875 0.029167
0 0.073438 1.106250 0.040625 0.033333
0 0.103906 1.101042 0.045312 0.031250
0 0.095312 1.080208 0.043750 0.031250
0 0.161719 1.097917 0.048438 0.033333
0 0.166406 1.103125 0.039062 0.031250
0 0.134375 1.088542 0.040625 0.035417
0 0.134375 1.076042 0.046875 0.035417
0 0.073438 1.054167 0.037500 0.033333
0 0.103125 1.050000 0.031250 0.029167
0 0.098437 1.011458 0.034375 0.031250
0 0.139844 1.043750 0.042188 0.041667
0 0.203125 1.079167 0.046875 0.033333
0 0.209375 1.057292 0.037500 0.031250
0 0.179688 1.064583 0.043750 0.033333
0 0.187500 1.052083 0.046875 0.033333
0 0.194531 1.036458 0.051562 0.035417
0 0.172656 1.008333 0.045312 0.029167
0 0.215625 0.995833 0.043750 0.033333
0 0.189062 0.989583 0.034375 0.033333
0 0.192188 0.967708 0.046875 0.035417
0 0.146875 0.985417 0.037500 0.033333
0 0.125000 0.980208 0.031250 0.039583
0 0.112500 0.964583 0.046875 0.029167
0 0.124219 0.920833 0.048438 0.037500
0 0.108594 0.902083 0.032813 0.033333
0 0.176563 0.929167 0.043750 0.033333
0 0.178125 0.895833 0.043750 0.033333
0 0.125000 0.850000 0.040625 0.037500
0 0.117188 0.816667 0.046875 0.029167
0 0.135937 0.812500 0.040625 0.033333
0 0.135937 0.790625 0.040625 0.027083
0 0.200781 0.876042 0.039062 0.031250
0 0.221094 0.870833 0.045312 0.033333
0 0.202344 0.862500 0.042188 0.029167
0 0.182812 0.840625 0.037500 0.027083
0 0.251563 0.841667 0.053125 0.029167
0 0.203125 0.798958 0.043750 0.027083
0 0.208594 0.784375 0.045312 0.022917
0 0.220312 0.768750 0.040625 0.037500
0 0.170313 0.764583 0.040625 0.037500
0 0.135156 0.737500 0.039062 0.037500
0 0.121875 0.722917 0.031250 0.029167
0 0.170313 0.739583 0.037500 0.033333
0 0.210938 0.720833 0.043750 0.033333
0 0.175781 0.695833 0.042188 0.033333
0 0.149219 0.659375 0.048438 0.027083
0 0.139844 0.634375 0.051562 0.027083
0 0.188281 0.636458 0.032813 0.039583
0 0.208594 0.617708 0.032813 0.031250
0 0.232813 0.609375 0.040625 0.031250
0 0.156250 0.570833 0.046875 0.029167
0 0.143750 0.559375 0.046875 0.039583
0 0.201563 0.536458 0.040625 0.035417
0 0.249219 0.589583 0.039062 0.029167
0 0.265625 0.632292 0.040625 0.035417
0 0.252344 0.691667 0.035937 0.033333
0 0.256250 0.738542 0.037500 0.031250
0 0.256250 0.764583 0.043750 0.029167
0 0.251563 0.816667 0.034375 0.029167
0 0.269531 0.815625 0.039062 0.027083
0 0.293750 0.810417 0.043750 0.029167
0 0.290625 0.797917 0.046875 0.025000
0 0.284375 0.870833 0.050000 0.033333
0 0.289062 0.903125 0.040625 0.027083
0 0.291406 0.893750 0.035937 0.029167
0 0.214062 0.939583 0.037500 0.033333
0 0.242188 0.954167 0.034375 0.033333
0 0.274219 0.986458 0.042188 0.031250
0 0.262500 0.960417 0.040625 0.029167
0 0.254688 1.016667 0.037500 0.029167
0 0.265625 1.040625 0.043750 0.027083
0 0.239063 1.087500 0.034375 0.029167
0 0.275781 1.091667 0.039062 0.033333
0 0.253906 1.183333 0.045312 0.033333
0 0.260937 1.178125 0.031250 0.027083
0 0.296094 1.184375 0.045312 0.031250
0 0.322656 1.184375 0.042188 0.035417
0 0.268750 1.203125 0.037500 0.031250
0 0.241406 1.220833 0.048438 0.029167
0 0.289062 1.230208 0.040625 0.035417
0 0.309375 1.246875 0.046875 0.027083
0 0.307812 1.265625 0.043750 0.031250
0 0.324219 1.238542 0.051562 0.035417
0 0.318750 1.218750 0.040625 0.029167
0 0.359375 1.219792 0.046875 0.031250
0 0.397656 1.303125 0.048438 0.031250
0 0.417187 1.264583 0.053125 0.033333
0 0.427344 1.211458 0.045312 0.027083
0 0.446875 1.213542 0.043750 0.027083
0 0.462500 1.280208 0.040625 0.031250
0 0.382031 1.182292 0.051562 0.027083
0 0.367188 1.176042 0.050000 0.031250
0 0.391406 1.160417 0.054688 0.029167
0 0.415625 1.194792 0.034375 0.027083
0 0.497656 1.194792 0.048438 0.031250
0 0.460156 1.181250 0.048438 0.029167
0 0.467187 1.150000 0.050000 0.029167
0 0.423438 1.148958 0.031250 0.039583
0 0.410938 1.120833 0.046875 0.029167
0 0.390625 1.110417 0.043750 0.029167
0 0.422656 1.082292 0.048438 0.027083
0 0.316406 1.086458 0.042188 0.031250
0 0.332031 1.080208 0.051562 0.031250
0 0.317969 1.058333 0.045312 0.025000
0 0.276562 1.059375 0.037500 0.031250
0 0.286719 1.034375 0.045312 0.031250
0 0.382812 1.053125 0.043750 0.035417
0 0.377344 1.030208 0.042188 0.031250
0 0.450000 1.026042 0.043750 0.035417
0 0.397656 1.020833 0.045312 0.033333
0 0.403125 0.987500 0.034375 0.033333
0 0.353906 0.972917 0.051562 0.025000
0 0.311719 0.973958 0.042188 0.031250
0 0.319531 0.970833 0.039062 0.025000
0 0.332813 0.953125 0.056250 0.022917
0 0.450781 0.964583 0.039062 0.033333
0 0.422656 0.955208 0.048438 0.031250
0 0.484375 0.941667 0.046875 0.033333
0 0.445312 0.897917 0.046875 0.029167
0 0.346875 0.904167 0.034375 0.037500
0 0.370312 0.895833 0.037500 0.033333
0 0.364844 0.845833 0.042188 0.029167
0 0.410938 0.850000 0.043750 0.033333
0 0.465625 0.850000 0.053125 0.025000
0 0.439063 0.835417 0.034375 0.029167
0 0.431250 0.818750 0.046875 0.020833
0 0.397656 0.826042 0.051562 0.027083
0 0.341406 0.819792 0.051562 0.035417
0 0.371094 0.813542 0.048438 0.035417
0 0.401562 0.818750 0.034375 0.033333
0 0.396875 0.804167 0.034375 0.033333
0 0.339844 0.802083 0.045312 0.033333
0 0.373437 0.763542 0.040625 0.031250
0 0.310156 0.800000 0.042188 0.033333
0 0.295312 0.777083 0.031250 0.029167
0 0.318750 0.707292 0.046875 0.031250
0 0.349219 0.716667 0.048438 0.037500
0 0.360156 0.706250 0.042188 0.037500
0 0.356250 0.673958 0.043750 0.035417
0 0.332813 0.692708 0.031250 0.035417
0 0.389062 0.656250 0.046875 0.033333
0 0.295312 0.657292 0.040625 0.035417
0 0.309375 0.635417 0.040625 0.033333
0 0.334375 0.625000 0.037500 0.029167
0 0.265625 0.568750 0.046875 0.029167
0 0.300781 0.558333 0.045312 0.033333
0 0.185938 0.476042 0.053125 0.027083
0 0.120313 0.489583 0.043750 0.037500
0 0.100000 0.478125 0.043750 0.035417
0 0.109375 0.468750 0.031250 0.033333
0 0.081250 0.458333 0.040625 0.033333
0 0.165625 0.445833 0.046875 0.037500
0 0.106250 0.429167 0.037500 0.037500
0 0.132812 0.416667 0.040625 0.033333
0 0.108594 0.409375 0.029687 0.031250
0 0.119531 0.386458 0.035937 0.035417
0 0.203906 0.429167 0.039062 0.037500
0 0.184375 0.428125 0.034375 0.031250
0 0.174219 0.408333 0.042188 0.033333
0 0.215625 0.401042 0.043750 0.027083
0 0.212500 0.383333 0.037500 0.037500
0 0.246094 0.390625 0.039062 0.031250
0 0.269531 0.388542 0.039062 0.035417
0 0.292969 0.476042 0.042188 0.031250
0 0.312500 0.475000 0.034375 0.033333
0 0.348438 0.512500 0.031250 0.033333
0 0.379688 0.587500 0.034375 0.037500
0 0.310937 0.392708 0.031250 0.039583
0 0.278906 0.420833 0.035937 0.029167
0 0.292969 0.434375 0.045312 0.031250
0 0.335938 0.428125 0.037500 0.031250
0 0.354687 0.408333 0.037500 0.029167
0 0.396875 0.472917 0.046875 0.037500
0 0.167187 0.383333 0.031250 0.033333
0 0.186719 0.358333 0.045312 0.033333
0 0.135156 0.330208 0.039062 0.031250
0 0.131250 0.312500 0.037500 0.025000
0 0.187500 0.332292 0.031250 0.027083
0 0.185156 0.322917 0.042188 0.029167
0 0.198437 0.311458 0.043750 0.031250
0 0.192188 0.283333 0.040625 0.033333
0 0.235937 0.322917 0.031250 0.033333
0 0.257031 0.304167 0.042188 0.029167
0 0.325000 0.350000 0.046875 0.033333
0 0.329688 0.339583 0.034375 0.029167
0 0.343750 0.318750 0.037500 0.033333
0 0.373437 0.312500 0.034375 0.033333
0 0.307031 0.280208 0.042188 0.027083
0 0.310937 0.266667 0.050000 0.025000
0 0.282813 0.252083 0.046875 0.029167
0 0.227344 0.226042 0.039062 0.035417
0 0.208594 0.181250 0.045312 0.037500
0 0.160156 0.177083 0.035937 0.037500
0 0.210156 0.138542 0.039062 0.035417
0 0.167187 0.101042 0.040625 0.035417
0 0.130469 0.054167 0.039062 0.033333
0 0.137500 0.043750 0.034375 0.029167
0 0.190625 0.066667 0.034375 0.033333
0 0.250781 0.114583 0.035937 0.037500
0 0.262500 0.079167 0.034375 0.037500
0 0.337500 0.145833 0.037500 0.037500
0 0.279687 0.208333 0.034375 0.033333
0 0.365625 0.258333 0.046875 0.041667
0 0.382812 0.235417 0.043750 0.029167
0 0.387500 0.211458 0.034375 0.031250
0 0.411719 0.265625 0.045312 0.027083
0 0.403125 0.290625 0.034375 0.027083
0 0.404687 0.298958 0.040625 0.027083
0 0.417187 0.379167 0.040625 0.029167
0 0.403125 0.433333 0.034375 0.037500
0 0.406250 0.156250 0.037500 0.037500
0 0.382812 0.106250 0.031250 0.029167
0 0.374219 0.096875 0.035937 0.035417
0 0.405469 0.058333 0.039062 0.033333
0 0.432812 0.034375 0.034375 0.031250
0 0.454688 0.077083 0.040625 0.037500
0 0.468750 0.114583 0.031250 0.033333
0 0.465625 0.185417 0.031250 0.037500
0 0.502344 0.232292 0.039062 0.035417
0 0.509375 0.165625 0.031250 0.031250
0 0.514062 0.062500 0.031250 0.033333
0 0.550000 0.062500 0.031250 0.029167
0 0.576562 0.088542 0.031250 0.031250
0 0.553125 0.120833 0.043750 0.025000
0 0.585938 0.136458 0.040625 0.027083
0 0.578125 0.178125 0.031250 0.027083
0 0.602344 0.166667 0.039062 0.033333
0 0.607812 0.141667 0.031250 0.033333
0 0.631250 0.136458 0.043750 0.031250
0 0.656250 0.145833 0.031250 0.029167
0 0.650000 0.204167 0.037500 0.029167
0 0.729688 0.110417 0.043750 0.029167
0 0.700000 0.182292 0.040625 0.031250
0 0.725000 0.183333 0.034375 0.029167
0 0.762500 0.179167 0.043750 0.029167
0 0.794531 0.108333 0.039062 0.029167
0 0.801562 0.143750 0.031250 0.037500
0 0.804688 0.043750 0.034375 0.033333
0 0.828125 0.030208 0.031250 0.035417
0 0.842187 0.048958 0.034375 0.031250
0 0.875000 0.084375 0.040625 0.031250
0 0.898438 0.067708 0.043750 0.027083
0 0.884375 0.042708 0.034375 0.031250
0 0.921875 0.027083 0.031250 0.029167
0 1.051562 0.043750 0.040625 0.033333
0 0.970313 0.089583 0.037500 0.033333
0 1.039062 0.096875 0.034375 0.031250
0 1.076563 0.102083 0.034375 0.029167
0 1.116406 0.106250 0.039062 0.025000
0 1.132812 0.071875 0.037500 0.031250
0 1.285937 0.077083 0.031250 0.033333
0 1.306250 0.050000 0.037500 0.033333
0 1.339063 0.036458 0.031250 0.031250
0 1.379687 0.081250 0.037500 0.033333
0 1.408594 0.047917 0.032813 0.029167
0 1.442187 0.041667 0.037500 0.033333
0 1.449219 0.072917 0.045312 0.033333
0 1.474219 0.042708 0.035937 0.031250
0 1.487500 0.026042 0.034375 0.031250
0 1.514063 0.047917 0.031250 0.029167
0 1.388281 0.117708 0.035937 0.031250
0 1.490625 0.150000 0.043750 0.029167
0 1.455469 0.151042 0.039062 0.031250
0 1.395312 0.145833 0.037500 0.037500
0 1.428125 0.179167 0.043750 0.029167
0 1.423437 0.225000 0.043750 0.029167
0 1.421875 0.260417 0.034375 0.033333
0 1.498438 0.263542 0.034375 0.031250
0 1.505469 0.284375 0.045312 0.027083
0 1.460938 0.311458 0.040625 0.031250
0 1.403906 0.291667 0.039062 0.029167
0 1.371094 0.219792 0.032813 0.035417
0 1.364844 0.193750 0.039062 0.033333
0 1.362500 0.162500 0.034375 0.033333
0 1.284375 0.116667 0.034375 0.029167
0 1.297656 0.126042 0.035937 0.027083
0 1.240625 0.129167 0.034375 0.025000
0 1.206250 0.123958 0.034375 0.031250
0 1.202344 0.156250 0.048438 0.033333
0 1.154688 0.159375 0.031250 0.035417
0 1.292969 0.186458 0.039062 0.031250
0 0.932031 0.133333 0.035937 0.033333
0 0.830469 0.189583 0.039062 0.033333
0 0.782813 0.233333 0.040625 0.037500
0 0.810937 0.234375 0.043750 0.031250
0 0.863281 0.213542 0.035937 0.035417
0 0.917188 0.201042 0.040625 0.031250
0 1.027344 0.254167 0.048438 0.029167
0 0.973437 0.233333 0.043750 0.029167
0 0.913281 0.337500 0.039062 0.037500
0 1.044531 0.135417 0.042188 0.025000
0 1.035937 0.186458 0.046875 0.031250
0 1.053906 0.192708 0.039062 0.031250
0 1.114844 0.188542 0.051562 0.031250
0 0.950000 0.196875 0.050000 0.031250
0 0.953906 0.205208 0.042188 0.022917
0 1.020312 0.218750 0.043750 0.025000
0 1.059375 0.228125 0.034375 0.027083
0 1.098437 0.212500 0.040625 0.033333
0 1.151563 0.188542 0.034375 0.027083
0 1.178125 0.177083 0.034375 0.033333
0 1.268750 0.208333 0.043750 0.033333
0 1.282812 0.221875 0.031250 0.031250
0 1.300000 0.242708 0.034375 0.035417
0 1.321875 0.225000 0.034375 0.033333
0 1.321875 0.260417 0.034375 0.033333
0 1.302344 0.276042 0.039062 0.031250
0 1.267969 0.298958 0.042188 0.031250
0 1.250000 0.254167 0.037500 0.033333
0 1.221094 0.259375 0.032813 0.031250
0 1.204687 0.258333 0.031250 0.029167
0 1.183594 0.222917 0.032813 0.029167
0 1.157812 0.208333 0.040625 0.025000
0 1.128125 0.239583 0.031250 0.029167
0 1.181250 0.244792 0.034375 0.031250
0 1.173437 0.256250 0.034375 0.033333
0 1.198438 0.286458 0.040625 0.031250
0 1.123438 0.288542 0.034375 0.031250
0 1.092969 0.312500 0.039062 0.033333
0 1.146094 0.337500 0.042188 0.033333
0 1.175000 0.327083 0.043750 0.029167
0 1.185938 0.346875 0.043750 0.027083
0 1.185938 0.340625 0.046875 0.022917
0 1.052344 0.332292 0.045312 0.031250
0 0.975000 0.315625 0.040625 0.035417
0 1.265625 0.333333 0.043750 0.033333
0 1.279688 0.356250 0.037500 0.029167
0 1.259375 0.378125 0.034375 0.027083
0 1.264063 0.400000 0.034375 0.033333
0 1.310938 0.381250 0.034375 0.033333
0 1.357813 0.339583 0.046875 0.025000
0 1.353906 0.347917 0.054688 0.025000
0 1.346875 0.373958 0.034375 0.031250
0 1.398438 0.341667 0.034375 0.033333
0 1.392187 0.379167 0.037500 0.033333
0 1.442969 0.335417 0.042188 0.025000
0 1.443750 0.355208 0.034375 0.027083
0 1.468750 0.380208 0.031250 0.031250
0 1.455469 0.392708 0.039062 0.031250
0 1.486719 0.421875 0.039062 0.031250
0 1.500781 0.498958 0.042188 0.031250
0 1.514063 0.496875 0.040625 0.031250
0 1.507812 0.507292 0.031250 0.027083
0 1.364062 0.434375 0.034375 0.035417
0 1.412500 0.462500 0.034375 0.029167
0 1.447656 0.486458 0.039062 0.031250
0 1.457812 0.503125 0.037500 0.031250
0 1.424219 0.526042 0.039062 0.031250
0 1.383594 0.485417 0.039062 0.033333
0 1.400781 0.531250 0.045312 0.029167
0 1.411719 0.553125 0.039062 0.031250
0 1.415625 0.578125 0.037500 0.035417
0 1.511719 0.563542 0.032813 0.031250
0 1.504687 0.573958 0.037500 0.031250
0 1.476562 0.590625 0.034375 0.031250
0 1.470312 0.610417 0.034375 0.029167
0 1.512500 0.584375 0.031250 0.027083
0 1.507812 0.656250 0.031250 0.033333
0 1.471875 0.656250 0.037500 0.033333
0 1.489062 0.677083 0.037500 0.037500
0 1.462500 0.693750 0.053125 0.029167
0 1.387500 0.611458 0.034375 0.031250
0 1.369531 0.628125 0.042188 0.031250
0 1.362500 0.569792 0.034375 0.035417
0 1.359375 0.535417 0.034375 0.037500
0 1.348437 0.512500 0.031250 0.025000
0 1.328906 0.539583 0.035937 0.033333
0 1.308594 0.488542 0.035937 0.035417
0 1.310156 0.511458 0.032813 0.035417
0 1.307031 0.532292 0.032813 0.035417
0 1.313281 0.609375 0.045312 0.031250
0 1.272656 0.528125 0.035937 0.031250
0 1.255469 0.496875 0.032813 0.031250
0 1.242188 0.479167 0.031250 0.033333
0 1.223437 0.508333 0.046875 0.033333
0 1.234375 0.540625 0.034375 0.035417
0 1.200781 0.537500 0.045312 0.029167
0 1.167969 0.526042 0.045312 0.027083
0 1.271875 0.593750 0.040625 0.033333
0 1.259375 0.606250 0.034375 0.033333
0 1.239062 0.630208 0.034375 0.031250
0 1.238281 0.653125 0.032813 0.039583
0 1.199219 0.597917 0.032813 0.033333
0 1.155469 0.580208 0.042188 0.031250
0 1.128906 0.564583 0.032813 0.037500
0 1.127344 0.572917 0.032813 0.029167
0 1.103906 0.516667 0.032813 0.033333
0 1.139844 0.487500 0.032813 0.029167
0 1.142187 0.459375 0.043750 0.027083
0 1.224219 0.445833 0.035937 0.029167
0 1.206250 0.439583 0.037500 0.033333
0 1.184375 0.435417 0.043750 0.033333
0 1.178906 0.413542 0.039062 0.031250
0 1.125000 0.400000 0.050000 0.033333
0 1.117969 0.453125 0.045312 0.027083
0 1.100781 0.448958 0.045312 0.031250
0 1.091406 0.415625 0.032813 0.031250
0 1.064844 0.422917 0.048438 0.033333
0 1.055469 0.376042 0.035937 0.031250
0 1.000000 0.354167 0.034375 0.033333
0 0.992188 0.366667 0.040625 0.033333
0 1.029688 0.417708 0.031250 0.035417
0 1.025781 0.418750 0.042188 0.033333
0 0.990625 0.405208 0.031250 0.031250
0 0.976562 0.415625 0.037500 0.035417
0 0.946875 0.438542 0.031250 0.039583
0 0.923438 0.392708 0.031250 0.035417
0 0.914062 0.393750 0.031250 0.033333
0 0.878125 0.362500 0.031250 0.033333
0 0.860156 0.328125 0.035937 0.031250
0 0.840625 0.333333 0.031250 0.033333
0 0.852344 0.298958 0.039062 0.031250
0 0.855469 0.255208 0.039062 0.031250
0 0.839063 0.254167 0.040625 0.033333
0 0.780469 0.261458 0.035937 0.031250
0 0.769531 0.289583 0.035937 0.037500
0 0.800781 0.344792 0.042188 0.035417
0 0.736719 0.288542 0.042188 0.031250
0 0.723437 0.269792 0.046875 0.031250
0 0.706250 0.292708 0.053125 0.031250
0 0.585156 0.279167 0.039062 0.033333
0 0.480469 0.275000 0.039062 0.037500
0 0.456250 0.306250 0.034375 0.033333
0 0.439063 0.327083 0.043750 0.033333
0 0.445312 0.338542 0.034375 0.035417
0 0.514844 0.300000 0.032813 0.041667
0 0.521875 0.307292 0.031250 0.035417
0 0.497656 0.345833 0.045312 0.029167
0 0.655469 0.304167 0.051562 0.029167
0 0.657813 0.340625 0.034375 0.035417
0 0.685937 0.329167 0.031250 0.029167
0 0.680469 0.344792 0.032813 0.027083
0 0.748437 0.327083 0.046875 0.029167
0 0.706250 0.370833 0.031250 0.033333
0 0.748437 0.395833 0.031250 0.033333
0 0.796094 0.387500 0.045312 0.037500
0 0.839063 0.408333 0.037500 0.033333
0 0.817187 0.444792 0.031250 0.031250
0 0.823438 0.455208 0.034375 0.031250
0 0.865625 0.475000 0.031250 0.033333
0 0.918750 0.453125 0.043750 0.031250
0 0.927344 0.491667 0.045312 0.029167
0 0.903125 0.509375 0.037500 0.031250
0 0.969531 0.490625 0.042188 0.027083
0 0.948438 0.518750 0.043750 0.033333
0 1.023438 0.493750 0.034375 0.033333
0 1.046875 0.517708 0.043750 0.027083
0 1.046094 0.543750 0.035937 0.033333
0 0.961719 0.559375 0.035937 0.035417
0 0.995313 0.569792 0.046875 0.027083
0 1.019531 0.582292 0.042188 0.031250
0 1.025000 0.594792 0.040625 0.027083
0 1.042188 0.604167 0.034375 0.033333
0 1.031250 0.625000 0.040625 0.029167
0 1.085938 0.623958 0.034375 0.031250
0 1.075000 0.644792 0.034375 0.031250
0 1.086719 0.676042 0.045312 0.031250
0 1.131250 0.675000 0.043750 0.033333
0 1.157812 0.662500 0.037500 0.037500
0 1.162500 0.729167 0.037500 0.033333
0 1.247656 0.688542 0.048438 0.035417
0 1.293750 0.675000 0.043750 0.037500
0 1.293750 0.696875 0.034375 0.035417
0 1.315625 0.703125 0.034375 0.027083
0 1.347656 0.701042 0.032813 0.035417
0 1.387500 0.708333 0.034375 0.037500
0 1.419531 0.709375 0.045312 0.031250
0 1.402344 0.733333 0.042188 0.033333
0 1.207812 0.715625 0.034375 0.035417
0 1.236719 0.742708 0.039062 0.035417
0 1.316406 0.745833 0.045312 0.033333
0 1.407031 0.767708 0.051562 0.027083
0 1.457812 0.728125 0.031250 0.035417
0 1.460938 0.745833 0.031250 0.037500
0 1.488281 0.720833 0.042188 0.037500
0 1.428906 0.801042 0.048438 0.035417
0 1.465625 0.791667 0.031250 0.029167
0 1.473437 0.833333 0.043750 0.037500
0 1.453125 0.840625 0.031250 0.035417
0 1.425000 0.859375 0.037500 0.031250
0 1.424219 0.876042 0.042188 0.031250
0 1.322656 0.770833 0.032813 0.033333
0 1.341406 0.787500 0.045312 0.029167
0 1.321875 0.787500 0.037500 0.029167
0 1.306250 0.825000 0.034375 0.029167
0 1.262500 0.776042 0.037500 0.027083
0 1.266406 0.792708 0.045312 0.027083
0 1.237500 0.802083 0.043750 0.029167
0 1.221875 0.800000 0.043750 0.029167
0 1.214844 0.817708 0.039062 0.031250
0 1.196094 0.801042 0.032813 0.031250
0 1.184375 0.765625 0.034375 0.031250
0 1.150000 0.758333 0.031250 0.033333
0 1.135156 0.753125 0.045312 0.031250
0 1.108594 0.748958 0.045312 0.031250
0 1.082031 0.732292 0.045312 0.027083
0 1.098437 0.700000 0.050000 0.029167
0 1.050000 0.710417 0.031250 0.037500
0 1.046094 0.766667 0.051562 0.029167
0 1.053125 0.817708 0.043750 0.031250
0 1.126562 0.800000 0.046875 0.029167
0 1.135938 0.813542 0.037500 0.035417
0 1.160937 0.810417 0.034375 0.033333
0 1.152344 0.834375 0.045312 0.031250
0 1.149219 0.851042 0.045312 0.027083
0 1.131250 0.863542 0.037500 0.035417
0 1.100000 0.865625 0.040625 0.031250
0 1.203125 0.870833 0.050000 0.033333
0 1.221094 0.861458 0.042188 0.027083
0 1.209375 0.875000 0.037500 0.029167
0 1.204687 0.891667 0.046875 0.029167
0 1.237500 0.888542 0.050000 0.031250
0 1.217969 0.898958 0.035937 0.031250
0 1.290625 0.857292 0.050000 0.031250
0 1.339844 0.869792 0.048438 0.031250
0 1.337500 0.890625 0.043750 0.027083
0 1.294531 0.898958 0.032813 0.035417
0 1.278125 0.903125 0.043750 0.031250
0 1.297656 0.922917 0.054688 0.037500
0 1.252344 0.929167 0.048438 0.033333
0 1.263281 0.938542 0.032813 0.031250
0 1.289844 0.965625 0.048438 0.031250
0 1.346875 0.913542 0.050000 0.027083
0 1.338281 0.939583 0.042188 0.033333
0 1.426562 0.905208 0.034375 0.035417
0 1.460156 0.913542 0.054688 0.027083
0 1.512500 0.911458 0.050000 0.031250
0 1.508594 0.939583 0.045312 0.029167
0 1.475000 0.936458 0.050000 0.027083
0 1.407812 0.929167 0.056250 0.029167
0 1.382812 0.951042 0.040625 0.035417
0 1.418750 0.958333 0.043750 0.033333
0 1.465625 0.968750 0.043750 0.033333
0 1.499219 0.981250 0.048438 0.037500
0 1.516406 1.012500 0.032813 0.033333
0 1.513281 1.041667 0.032813 0.033333
0 1.424219 0.981250 0.045312 0.029167
0 1.417969 1.004167 0.039062 0.037500
0 1.392969 0.970833 0.032813 0.033333
0 1.367969 0.985417 0.039062 0.033333
0 1.300000 0.992708 0.034375 0.031250
0 1.371094 1.030208 0.045312 0.035417
0 1.333594 1.048958 0.042188 0.039583
0 1.456250 1.057292 0.040625 0.035417
0 1.489062 1.073958 0.043750 0.031250
0 1.465625 1.067708 0.040625 0.027083
0 1.492969 1.163542 0.039062 0.035417
0 1.517969 1.167708 0.042188 0.031250
0 1.517187 1.193750 0.034375 0.037500
0 1.479688 1.210417 0.034375 0.037500
0 1.516406 1.268750 0.042188 0.033333
0 1.443750 1.157292 0.034375 0.035417
0 1.372656 1.090625 0.039062 0.035417
0 1.385938 1.104167 0.050000 0.033333
0 1.372656 1.120833 0.039062 0.033333
0 1.456250 1.190625 0.034375 0.031250
0 1.460938 1.221875 0.050000 0.035417
0 1.421875 1.179167 0.034375 0.033333
0 1.423437 1.241667 0.034375 0.037500
0 1.443750 1.267708 0.034375 0.035417
0 1.481250 1.284375 0.053125 0.035417
0 1.459375 1.310417 0.043750 0.037500
0 1.427344 1.302083 0.051562 0.033333
0 1.384375 1.290625 0.043750 0.031250
0 1.378125 1.272917 0.040625 0.037500
0 1.385938 1.191667 0.031250 0.033333
0 1.373438 1.198958 0.034375 0.035417
0 1.337500 1.300000 0.040625 0.037500
0 1.319531 1.290625 0.039062 0.031250
0 1.296094 1.305208 0.045312 0.035417
0 1.267969 1.303125 0.054688 0.031250
0 1.278125 1.290625 0.053125 0.035417
0 1.294531 1.268750 0.035937 0.033333
0 1.270312 1.252083 0.034375 0.033333
0 1.232813 1.287500 0.040625 0.033333
0 1.218750 1.285417 0.040625 0.037500
0 1.197656 1.239583 0.032813 0.033333
0 1.307031 1.178125 0.045312 0.031250
0 1.303125 1.141667 0.053125 0.029167
0 1.270312 1.138542 0.053125 0.035417
0 1.328125 1.088542 0.037500 0.035417
0 1.310938 1.083333 0.046875 0.033333
0 1.295313 1.022917 0.050000 0.033333
0 1.129687 1.282292 0.034375 0.039583
0 1.071875 1.309375 0.046875 0.035417
0 1.099219 1.248958 0.045312 0.035417
0 1.164062 1.233333 0.046875 0.033333
0 1.173437 1.238542 0.040625 0.035417
0 1.060938 1.272917 0.050000 0.033333
0 1.017969 1.276042 0.039062 0.031250
0 0.992969 1.281250 0.039062 0.037500
0 0.947656 1.300000 0.048438 0.033333
0 0.980469 1.280208 0.048438 0.031250
0 0.930469 1.287500 0.039062 0.029167
0 0.946094 1.284375 0.042188 0.031250
0 0.921875 1.271875 0.046875 0.031250
0 0.917969 1.253125 0.051562 0.035417
0 0.992188 1.246875 0.050000 0.035417
0 0.974219 1.245833 0.045312 0.029167
0 0.956250 1.226042 0.037500 0.031250
0 1.095312 1.210417 0.053125 0.029167
0 1.108594 1.176042 0.045312 0.039583
0 1.171875 1.167708 0.031250 0.027083
0 1.174219 1.180208 0.045312 0.027083
0 1.050000 1.169792 0.050000 0.035417
0 1.010156 1.200000 0.039062 0.029167
0 1.002344 1.186458 0.042188 0.031250
0 1.000000 1.175000 0.037500 0.025000
0 0.988281 1.181250 0.039062 0.033333
0 0.964844 1.176042 0.054688 0.031250
0 0.890625 1.203125 0.046875 0.035417
0 0.866406 1.278125 0.042188 0.031250
0 0.840625 1.283333 0.034375 0.037500
0 0.849219 1.301042 0.042188 0.031250
0 0.881250 1.303125 0.046875 0.031250
0 0.854688 1.305208 0.031250 0.027083
0 0.806250 1.303125 0.040625 0.031250
0 0.796094 1.273958 0.048438 0.035417
0 0.770312 1.286458 0.040625 0.031250
0 0.751563 1.277083 0.046875 0.037500
0 0.704688 1.285417 0.043750 0.033333
0 0.682813 1.295833 0.050000 0.033333
0 0.641406 1.295833 0.048438 0.033333
0 0.616406 1.301042 0.035937 0.027083
0 0.588281 1.296875 0.035937 0.018750
0 0.459375 1.311458 0.031250 0.027083
0 0.506250 1.287500 0.043750 0.029167
0 0.522656 1.305208 0.042188 0.031250
0 0.550000 1.296875 0.043750 0.031250
0 0.575781 1.289583 0.042188 0.029167
0 0.601562 1.288542 0.037500 0.022917
0 0.605469 1.279167 0.042188 0.029167
0 0.594531 1.280208 0.048438 0.035417
0 0.607812 1.268750 0.043750 0.033333
0 0.624219 1.262500 0.048438 0.033333
0 0.640625 1.254167 0.062500 0.029167
0 0.656250 1.278125 0.043750 0.031250
0 0.682031 1.238542 0.054688 0.031250
0 0.701562 1.239583 0.046875 0.037500
0 0.743750 1.239583 0.056250 0.033333
0 0.761719 1.219792 0.045312 0.031250
0 0.704688 1.213542 0.053125 0.031250
0 0.661719 1.233333 0.035937 0.037500
0 0.619531 1.217708 0.032813 0.035417
0 0.630469 1.206250 0.048438 0.033333
0 0.537500 1.251042 0.046875 0.035417
0 0.493750 1.252083 0.037500 0.029167
0 0.530469 1.243750 0.051562 0.041667
0 0.474219 1.238542 0.035937 0.031250
0 0.564844 1.214583 0.057813 0.033333
0 0.578906 1.202083 0.039062 0.033333
0 0.552344 1.196875 0.048438 0.031250
0 0.553125 1.186458 0.043750 0.031250
0 0.622656 1.175000 0.051562 0.029167
0 0.664844 1.168750 0.048438 0.033333
0 0.730469 1.191667 0.048438 0.037500
0 0.728125 1.168750 0.053125 0.029167
0 0.778125 1.178125 0.034375 0.035417
0 0.800000 1.181250 0.040625 0.033333
0 0.826562 1.190625 0.050000 0.035417
0 0.859375 1.182292 0.037500 0.035417
0 0.858594 1.164583 0.039062 0.037500
0 0.903906 1.152083 0.045312 0.041667
0 0.867188 1.148958 0.037500 0.035417
0 0.950781 1.121875 0.032813 0.039583
0 0.924219 1.117708 0.035937 0.035417
0 0.935156 1.110417 0.042188 0.033333
0 0.889062 1.114583 0.034375 0.041667
0 0.904687 1.112500 0.046875 0.041667
0 1.012500 1.142708 0.043750 0.031250
0 1.027344 1.127083 0.048438 0.029167
0 1.020312 1.114583 0.043750 0.029167
0 1.041406 1.098958 0.051562 0.039583
0 1.157812 1.123958 0.050000 0.031250
0 1.136719 1.084375 0.048438 0.031250
0 1.170313 1.088542 0.037500 0.035417
0 1.216406 1.088542 0.035937 0.039583
0 1.193750 1.027083 0.031250 0.041667
0 1.171094 1.039583 0.026562 0.033333
0 1.167188 1.031250 0.037500 0.037500
0 1.175000 0.993750 0.037500 0.033333
0 1.261719 0.980208 0.048438 0.035417
0 1.232031 0.986458 0.048438 0.031250
0 1.214844 0.975000 0.048438 0.037500
0 1.193750 0.930208 0.040625 0.035417
0 1.167969 0.962500 0.048438 0.041667
0 1.155469 0.932292 0.057813 0.031250
0 1.137500 0.910417 0.031250 0.041667
0 1.124219 0.914583 0.042188 0.033333
0 1.109375 0.918750 0.037500 0.033333
0 1.097656 0.958333 0.039062 0.033333
0 1.068750 1.056250 0.031250 0.041667
0 1.064844 0.959375 0.042188 0.035417
0 1.082031 0.941667 0.045312 0.041667
0 1.051562 0.922917 0.040625 0.033333
0 1.066406 0.882292 0.042188 0.035417
0 1.025000 0.953125 0.053125 0.039583
0 1.041406 1.003125 0.042188 0.035417
0 1.042969 1.060417 0.051562 0.037500
0 1.010156 1.056250 0.048438 0.029167
0 0.995313 1.044792 0.046875 0.035417
0 0.960156 1.075000 0.042188 0.033333
0 0.933594 1.072917 0.045312 0.029167
0 0.811719 1.130208 0.035937 0.035417
0 0.823438 1.111458 0.037500 0.035417
0 0.832031 1.082292 0.048438 0.035417
0 0.793750 1.084375 0.046875 0.035417
0 0.773438 1.116667 0.046875 0.033333
0 0.732031 1.137500 0.035937 0.033333
0 0.720313 1.129167 0.043750 0.033333
0 0.646875 1.154167 0.037500 0.033333
0 0.620313 1.164583 0.034375 0.033333
0 0.694531 1.136458 0.048438 0.035417
0 0.679688 1.133333 0.037500 0.037500
0 0.582812 1.154167 0.031250 0.033333
0 0.592969 1.139583 0.039062 0.033333
0 0.599219 1.115625 0.045312 0.039583
0 0.555469 1.122917 0.048438 0.033333
0 0.531250 1.135417 0.040625 0.037500
0 0.531250 1.111458 0.040625 0.039583
0 0.561719 1.089583 0.039062 0.037500
0 0.595313 1.082292 0.037500 0.035417
0 0.643750 1.080208 0.040625 0.039583
0 0.653906 1.079167 0.032813 0.041667
0 0.668750 1.035417 0.031250 0.041667
0 0.626563 1.033333 0.031250 0.041667
0 0.564844 1.045833 0.032813 0.041667
0 0.577344 1.037500 0.045312 0.041667
0 0.488281 1.081250 0.045312 0.033333
0 0.466406 1.072917 0.035937 0.033333
0 0.501563 1.065625 0.050000 0.035417
0 0.514844 1.058333 0.045312 0.033333
0 0.532031 1.044792 0.048438 0.031250
0 0.498437 1.050000 0.037500 0.033333
0 0.504687 1.025000 0.050000 0.029167
0 0.532813 1.000000 0.046875 0.037500
0 0.575781 1.005208 0.042188 0.035417
0 0.585156 0.978125 0.045312 0.035417
0 0.515625 0.971875 0.040625 0.035417
0 0.516406 0.925000 0.035937 0.037500
0 0.503906 0.929167 0.039062 0.033333
0 0.526563 0.895833 0.053125 0.033333
0 0.558594 0.912500 0.045312 0.033333
0 0.560937 0.891667 0.034375 0.033333
0 0.586719 0.936458 0.042188 0.035417
0 0.635156 0.954167 0.051562 0.029167
0 0.666406 0.970833 0.051562 0.033333
0 0.642969 0.941667 0.042188 0.033333
0 0.672656 0.958333 0.035937 0.033333
0 0.705469 0.947917 0.048438 0.033333
0 0.621094 0.897917 0.048438 0.037500
0 0.602344 0.882292 0.035937 0.035417
0 0.637500 0.839583 0.043750 0.037500
0 0.534375 0.784375 0.040625 0.031250
0 0.491406 0.808333 0.042188 0.037500
0 0.507812 0.801042 0.040625 0.031250
0 0.457031 0.797917 0.039062 0.033333
0 0.469531 0.785417 0.051562 0.033333
0 0.452344 0.775000 0.039062 0.033333
0 0.436719 0.736458 0.048438 0.031250
0 0.467969 0.750000 0.039062 0.037500
0 0.494531 0.766667 0.048438 0.029167
0 0.524219 0.768750 0.048438 0.037500
0 0.600781 0.795833 0.042188 0.033333
0 0.609375 0.776042 0.034375 0.035417
0 0.596094 0.764583 0.042188 0.037500
0 0.567187 0.750000 0.043750 0.033333
0 0.581250 0.750000 0.040625 0.037500
0 0.414062 0.689583 0.031250 0.033333
0 0.524219 0.703125 0.035937 0.035417
0 0.525781 0.683333 0.035937 0.037500
0 0.432031 0.643750 0.032813 0.033333
0 0.402344 0.629167 0.039062 0.037500
0 0.456250 0.633333 0.043750 0.033333
0 0.444531 0.618750 0.039062 0.033333
0 0.438281 0.603125 0.048438 0.031250
0 0.470313 0.594792 0.043750 0.031250
0 0.419531 0.572917 0.039062 0.029167
0 0.447656 0.557292 0.045312 0.035417
0 0.432031 0.527083 0.035937 0.033333
0 0.481250 0.500000 0.050000 0.029167
0 0.486719 0.476042 0.042188 0.031250
0 0.452344 0.466667 0.045312 0.037500
0 0.440625 0.418750 0.037500 0.033333
0 0.474219 0.371875 0.045312 0.035417
0 0.534375 0.362500 0.040625 0.037500
0 0.552344 0.350000 0.035937 0.037500
0 0.492969 0.403125 0.035937 0.035417
0 0.535156 0.403125 0.042188 0.035417
0 0.557031 0.403125 0.035937 0.035417
0 0.592187 0.401042 0.043750 0.035417
0 0.578906 0.410417 0.032813 0.029167
0 0.623437 0.387500 0.043750 0.033333
0 0.642188 0.383333 0.037500 0.037500
0 0.537500 0.466667 0.046875 0.033333
0 0.587500 0.444792 0.040625 0.035417
0 0.560937 0.484375 0.043750 0.035417
0 0.528906 0.529167 0.039062 0.037500
0 0.504687 0.569792 0.034375 0.039583
0 0.504687 0.588542 0.034375 0.039583
0 0.535156 0.546875 0.035937 0.035417
0 0.558594 0.531250 0.039062 0.033333
0 0.578906 0.527083 0.045312 0.037500
0 0.615625 0.492708 0.043750 0.031250
0 0.605469 0.541667 0.035937 0.033333
0 0.667188 0.506250 0.043750 0.033333
0 0.664062 0.479167 0.034375 0.033333
0 0.647656 0.444792 0.042188 0.031250
0 0.640625 0.434375 0.037500 0.035417
0 0.681250 0.427083 0.037500 0.033333
0 0.729688 0.412500 0.046875 0.033333
0 0.700781 0.481250 0.032813 0.033333
0 0.728906 0.488542 0.045312 0.031250
0 0.800781 0.463542 0.045312 0.031250
0 0.734375 0.497917 0.037500 0.029167
0 0.771875 0.486458 0.034375 0.031250
0 0.789844 0.488542 0.035937 0.031250
0 0.845313 0.494792 0.034375 0.035417
0 0.855469 0.537500 0.035937 0.033333
0 0.800000 0.552083 0.046875 0.033333
0 0.799219 0.575000 0.039062 0.033333
0 0.831250 0.605208 0.043750 0.031250
0 0.868750 0.592708 0.034375 0.035417
0 0.913281 0.590625 0.048438 0.031250
0 0.979688 0.611458 0.053125 0.027083
0 0.994531 0.607292 0.039062 0.031250
0 1.003906 0.654167 0.035937 0.029167
0 1.004687 0.671875 0.034375 0.031250
0 0.930469 0.644792 0.048438 0.022917
0 0.877344 0.619792 0.045312 0.031250
0 0.881250 0.648958 0.046875 0.031250
0 0.925000 0.672917 0.043750 0.033333
0 0.934375 0.720833 0.046875 0.033333
0 0.835938 0.643750 0.040625 0.033333
0 1.018750 0.718750 0.031250 0.029167
0 0.996875 0.710417 0.031250 0.033333
0 1.002344 0.718750 0.042188 0.029167
0 0.975781 0.730208 0.039062 0.031250
0 0.986719 0.737500 0.039062 0.033333
0 0.850000 0.688542 0.040625 0.035417
0 0.787500 0.639583 0.040625 0.033333
0 0.772656 0.666667 0.045312 0.029167
0 0.725000 0.545833 0.040625 0.037500
0 0.676562 0.538542 0.034375 0.035417
0 0.623437 0.570833 0.046875 0.029167
0 0.593750 0.586458 0.037500 0.035417
0 0.539062 0.622917 0.034375 0.033333
0 0.542969 0.638542 0.045312 0.031250
0 0.565625 0.629167 0.034375 0.033333
0 0.665625 0.578125 0.037500 0.035417
0 0.701562 0.583333 0.034375 0.041667
0 0.673438 0.621875 0.031250 0.031250
0 0.648438 0.666667 0.043750 0.029167
0 0.622656 0.694792 0.035937 0.035417
0 0.649219 0.690625 0.045312 0.035417
0 0.641406 0.726042 0.035937 0.031250
0 0.723437 0.614583 0.043750 0.033333
0 0.722656 0.625000 0.042188 0.029167
0 0.718750 0.643750 0.050000 0.029167
0 0.690625 0.690625 0.031250 0.031250
0 0.703125 0.730208 0.037500 0.035417
0 0.671094 0.748958 0.035937 0.035417
0 0.696094 0.759375 0.042188 0.031250
0 0.719531 0.761458 0.045312 0.035417
0 0.759375 0.739583 0.040625 0.033333
0 0.768750 0.742708 0.037500 0.031250
0 0.760938 0.764583 0.040625 0.033333
0 0.821875 0.701042 0.046875 0.031250
0 0.802344 0.729167 0.035937 0.037500
0 0.817187 0.737500 0.037500 0.033333
0 0.860156 0.718750 0.035937 0.033333
0 0.877344 0.783333 0.035937 0.037500
0 0.834375 0.789583 0.037500 0.033333
0 0.870313 0.819792 0.040625 0.035417
0 0.915625 0.790625 0.043750 0.035417
0 0.900000 0.812500 0.046875 0.033333
0 0.978906 0.825000 0.039062 0.033333
0 0.982031 0.862500 0.045312 0.033333
0 0.960156 0.885417 0.032813 0.037500
0 1.007031 0.906250 0.035937 0.033333
0 1.010156 0.922917 0.048438 0.029167
0 1.017187 0.911458 0.046875 0.027083
0 0.998437 0.971875 0.040625 0.035417
0 0.939063 0.981250 0.053125 0.029167
0 0.936719 0.956250 0.042188 0.025000
0 0.903906 1.056250 0.054688 0.033333
0 0.879687 1.057292 0.040625 0.035417
0 0.885938 1.030208 0.043750 0.035417
0 0.817187 1.022917 0.037500 0.033333
0 0.744531 1.110417 0.039062 0.033333
0 0.748437 1.103125 0.040625 0.035417
0 0.761719 1.008333 0.042188 0.033333
0 0.755469 0.982292 0.039062 0.031250
0 0.762500 0.965625 0.037500 0.035417
0 0.800781 0.984375 0.035937 0.035417
0 0.835156 0.981250 0.039062 0.033333
0 0.865625 0.996875 0.034375 0.039583
0 0.848437 0.971875 0.040625 0.035417
0 0.836719 0.933333 0.051562 0.037500
0 0.766406 0.917708 0.042188 0.039583
0 0.714063 0.902083 0.037500 0.037500
0 0.692187 0.879167 0.034375 0.041667
0 0.696094 0.857292 0.035937 0.031250
0 0.689844 0.837500 0.042188 0.033333
0 0.670312 0.809375 0.043750 0.035417
0 0.703906 0.804167 0.039062 0.037500
0 0.738281 0.850000 0.032813 0.037500
0 0.784375 0.835417 0.046875 0.033333
0 0.791406 0.823958 0.032813 0.039583
0 0.806250 0.851042 0.043750 0.031250
0 0.846875 0.840625 0.037500 0.035417
0 0.812500 0.887500 0.050000 0.037500
0 0.853125 0.901042 0.050000 0.031250
0 0.904687 0.926042 0.046875 0.031250
0 0.921094 0.929167 0.035937 0.033333
0 0.925781 0.895833 0.042188 0.033333