0 0.476562 0.804167 0.028125 0.037500
0 0.325000 0.862500 0.034375 0.041667
0 0.035937 0.806250 0.028125 0.041667
0 0.146875 0.729167 0.028125 0.041667
0 0.350000 0.643750 0.034375 0.041667
0 0.078125 0.677083 0.031250 0.045833
0 0.204687 0.662500 0.031250 0.054167
0 0.214062 0.595833 0.028125 0.050000
0 0.018750 0.562500 0.021875 0.033333
0 0.025000 0.535417 0.034375 0.029167
0 0.032813 0.506250 0.025000 0.037500
0 0.064062 0.500000 0.021875 0.033333
0 0.035937 0.445833 0.021875 0.033333
0 0.204687 0.525000 0.034375 0.041667
0 0.225000 0.493750 0.031250 0.045833
0 0.217188 0.443750 0.028125 0.037500
0 0.290625 0.491667 0.028125 0.050000
0 0.276562 0.466667 0.025000 0.050000
0 0.356250 0.381250 0.031250 0.041667
0 0.301563 0.310417 0.025000 0.041667
0 0.257812 0.345833 0.028125 0.050000
0 0.087500 0.341667 0.021875 0.045833
0 0.120313 0.337500 0.034375 0.041667
0 0.193750 0.329167 0.031250 0.033333
0 0.232813 0.283333 0.037500 0.041667
0 0.184375 0.304167 0.037500 0.033333
0 0.187500 0.277083 0.037500 0.025000
0 0.195312 0.264583 0.034375 0.033333
0 0.473438 0.116667 0.031250 0.037500
0 0.467187 0.045833 0.031250 0.033333
0 0.342187 0.125000 0.034375 0.050000
0 0.181250 0.231250 0.037500 0.037500
0 0.125000 0.250000 0.028125 0.045833
0 0.101562 0.266667 0.031250 0.037500
0 0.081250 0.266667 0.031250 0.037500
0 0.051562 0.266667 0.028125 0.037500
0 0.028125 0.264583 0.031250 0.037500
0 0.031250 0.208333 0.034375 0.045833
0 0.089063 0.170833 0.034375 0.045833
0 0.051562 0.133333 0.034375 0.045833
0 0.026562 0.060417 0.028125 0.041667
0 0.110937 0.091667 0.034375 0.045833
0 0.135937 0.139583 0.031250 0.045833
0 0.217188 0.120833 0.031250 0.041667
0 0.192188 0.039583 0.037500 0.041667