0 0.470313 0.808333 0.028125 0.037500
0 0.331250 0.860417 0.037500 0.041667
0 0.479687 0.622917 0.028125 0.041667
0 0.031250 0.814583 0.025000 0.041667
0 0.014063 0.739583 0.018750 0.058333
0 0.137500 0.722917 0.028125 0.041667
0 0.212500 0.693750 0.034375 0.058333
0 0.353125 0.647917 0.040625 0.037500
0 0.081250 0.683333 0.025000 0.037500
0 0.068750 0.652083 0.025000 0.033333
0 0.043750 0.612500 0.031250 0.037500
0 0.221875 0.616667 0.031250 0.054167
0 0.289062 0.533333 0.031250 0.050000
0 0.282813 0.491667 0.031250 0.054167
0 0.210938 0.527083 0.040625 0.041667
0 0.021875 0.564583 0.025000 0.033333
0 0.021875 0.500000 0.025000 0.037500
0 0.067187 0.506250 0.021875 0.037500
0 0.037500 0.452083 0.025000 0.033333
0 0.217188 0.470833 0.031250 0.041667
0 0.212500 0.435417 0.021875 0.033333
0 0.351562 0.408333 0.031250 0.045833
0 0.089063 0.358333 0.025000 0.045833
0 0.304688 0.308333 0.028125 0.041667
0 0.260937 0.325000 0.031250 0.045833
0 0.221875 0.281250 0.040625 0.041667
0 0.184375 0.325000 0.034375 0.033333
0 0.114062 0.322917 0.031250 0.041667
0 0.175000 0.306250 0.037500 0.033333
0 0.181250 0.277083 0.040625 0.029167
0 0.184375 0.262500 0.034375 0.029167
0 0.181250 0.237500 0.037500 0.033333
0 0.028125 0.270833 0.031250 0.037500
0 0.048438 0.270833 0.028125 0.037500
0 0.073438 0.260417 0.031250 0.041667
0 0.093750 0.266667 0.031250 0.041667
0 0.118750 0.229167 0.031250 0.037500
0 0.143750 0.193750 0.034375 0.037500
0 0.025000 0.195833 0.031250 0.041667
0 0.079687 0.168750 0.034375 0.037500
0 0.062500 0.154167 0.034375 0.037500
0 0.025000 0.066667 0.028125 0.041667
0 0.115625 0.100000 0.031250 0.041667
0 0.125000 0.147917 0.031250 0.041667
0 0.226562 0.125000 0.031250 0.041667
0 0.187500 0.041667 0.037500 0.045833
0 0.334375 0.129167 0.037500 0.045833
0 0.475000 0.108333 0.031250 0.045833
0 0.459375 0.052083 0.031250 0.037500