0 0.031250 0.058333 0.021875 0.016667
0 0.051562 0.052083 0.018750 0.020833
0 0.103125 0.047917 0.025000 0.016667
0 0.107813 0.068750 0.021875 0.020833
0 0.087500 0.077083 0.018750 0.020833
0 0.060937 0.081250 0.021875 0.020833
0 0.040625 0.093750 0.021875 0.020833
0 0.034375 0.122917 0.018750 0.025000
0 0.062500 0.110417 0.018750 0.016667
0 0.103125 0.129167 0.018750 0.016667
0 0.051562 0.127083 0.018750 0.020833
0 0.121875 0.075000 0.018750 0.020833
0 0.150000 0.050000 0.021875 0.020833
0 0.137500 0.091667 0.021875 0.020833
0 0.165625 0.081250 0.021875 0.020833
0 0.154688 0.100000 0.021875 0.020833
0 0.175000 0.114583 0.018750 0.025000
0 0.193750 0.106250 0.021875 0.016667
0 0.193750 0.087500 0.021875 0.020833
0 0.192188 0.127083 0.021875 0.020833
0 0.206250 0.127083 0.021875 0.016667
0 0.221875 0.127083 0.021875 0.020833
0 0.218750 0.100000 0.018750 0.025000
0 0.237500 0.104167 0.018750 0.016667
0 0.279687 0.129167 0.021875 0.016667
0 0.014063 0.118750 0.012500 0.016667
0 0.239063 0.089583 0.021875 0.020833
0 0.235937 0.075000 0.021875 0.020833
0 0.225000 0.056250 0.012500 0.025000
0 0.243750 0.054167 0.018750 0.020833
0 0.257812 0.077083 0.018750 0.020833
0 0.264062 0.093750 0.021875 0.020833
0 0.284375 0.102083 0.021875 0.020833
0 0.284375 0.068750 0.018750 0.020833
0 0.290625 0.056250 0.018750 0.020833
0 0.340625 0.068750 0.015625 0.029167
0 0.342187 0.079167 0.021875 0.020833
0 0.348438 0.079167 0.012500 0.029167
0 0.365625 0.058333 0.018750 0.025000
0 0.382812 0.058333 0.021875 0.020833
0 0.354687 0.127083 0.021875 0.020833
0 0.378125 0.131250 0.021875 0.020833
0 0.509375 0.110417 0.021875 0.025000
0 0.525000 0.077083 0.015625 0.025000
0 0.546875 0.058333 0.021875 0.020833
0 0.553125 0.070833 0.021875 0.016667
0 0.556250 0.120833 0.015625 0.033333
0 0.570312 0.125000 0.015625 0.020833
0 0.618750 0.125000 0.025000 0.020833
0 0.703125 0.085417 0.018750 0.020833
0 0.760938 0.087500 0.021875 0.025000
0 0.778125 0.060417 0.021875 0.020833
0 0.879687 0.075000 0.025000 0.020833
0 0.900000 0.122917 0.025000 0.020833
0 0.887500 0.135417 0.018750 0.016667
0 0.917188 0.064583 0.021875 0.020833
0 0.950000 0.135417 0.021875 0.020833
0 1.009375 0.127083 0.025000 0.020833
0 0.937500 0.118750 0.018750 0.016667
0 1.012500 0.093750 0.012500 0.025000
0 0.834375 0.079167 0.015625 0.025000
0 0.903125 0.100000 0.021875 0.020833