0 0.025000 0.087500 0.021875 0.025000
0 0.020313 0.120833 0.018750 0.020833
0 0.046875 0.095833 0.018750 0.029167
0 0.056250 0.120833 0.018750 0.016667
0 0.100000 0.127083 0.021875 0.020833
0 0.073438 0.104167 0.021875 0.020833
0 0.082812 0.075000 0.021875 0.016667
0 0.050000 0.070833 0.018750 0.025000
0 0.085938 0.060417 0.025000 0.025000
0 0.114062 0.091667 0.018750 0.025000
0 0.121875 0.083333 0.015625 0.033333
0 0.128125 0.106250 0.015625 0.025000
0 0.150000 0.112500 0.021875 0.020833
0 0.182812 0.081250 0.021875 0.020833
0 0.220312 0.087500 0.021875 0.020833
0 0.259375 0.050000 0.018750 0.016667
0 0.725000 0.131250 0.025000 0.016667
0 0.776563 0.135417 0.021875 0.020833
0 0.796875 0.110417 0.021875 0.020833
0 0.767188 0.112500 0.018750 0.025000
0 0.875000 0.097917 0.021875 0.020833
0 0.862500 0.058333 0.021875 0.020833
0 0.914062 0.104167 0.021875 0.029167
0 0.920312 0.068750 0.025000 0.020833
0 0.957812 0.079167 0.021875 0.020833
0 0.979688 0.106250 0.021875 0.033333
0 1.020312 0.127083 0.025000 0.020833
0 0.996875 0.097917 0.018750 0.025000
0 1.014063 0.083333 0.018750 0.025000
0 0.979688 0.064583 0.018750 0.025000
0 1.017187 0.064583 0.012500 0.025000