0 0.032813 0.068750 0.015625 0.029167
0 0.045312 0.085417 0.025000 0.020833
0 0.035937 0.100000 0.021875 0.020833
0 0.090625 0.068750 0.025000 0.016667
0 0.100000 0.056250 0.025000 0.020833
0 0.110937 0.062500 0.021875 0.016667
0 0.128125 0.072917 0.021875 0.020833
0 0.110937 0.079167 0.025000 0.016667
0 0.109375 0.093750 0.028125 0.020833
0 0.096875 0.106250 0.025000 0.020833
0 0.139063 0.116667 0.021875 0.025000
0 0.148438 0.104167 0.018750 0.033333
0 0.167187 0.047917 0.018750 0.016667
0 0.195312 0.056250 0.025000 0.020833
0 0.207813 0.050000 0.012500 0.016667
0 0.200000 0.102083 0.018750 0.029167
0 0.217188 0.095833 0.018750 0.016667
0 0.232813 0.104167 0.018750 0.025000
0 0.229687 0.081250 0.025000 0.020833
0 0.234375 0.060417 0.012500 0.020833
0 0.246875 0.075000 0.018750 0.025000
0 0.276562 0.072917 0.021875 0.020833
0 0.287500 0.087500 0.012500 0.025000
0 0.276562 0.102083 0.018750 0.016667
0 0.262500 0.097917 0.018750 0.020833
0 0.259375 0.118750 0.018750 0.016667
0 0.259375 0.131250 0.015625 0.020833
0 0.278125 0.133333 0.018750 0.016667
0 0.275000 0.122917 0.021875 0.016667
0 0.303125 0.129167 0.018750 0.025000
0 0.268750 0.112500 0.018750 0.020833
0 0.285938 0.116667 0.015625 0.025000
0 0.301563 0.102083 0.015625 0.025000
0 0.326562 0.127083 0.018750 0.020833
0 0.318750 0.100000 0.018750 0.025000
0 0.328125 0.112500 0.018750 0.016667
0 0.356250 0.127083 0.018750 0.020833
0 0.342187 0.118750 0.018750 0.016667
0 0.346875 0.112500 0.018750 0.020833
0 0.335938 0.100000 0.018750 0.016667
0 0.329688 0.089583 0.018750 0.020833
0 0.357812 0.102083 0.018750 0.025000
0 0.339062 0.085417 0.012500 0.025000
0 0.348438 0.070833 0.025000 0.020833
0 0.340625 0.056250 0.021875 0.016667
0 0.320312 0.052083 0.012500 0.016667
0 0.362500 0.083333 0.015625 0.025000
0 0.373437 0.089583 0.015625 0.016667
0 0.373437 0.106250 0.018750 0.016667
0 0.392188 0.075000 0.018750 0.025000
0 0.389062 0.097917 0.018750 0.025000
0 0.395313 0.108333 0.018750 0.020833
0 0.401562 0.116667 0.025000 0.016667
0 0.393750 0.127083 0.021875 0.016667
0 0.442188 0.131250 0.021875 0.016667
0 0.412500 0.108333 0.018750 0.016667
0 0.412500 0.102083 0.012500 0.029167
0 0.432812 0.097917 0.018750 0.020833
0 0.443750 0.087500 0.018750 0.025000
0 0.453125 0.062500 0.015625 0.025000
0 0.468750 0.079167 0.015625 0.020833
0 0.479687 0.093750 0.018750 0.016667
0 0.482812 0.106250 0.018750 0.016667
0 0.501563 0.118750 0.021875 0.020833
0 0.504687 0.075000 0.021875 0.012500
0 0.506250 0.068750 0.018750 0.020833
0 0.515625 0.106250 0.012500 0.025000
0 0.528125 0.108333 0.018750 0.016667
0 0.553125 0.062500 0.018750 0.016667
0 0.525000 0.091667 0.018750 0.025000
0 0.537500 0.104167 0.012500 0.025000
0 0.543750 0.081250 0.015625 0.020833
0 0.548438 0.104167 0.012500 0.029167
0 0.546875 0.122917 0.021875 0.016667
0 0.559375 0.133333 0.018750 0.016667
0 0.590625 0.135417 0.021875 0.020833
0 0.571875 0.125000 0.018750 0.016667
0 0.562500 0.116667 0.015625 0.029167
0 0.560937 0.093750 0.018750 0.016667
0 0.560937 0.085417 0.018750 0.020833
0 0.567187 0.066667 0.012500 0.020833
0 0.587500 0.060417 0.018750 0.020833
0 0.579688 0.081250 0.018750 0.020833
0 0.592187 0.100000 0.012500 0.029167
0 0.578125 0.104167 0.018750 0.025000
0 0.614062 0.127083 0.018750 0.020833
0 0.623437 0.131250 0.012500 0.016667
0 0.607812 0.108333 0.018750 0.016667
0 0.626563 0.114583 0.021875 0.016667
0 0.603125 0.072917 0.015625 0.016667
0 0.617188 0.062500 0.021875 0.016667
0 0.623437 0.068750 0.009375 0.025000
0 0.635938 0.079167 0.021875 0.016667
0 0.643750 0.068750 0.012500 0.025000
0 0.670312 0.062500 0.012500 0.025000
0 0.631250 0.097917 0.012500 0.025000
0 0.635938 0.114583 0.015625 0.025000
0 0.662500 0.131250 0.031250 0.020833
0 0.664062 0.112500 0.028125 0.016667
0 0.707812 0.127083 0.025000 0.016667
0 0.689063 0.118750 0.021875 0.016667
0 0.676562 0.106250 0.021875 0.016667
0 0.667188 0.095833 0.025000 0.016667
0 0.701562 0.087500 0.025000 0.016667
0 0.731250 0.097917 0.025000 0.016667
0 0.740625 0.077083 0.021875 0.016667
0 0.767188 0.081250 0.025000 0.016667
0 0.765625 0.093750 0.018750 0.016667
0 0.748437 0.089583 0.021875 0.012500
0 0.754687 0.106250 0.021875 0.012500
0 0.790625 0.116667 0.025000 0.016667
0 0.795312 0.102083 0.025000 0.016667
0 0.812500 0.106250 0.021875 0.016667
0 0.839063 0.114583 0.018750 0.025000
0 0.803125 0.070833 0.021875 0.020833
0 0.810937 0.058333 0.021875 0.016667
0 0.848437 0.064583 0.025000 0.020833
0 0.857812 0.079167 0.018750 0.020833
0 0.904687 0.091667 0.021875 0.020833
0 0.923438 0.097917 0.021875 0.020833
0 0.912500 0.114583 0.025000 0.020833
0 0.896875 0.139583 0.021875 0.020833
0 0.929688 0.120833 0.015625 0.029167
0 0.953125 0.116667 0.021875 0.029167
0 0.959375 0.133333 0.018750 0.025000
0 1.015625 0.141667 0.021875 0.029167
0 0.996875 0.100000 0.025000 0.025000
0 1.007812 0.083333 0.025000 0.020833