0 0.020313 0.081250 0.012500 0.033333
0 0.026562 0.089583 0.018750 0.016667
0 0.035937 0.104167 0.018750 0.016667
0 0.078125 0.077083 0.018750 0.025000
0 0.090625 0.066667 0.012500 0.033333
0 0.093750 0.095833 0.025000 0.016667
0 0.101562 0.106250 0.025000 0.016667
0 0.087500 0.120833 0.025000 0.029167
0 0.115625 0.120833 0.021875 0.020833
0 0.117188 0.087500 0.021875 0.016667
0 0.104688 0.077083 0.012500 0.033333
0 0.128125 0.091667 0.015625 0.020833
0 0.115625 0.108333 0.012500 0.025000
0 0.140625 0.102083 0.018750 0.020833
0 0.165625 0.127083 0.025000 0.020833
0 0.173437 0.110417 0.028125 0.020833
0 0.160938 0.091667 0.021875 0.016667
0 0.150000 0.079167 0.021875 0.016667
0 0.157812 0.066667 0.021875 0.016667
0 0.139063 0.058333 0.015625 0.020833
0 0.184375 0.064583 0.021875 0.020833
0 0.195312 0.075000 0.021875 0.016667
0 0.176563 0.093750 0.015625 0.025000
0 0.204687 0.102083 0.018750 0.020833
0 0.176563 0.104167 0.018750 0.020833
0 0.190625 0.093750 0.021875 0.016667
0 0.221875 0.106250 0.015625 0.025000
0 0.248438 0.125000 0.012500 0.016667
0 0.251563 0.102083 0.018750 0.025000
0 0.256250 0.077083 0.012500 0.025000
0 0.243750 0.066667 0.018750 0.025000
0 0.295312 0.066667 0.021875 0.016667
0 0.303125 0.081250 0.021875 0.016667
0 0.309375 0.104167 0.021875 0.016667
0 0.326562 0.116667 0.021875 0.016667
0 0.360938 0.129167 0.018750 0.025000
0 0.350000 0.104167 0.018750 0.020833
0 0.343750 0.091667 0.021875 0.020833
0 0.365625 0.083333 0.018750 0.025000
0 0.385937 0.077083 0.021875 0.016667
0 0.393750 0.087500 0.018750 0.016667
0 0.387500 0.100000 0.021875 0.016667
0 0.426563 0.114583 0.021875 0.020833
0 0.453125 0.122917 0.015625 0.025000
0 0.460938 0.091667 0.021875 0.020833
0 0.479687 0.106250 0.025000 0.016667
0 0.503125 0.083333 0.021875 0.016667
0 0.515625 0.104167 0.015625 0.029167
0 0.520312 0.072917 0.015625 0.029167
0 0.531250 0.112500 0.018750 0.020833
0 0.540625 0.108333 0.015625 0.025000
0 0.564063 0.112500 0.018750 0.016667
0 0.565625 0.102083 0.021875 0.020833
0 0.548438 0.091667 0.018750 0.016667
0 0.548438 0.072917 0.021875 0.016667
0 0.578125 0.070833 0.018750 0.020833
0 0.581250 0.093750 0.012500 0.025000
0 0.562500 0.081250 0.018750 0.016667
0 0.565625 0.075000 0.015625 0.020833
0 0.604688 0.116667 0.015625 0.025000
0 0.606250 0.097917 0.018750 0.020833
0 0.623437 0.085417 0.015625 0.025000
0 0.645312 0.089583 0.021875 0.016667
0 0.657813 0.072917 0.015625 0.016667
0 0.675000 0.072917 0.015625 0.025000
0 0.676562 0.104167 0.018750 0.020833
0 0.700000 0.083333 0.021875 0.016667
0 0.707812 0.102083 0.015625 0.025000
0 0.723437 0.118750 0.021875 0.016667
0 0.726562 0.106250 0.015625 0.025000
0 0.743750 0.077083 0.018750 0.016667
0 0.731250 0.089583 0.018750 0.020833
0 0.743750 0.100000 0.018750 0.025000
0 0.757812 0.091667 0.015625 0.025000
0 0.775000 0.110417 0.015625 0.025000
0 0.784375 0.087500 0.015625 0.025000
0 0.795312 0.064583 0.015625 0.020833
0 0.801562 0.079167 0.015625 0.025000
0 0.801562 0.087500 0.018750 0.016667
0 0.806250 0.100000 0.021875 0.016667
0 0.806250 0.129167 0.015625 0.016667
0 0.810937 0.116667 0.012500 0.020833
0 0.835938 0.120833 0.021875 0.016667
0 0.846875 0.108333 0.021875 0.012500
0 0.823438 0.108333 0.018750 0.016667
0 0.859375 0.104167 0.012500 0.025000
0 0.839063 0.077083 0.015625 0.020833
0 0.839063 0.056250 0.021875 0.016667
0 0.884375 0.068750 0.012500 0.025000
0 0.873437 0.097917 0.012500 0.025000
0 0.893750 0.091667 0.018750 0.016667
0 0.903125 0.106250 0.021875 0.016667
0 0.920312 0.118750 0.015625 0.025000
0 0.921875 0.137500 0.021875 0.016667
0 0.937500 0.106250 0.025000 0.016667
0 0.940625 0.087500 0.021875 0.016667
0 0.975000 0.112500 0.025000 0.016667
0 0.987500 0.137500 0.025000 0.016667
0 1.012500 0.077083 0.021875 0.033333
0 0.884375 0.106250 0.021875 0.012500