0 0.478125 0.800000 0.028125 0.033333
0 0.323437 0.866667 0.034375 0.045833
0 0.035937 0.802083 0.025000 0.045833
0 0.146875 0.735417 0.025000 0.037500
0 0.346875 0.639583 0.034375 0.037500
0 0.032813 0.625000 0.028125 0.037500
0 0.070312 0.679167 0.025000 0.050000
0 0.196875 0.633333 0.034375 0.054167
0 0.210938 0.583333 0.031250 0.050000
0 0.032813 0.556250 0.031250 0.041667
0 0.042188 0.516667 0.025000 0.037500
0 0.064062 0.502083 0.025000 0.033333
0 0.034375 0.443750 0.025000 0.037500
0 0.206250 0.518750 0.037500 0.037500
0 0.226562 0.508333 0.028125 0.045833
0 0.215625 0.447917 0.028125 0.037500
0 0.276562 0.450000 0.028125 0.045833
0 0.293750 0.456250 0.028125 0.041667
0 0.356250 0.358333 0.028125 0.045833
0 0.301563 0.310417 0.025000 0.037500
0 0.264062 0.362500 0.034375 0.045833
0 0.468750 0.133333 0.028125 0.041667
0 0.468750 0.047917 0.021875 0.037500
0 0.350000 0.108333 0.031250 0.045833
0 0.331250 0.125000 0.025000 0.037500
0 0.248438 0.287500 0.040625 0.041667
0 0.201563 0.339583 0.028125 0.037500
0 0.125000 0.343750 0.037500 0.041667
0 0.085938 0.320833 0.025000 0.041667
0 0.196875 0.308333 0.037500 0.029167
0 0.201563 0.289583 0.037500 0.029167
0 0.207813 0.264583 0.034375 0.033333
0 0.184375 0.225000 0.037500 0.037500
0 0.173437 0.200000 0.037500 0.029167
0 0.212500 0.133333 0.034375 0.045833
0 0.126562 0.254167 0.025000 0.045833
0 0.107813 0.256250 0.034375 0.037500
0 0.103125 0.281250 0.037500 0.041667
0 0.037500 0.254167 0.034375 0.037500
0 0.032813 0.220833 0.034375 0.037500
0 0.048438 0.208333 0.037500 0.037500
0 0.037500 0.112500 0.034375 0.045833
0 0.026562 0.052083 0.025000 0.037500
0 0.103125 0.164583 0.037500 0.041667
0 0.140625 0.125000 0.031250 0.050000
0 0.110937 0.083333 0.034375 0.045833
0 0.200000 0.041667 0.034375 0.037500