0 0.426563 0.068750 0.018750 0.029167
0 0.528125 0.135417 0.021875 0.020833
0 0.195312 0.062500 0.021875 0.025000
0 0.114062 0.077083 0.021875 0.020833
0 0.109375 0.089583 0.021875 0.025000
0 0.092188 0.102083 0.015625 0.025000
0 0.046875 0.122917 0.015625 0.025000
0 0.071875 0.095833 0.021875 0.020833
0 0.060937 0.079167 0.018750 0.029167
0 0.023438 0.093750 0.018750 0.029167
0 0.015625 0.077083 0.018750 0.025000
0 0.039062 0.056250 0.025000 0.020833
0 0.039062 0.068750 0.018750 0.025000
0 0.014063 0.114583 0.018750 0.020833
0 0.814063 0.058333 0.018750 0.016667
0 0.848437 0.064583 0.018750 0.020833
0 0.896875 0.110417 0.015625 0.025000
0 0.923438 0.139583 0.021875 0.020833
0 0.987500 0.133333 0.018750 0.020833
0 0.984375 0.116667 0.021875 0.020833
0 0.937500 0.056250 0.018750 0.016667
0 1.003125 0.106250 0.021875 0.020833