0 0.007812 0.047917 0.009375 0.016667
0 0.025000 0.060417 0.012500 0.025000
0 0.014063 0.087500 0.015625 0.025000
0 0.037500 0.097917 0.025000 0.016667
0 0.014063 0.127083 0.018750 0.020833
0 0.048438 0.127083 0.018750 0.020833
0 0.073438 0.106250 0.025000 0.020833
0 0.096875 0.100000 0.025000 0.029167
0 0.089063 0.083333 0.025000 0.016667
0 0.073438 0.072917 0.021875 0.016667
0 0.060937 0.068750 0.021875 0.020833
0 0.129688 0.083333 0.021875 0.020833
0 0.139063 0.062500 0.025000 0.016667
0 0.150000 0.058333 0.015625 0.025000
0 0.173437 0.047917 0.025000 0.016667
0 0.154688 0.064583 0.015625 0.020833
0 0.140625 0.085417 0.018750 0.016667
0 0.139063 0.095833 0.018750 0.020833
0 0.150000 0.108333 0.021875 0.020833
0 0.168750 0.112500 0.015625 0.029167
0 0.173437 0.127083 0.018750 0.020833
0 0.193750 0.114583 0.021875 0.020833
0 0.209375 0.125000 0.018750 0.020833
0 0.220312 0.116667 0.015625 0.025000
0 0.178125 0.089583 0.015625 0.029167
0 0.193750 0.070833 0.021875 0.016667
0 0.196875 0.081250 0.018750 0.016667
0 0.157812 0.089583 0.018750 0.016667
0 0.165625 0.081250 0.025000 0.016667
0 0.256250 0.079167 0.025000 0.020833
0 0.265625 0.102083 0.018750 0.025000
0 0.281250 0.068750 0.025000 0.016667
0 0.289062 0.083333 0.021875 0.016667
0 0.287500 0.116667 0.021875 0.020833
0 0.304688 0.118750 0.021875 0.016667
0 0.309375 0.104167 0.021875 0.016667
0 0.325000 0.089583 0.021875 0.016667
0 0.320312 0.068750 0.021875 0.016667
0 0.340625 0.066667 0.018750 0.025000
0 0.335938 0.079167 0.021875 0.020833
0 0.348438 0.104167 0.021875 0.016667
0 0.362500 0.120833 0.028125 0.020833
0 0.357812 0.083333 0.015625 0.029167
0 0.387500 0.083333 0.021875 0.016667
0 0.393750 0.095833 0.025000 0.016667
0 0.389062 0.104167 0.025000 0.016667
0 0.384375 0.118750 0.025000 0.016667
0 0.435937 0.120833 0.025000 0.020833
0 0.417187 0.093750 0.021875 0.020833
0 0.410938 0.072917 0.021875 0.016667
0 0.442188 0.097917 0.015625 0.025000
0 0.448437 0.087500 0.012500 0.025000
0 0.467187 0.095833 0.018750 0.029167
0 0.467187 0.075000 0.018750 0.020833
0 0.482812 0.081250 0.018750 0.020833
0 0.487500 0.070833 0.015625 0.025000
0 0.500000 0.058333 0.018750 0.016667
0 0.504687 0.072917 0.021875 0.016667
0 0.496875 0.100000 0.018750 0.016667
0 0.496875 0.116667 0.018750 0.025000
0 0.537500 0.127083 0.021875 0.016667
0 0.514062 0.085417 0.018750 0.016667
0 0.537500 0.087500 0.021875 0.016667
0 0.554688 0.095833 0.018750 0.025000
0 0.585938 0.064583 0.015625 0.020833
0 0.590625 0.114583 0.021875 0.020833
0 0.620313 0.064583 0.015625 0.025000
0 0.618750 0.081250 0.018750 0.016667
0 0.617188 0.106250 0.018750 0.016667
0 0.629687 0.095833 0.018750 0.025000
0 0.653125 0.097917 0.018750 0.020833
0 0.700000 0.116667 0.021875 0.020833
0 0.679688 0.081250 0.018750 0.020833
0 0.703125 0.072917 0.015625 0.029167
0 0.693750 0.075000 0.018750 0.016667
0 0.709375 0.085417 0.021875 0.020833
0 0.715625 0.100000 0.018750 0.025000
0 0.732812 0.106250 0.018750 0.025000
0 0.789062 0.135417 0.018750 0.016667
0 0.787500 0.127083 0.018750 0.025000
0 0.782813 0.104167 0.018750 0.020833
0 0.790625 0.097917 0.018750 0.025000
0 0.768750 0.068750 0.021875 0.016667
0 0.806250 0.089583 0.021875 0.020833
0 0.832812 0.120833 0.025000 0.025000
0 0.839063 0.075000 0.025000 0.016667
0 0.807813 0.066667 0.012500 0.025000
0 0.821875 0.066667 0.012500 0.025000
0 0.837500 0.062500 0.012500 0.025000
0 0.860938 0.058333 0.012500 0.016667
0 0.909375 0.075000 0.018750 0.025000
0 0.876563 0.062500 0.012500 0.020833
0 0.757812 0.089583 0.025000 0.016667
0 0.779687 0.081250 0.025000 0.016667
0 0.923438 0.100000 0.021875 0.016667
0 0.917188 0.118750 0.018750 0.020833
0 0.929688 0.127083 0.012500 0.029167
0 0.940625 0.129167 0.012500 0.020833
0 0.942187 0.114583 0.012500 0.029167
0 0.948438 0.089583 0.021875 0.020833
0 0.998437 0.137500 0.018750 0.020833
0 0.957812 0.072917 0.009375 0.025000
0 0.987500 0.081250 0.018750 0.020833
0 0.996875 0.070833 0.015625 0.025000
0 1.009375 0.093750 0.025000 0.020833
0 1.012500 0.056250 0.015625 0.016667
0 1.015625 0.131250 0.009375 0.025000
0 0.682813 0.091667 0.028125 0.020833