0 0.993750 0.135417 0.018750 0.020833
0 0.995313 0.116667 0.015625 0.025000
0 0.978125 0.116667 0.015625 0.020833
0 1.015625 0.129167 0.018750 0.016667
0 1.012500 0.112500 0.018750 0.020833
0 1.006250 0.097917 0.018750 0.020833
0 0.984375 0.104167 0.021875 0.020833
0 0.981250 0.087500 0.018750 0.020833
0 0.967187 0.070833 0.025000 0.016667
0 0.996875 0.083333 0.015625 0.025000
0 0.964063 0.097917 0.018750 0.020833
0 0.956250 0.114583 0.018750 0.025000
0 0.956250 0.129167 0.018750 0.016667
0 0.943750 0.093750 0.028125 0.016667
0 0.921875 0.104167 0.018750 0.016667
0 0.925000 0.125000 0.025000 0.016667
0 0.900000 0.114583 0.018750 0.020833
0 0.907813 0.097917 0.025000 0.016667
0 0.889062 0.085417 0.018750 0.020833
0 0.871875 0.081250 0.021875 0.020833
0 0.870313 0.091667 0.021875 0.016667
0 0.879687 0.106250 0.021875 0.016667
0 0.879687 0.120833 0.015625 0.016667
0 0.870313 0.131250 0.015625 0.020833
0 0.846875 0.110417 0.021875 0.020833
0 0.826562 0.118750 0.025000 0.016667
0 0.834375 0.093750 0.021875 0.016667
0 0.832812 0.077083 0.021875 0.020833
0 0.807813 0.089583 0.018750 0.025000
0 0.803125 0.102083 0.018750 0.016667
0 0.809375 0.112500 0.025000 0.016667
0 0.789062 0.091667 0.018750 0.025000
0 0.784375 0.066667 0.021875 0.016667
0 0.762500 0.087500 0.018750 0.016667
0 0.762500 0.104167 0.025000 0.016667
0 0.742188 0.100000 0.025000 0.020833
0 0.737500 0.118750 0.025000 0.016667
0 0.715625 0.129167 0.025000 0.020833
0 0.692187 0.091667 0.021875 0.020833
0 0.654687 0.108333 0.025000 0.016667
0 0.639062 0.091667 0.018750 0.025000
0 0.607812 0.085417 0.018750 0.016667
0 0.617188 0.066667 0.021875 0.016667
0 0.579688 0.114583 0.021875 0.020833
0 0.560937 0.079167 0.025000 0.016667
0 0.573438 0.081250 0.018750 0.016667
0 0.431250 0.104167 0.018750 0.025000
0 0.432812 0.052083 0.012500 0.020833
0 0.395313 0.108333 0.021875 0.016667
0 0.371875 0.106250 0.018750 0.016667
0 0.375000 0.089583 0.015625 0.020833
0 0.357812 0.083333 0.021875 0.016667
0 0.354687 0.064583 0.021875 0.020833
0 0.326562 0.106250 0.018750 0.020833
0 0.295312 0.100000 0.018750 0.020833
0 0.234375 0.116667 0.025000 0.020833
0 0.245312 0.100000 0.015625 0.025000
0 0.235937 0.097917 0.018750 0.020833
0 0.223438 0.089583 0.021875 0.016667
0 0.221875 0.079167 0.021875 0.020833
0 0.239063 0.079167 0.025000 0.016667
0 0.184375 0.106250 0.018750 0.020833
0 0.170313 0.087500 0.021875 0.020833
0 0.137500 0.089583 0.018750 0.016667
0 0.134375 0.104167 0.021875 0.016667
0 0.146875 0.120833 0.021875 0.020833
0 0.112500 0.072917 0.021875 0.016667
0 0.101562 0.062500 0.025000 0.020833
0 0.095312 0.077083 0.015625 0.020833
0 0.089063 0.087500 0.012500 0.016667
0 0.076563 0.085417 0.018750 0.020833
0 0.075000 0.102083 0.021875 0.016667
0 0.070312 0.077083 0.018750 0.025000
0 0.062500 0.093750 0.015625 0.020833
0 0.057813 0.106250 0.021875 0.016667
0 0.034375 0.120833 0.015625 0.025000
0 0.015625 0.116667 0.012500 0.025000
0 0.045312 0.093750 0.018750 0.016667
0 0.029687 0.097917 0.018750 0.016667
0 0.028125 0.083333 0.015625 0.020833
0 0.015625 0.081250 0.015625 0.016667
0 0.028125 0.072917 0.015625 0.020833
0 0.048438 0.068750 0.025000 0.033333