0 0.043750 0.050000 0.012500 0.016667
0 0.035937 0.077083 0.021875 0.016667
0 0.015625 0.095833 0.015625 0.025000
0 0.032813 0.097917 0.018750 0.020833
0 0.073438 0.100000 0.025000 0.016667
0 0.084375 0.072917 0.012500 0.025000
0 0.090625 0.089583 0.021875 0.016667
0 0.117188 0.097917 0.025000 0.020833
0 0.139063 0.075000 0.021875 0.020833
0 0.129688 0.089583 0.021875 0.020833
0 0.132812 0.054167 0.025000 0.020833
0 0.159375 0.047917 0.018750 0.016667
0 0.170313 0.056250 0.018750 0.020833
0 0.162500 0.077083 0.018750 0.025000
0 0.150000 0.089583 0.018750 0.016667
0 0.143750 0.106250 0.018750 0.025000
0 0.143750 0.114583 0.025000 0.020833
0 0.157812 0.116667 0.015625 0.025000
0 0.179688 0.125000 0.021875 0.020833
0 0.195312 0.120833 0.021875 0.020833
0 0.217188 0.127083 0.021875 0.020833
0 0.176563 0.112500 0.018750 0.016667
0 0.173437 0.100000 0.018750 0.025000
0 0.192188 0.070833 0.018750 0.020833
0 0.189062 0.079167 0.018750 0.016667
0 0.196875 0.085417 0.021875 0.016667
0 0.215625 0.077083 0.021875 0.016667
0 0.209375 0.087500 0.025000 0.012500
0 0.212500 0.102083 0.021875 0.016667
0 0.240625 0.116667 0.021875 0.016667
0 0.243750 0.097917 0.018750 0.016667
0 0.229687 0.106250 0.018750 0.016667
0 0.228125 0.089583 0.018750 0.012500
0 0.234375 0.087500 0.012500 0.033333
0 0.248438 0.058333 0.018750 0.020833
0 0.260937 0.066667 0.025000 0.016667
0 0.267188 0.095833 0.015625 0.025000
0 0.284375 0.093750 0.021875 0.029167
0 0.264062 0.083333 0.025000 0.016667
0 0.278125 0.112500 0.018750 0.025000
0 0.307812 0.112500 0.018750 0.016667
0 0.298438 0.104167 0.015625 0.020833
0 0.317188 0.089583 0.025000 0.016667
0 0.328125 0.104167 0.018750 0.020833
0 0.342187 0.114583 0.018750 0.020833
0 0.360938 0.106250 0.015625 0.025000
0 0.334375 0.070833 0.018750 0.025000
0 0.314063 0.058333 0.012500 0.025000
0 0.306250 0.050000 0.012500 0.016667
0 0.393750 0.093750 0.018750 0.020833
0 0.406250 0.068750 0.021875 0.016667
0 0.414062 0.083333 0.018750 0.020833
0 0.415625 0.102083 0.018750 0.020833
0 0.434375 0.131250 0.021875 0.016667
0 0.442188 0.127083 0.018750 0.025000
0 0.453125 0.131250 0.018750 0.016667
0 0.460938 0.106250 0.018750 0.020833
0 0.453125 0.093750 0.018750 0.020833
0 0.440625 0.095833 0.018750 0.020833
0 0.445312 0.079167 0.025000 0.016667
0 0.492188 0.066667 0.021875 0.016667
0 0.492188 0.079167 0.018750 0.016667
0 0.496875 0.093750 0.018750 0.016667
0 0.492188 0.106250 0.018750 0.016667
0 0.492188 0.125000 0.018750 0.016667
0 0.518750 0.127083 0.018750 0.016667
0 0.518750 0.112500 0.018750 0.016667
0 0.506250 0.079167 0.012500 0.025000
0 0.525000 0.066667 0.015625 0.020833
0 0.535937 0.066667 0.018750 0.016667
0 0.539062 0.114583 0.018750 0.016667
0 0.557813 0.125000 0.018750 0.016667
0 0.573438 0.120833 0.018750 0.020833
0 0.553125 0.106250 0.018750 0.016667
0 0.567187 0.100000 0.021875 0.016667
0 0.581250 0.108333 0.021875 0.016667
0 0.590625 0.106250 0.015625 0.020833
0 0.576562 0.091667 0.018750 0.020833
0 0.593750 0.089583 0.018750 0.020833
0 0.571875 0.064583 0.012500 0.025000
0 0.593750 0.056250 0.018750 0.016667
0 0.634375 0.118750 0.018750 0.020833
0 0.634375 0.135417 0.012500 0.020833
0 0.642188 0.129167 0.012500 0.016667
0 0.670312 0.108333 0.018750 0.016667
0 0.684375 0.129167 0.012500 0.025000
0 0.698438 0.120833 0.018750 0.025000
0 0.715625 0.114583 0.018750 0.020833
0 0.739062 0.118750 0.021875 0.016667
0 0.692187 0.102083 0.018750 0.016667
0 0.681250 0.093750 0.018750 0.020833
0 0.681250 0.079167 0.021875 0.016667
0 0.701562 0.072917 0.021875 0.020833
0 0.710938 0.062500 0.012500 0.025000
0 0.729688 0.054167 0.018750 0.016667
0 0.745313 0.077083 0.025000 0.016667
0 0.757812 0.062500 0.018750 0.016667
0 0.762500 0.077083 0.015625 0.025000
0 0.742188 0.093750 0.021875 0.016667
0 0.775000 0.104167 0.025000 0.020833
0 0.750000 0.089583 0.012500 0.020833
0 0.767188 0.129167 0.018750 0.016667
0 0.787500 0.135417 0.018750 0.025000
0 0.817187 0.135417 0.018750 0.016667
0 0.812500 0.127083 0.025000 0.020833
0 0.796875 0.112500 0.025000 0.016667
0 0.798438 0.100000 0.025000 0.020833
0 0.837500 0.093750 0.025000 0.020833
0 0.845313 0.064583 0.018750 0.016667
0 0.853125 0.058333 0.018750 0.020833
0 0.854688 0.108333 0.025000 0.020833
0 0.843750 0.110417 0.015625 0.025000
0 0.845313 0.133333 0.018750 0.025000
0 0.875000 0.133333 0.018750 0.025000
0 0.904687 0.135417 0.012500 0.016667
0 0.900000 0.064583 0.012500 0.020833
0 0.946875 0.108333 0.025000 0.020833
0 0.926562 0.116667 0.012500 0.020833
0 0.946875 0.133333 0.012500 0.016667
0 0.981250 0.137500 0.015625 0.020833
0 0.978125 0.095833 0.018750 0.033333
0 0.979688 0.070833 0.021875 0.020833
0 0.973437 0.056250 0.012500 0.016667
0 1.020312 0.137500 0.021875 0.033333
0 0.885938 0.106250 0.015625 0.033333