0 0.014063 0.064583 0.012500 0.025000
0 0.026562 0.064583 0.018750 0.020833
0 0.032813 0.070833 0.018750 0.016667
0 0.046875 0.064583 0.018750 0.020833
0 0.012500 0.081250 0.018750 0.025000
0 0.067187 0.112500 0.018750 0.020833
0 0.098437 0.104167 0.018750 0.020833
0 0.125000 0.089583 0.018750 0.025000
0 0.167187 0.085417 0.018750 0.020833
0 0.176563 0.066667 0.021875 0.020833
0 0.642188 0.072917 0.018750 0.020833
0 0.115625 0.104167 0.018750 0.020833
0 0.796875 0.135417 0.018750 0.020833
0 0.903125 0.097917 0.015625 0.025000
0 0.996875 0.060417 0.018750 0.020833
0 1.020312 0.091667 0.018750 0.020833
0 1.007812 0.137500 0.018750 0.020833