0 0.043750 0.050000 0.018750 0.016667
0 0.034375 0.079167 0.021875 0.016667
0 0.067187 0.060417 0.021875 0.016667
0 0.093750 0.047917 0.021875 0.016667
0 0.087500 0.083333 0.021875 0.029167
0 0.085938 0.097917 0.021875 0.020833
0 0.056250 0.100000 0.018750 0.020833
0 0.143750 0.102083 0.025000 0.020833
0 0.146875 0.087500 0.025000 0.020833
0 0.184375 0.072917 0.021875 0.020833
0 0.203125 0.087500 0.015625 0.029167
0 0.182812 0.087500 0.025000 0.016667
0 0.190625 0.104167 0.015625 0.029167
0 0.173437 0.129167 0.018750 0.020833
0 0.195312 0.131250 0.021875 0.020833
0 0.250000 0.104167 0.021875 0.016667
0 0.251563 0.095833 0.015625 0.025000
0 0.246875 0.070833 0.018750 0.016667
0 0.253125 0.070833 0.018750 0.025000
0 0.260937 0.047917 0.018750 0.016667
0 0.273438 0.075000 0.021875 0.016667
0 0.290625 0.108333 0.021875 0.016667
0 0.282813 0.097917 0.012500 0.025000
0 0.279687 0.085417 0.018750 0.016667
0 0.298438 0.070833 0.021875 0.016667
0 0.293750 0.097917 0.012500 0.016667
0 0.314063 0.097917 0.025000 0.016667
0 0.315625 0.122917 0.012500 0.025000
0 0.326562 0.131250 0.021875 0.020833
0 0.339062 0.106250 0.012500 0.025000
0 0.323437 0.091667 0.018750 0.020833
0 0.318750 0.072917 0.021875 0.016667
0 0.318750 0.058333 0.021875 0.020833
0 0.332813 0.060417 0.015625 0.025000
0 0.340625 0.066667 0.012500 0.020833
0 0.334375 0.077083 0.018750 0.016667
0 0.382812 0.060417 0.021875 0.020833
0 0.367188 0.064583 0.021875 0.016667
0 0.367188 0.083333 0.018750 0.020833
0 0.368750 0.093750 0.018750 0.016667
0 0.371875 0.112500 0.025000 0.016667
0 0.362500 0.104167 0.012500 0.016667
0 0.362500 0.127083 0.009375 0.020833
0 0.359375 0.131250 0.018750 0.020833
0 0.381250 0.118750 0.018750 0.016667
0 0.390625 0.108333 0.015625 0.020833
0 0.396875 0.127083 0.018750 0.016667
0 0.406250 0.120833 0.018750 0.016667
0 0.410938 0.112500 0.018750 0.016667
0 0.385937 0.072917 0.018750 0.016667
0 0.412500 0.068750 0.018750 0.020833
0 0.403125 0.091667 0.018750 0.025000
0 0.429688 0.106250 0.018750 0.020833
0 0.407813 0.081250 0.012500 0.016667
0 0.395313 0.072917 0.012500 0.020833
0 0.446875 0.129167 0.012500 0.012500
0 0.460938 0.131250 0.015625 0.020833
0 0.451562 0.118750 0.018750 0.016667
0 0.440625 0.120833 0.015625 0.020833
0 0.437500 0.091667 0.012500 0.025000
0 0.457813 0.091667 0.018750 0.016667
0 0.468750 0.104167 0.018750 0.020833
0 0.479687 0.095833 0.018750 0.016667
0 0.492188 0.131250 0.021875 0.020833
0 0.506250 0.129167 0.018750 0.020833
0 0.523438 0.133333 0.018750 0.016667
0 0.520312 0.120833 0.021875 0.020833
0 0.537500 0.122917 0.021875 0.020833
0 0.528125 0.108333 0.015625 0.020833
0 0.517188 0.102083 0.018750 0.020833
0 0.487500 0.077083 0.012500 0.020833
0 0.465625 0.070833 0.012500 0.012500
0 0.453125 0.068750 0.009375 0.020833
0 0.454688 0.050000 0.018750 0.012500
0 0.468750 0.060417 0.012500 0.025000
0 0.503125 0.056250 0.012500 0.016667
0 0.528125 0.066667 0.018750 0.016667
0 0.540625 0.093750 0.009375 0.025000
0 0.548438 0.104167 0.009375 0.025000
0 0.554688 0.120833 0.018750 0.016667
0 0.575000 0.108333 0.018750 0.012500
0 0.551562 0.085417 0.012500 0.025000
0 0.565625 0.077083 0.018750 0.020833
0 0.567187 0.062500 0.018750 0.020833
0 0.603125 0.125000 0.018750 0.016667
0 0.590625 0.085417 0.018750 0.016667
0 0.603125 0.112500 0.015625 0.025000
0 0.571875 0.093750 0.012500 0.020833
0 0.567187 0.104167 0.018750 0.025000
0 0.490625 0.106250 0.018750 0.016667
0 0.510938 0.085417 0.018750 0.016667
0 0.510938 0.079167 0.012500 0.029167
0 0.623437 0.114583 0.012500 0.025000
0 0.642188 0.112500 0.021875 0.016667
0 0.640625 0.095833 0.021875 0.016667
0 0.631250 0.083333 0.015625 0.025000
0 0.650000 0.054167 0.015625 0.016667
0 0.651563 0.077083 0.018750 0.025000
0 0.651563 0.097917 0.012500 0.025000
0 0.668750 0.100000 0.018750 0.020833
0 0.679688 0.097917 0.015625 0.025000
0 0.668750 0.079167 0.015625 0.016667
0 0.675000 0.068750 0.018750 0.020833
0 0.704688 0.085417 0.018750 0.020833
0 0.700000 0.118750 0.018750 0.016667
0 0.700000 0.133333 0.018750 0.016667
0 0.721875 0.127083 0.021875 0.012500
0 0.715625 0.116667 0.018750 0.016667
0 0.703125 0.106250 0.018750 0.020833
0 0.721875 0.102083 0.021875 0.016667
0 0.740625 0.120833 0.015625 0.037500
0 0.751563 0.089583 0.025000 0.025000
0 0.732812 0.083333 0.018750 0.020833
0 0.785937 0.104167 0.021875 0.020833
0 0.810937 0.114583 0.021875 0.029167
0 0.842187 0.125000 0.025000 0.025000
0 0.854688 0.100000 0.021875 0.016667
0 0.860938 0.083333 0.028125 0.020833
0 0.914062 0.106250 0.025000 0.025000
0 0.965625 0.131250 0.021875 0.020833
0 1.009375 0.131250 0.018750 0.020833
0 1.004687 0.062500 0.021875 0.020833
0 0.828125 0.083333 0.012500 0.025000