0 0.075000 0.054167 0.018750 0.025000
0 0.025000 0.085417 0.025000 0.029167
0 0.025000 0.100000 0.025000 0.025000
0 0.117188 0.079167 0.025000 0.020833
0 0.079687 0.127083 0.025000 0.016667
0 0.104688 0.129167 0.025000 0.020833
0 0.171875 0.093750 0.021875 0.020833
0 0.314063 0.127083 0.021875 0.020833
0 0.379688 0.129167 0.021875 0.020833
0 0.409375 0.083333 0.018750 0.029167
0 0.543750 0.052083 0.015625 0.020833
0 0.828125 0.068750 0.021875 0.029167
0 0.771875 0.100000 0.021875 0.025000
0 0.815625 0.137500 0.015625 0.020833
0 0.840625 0.139583 0.018750 0.025000
0 0.900000 0.108333 0.015625 0.025000
0 0.984375 0.058333 0.021875 0.020833
0 0.960938 0.135417 0.021875 0.020833
0 0.989062 0.137500 0.021875 0.020833