0 1.009375 0.131250 0.018750 0.016667
0 1.004687 0.104167 0.021875 0.020833
0 1.010938 0.085417 0.018750 0.020833
0 0.967187 0.066667 0.015625 0.025000
0 0.979688 0.085417 0.021875 0.020833
0 0.959375 0.087500 0.012500 0.029167
0 0.953125 0.093750 0.018750 0.029167
0 0.956250 0.125000 0.025000 0.020833
0 0.945312 0.116667 0.025000 0.016667
0 0.929688 0.108333 0.025000 0.020833
0 0.910937 0.072917 0.015625 0.025000
0 0.896875 0.089583 0.021875 0.020833
0 0.907813 0.097917 0.021875 0.016667
0 0.889062 0.106250 0.018750 0.020833
0 0.898438 0.114583 0.025000 0.016667
0 0.892188 0.135417 0.018750 0.016667
0 0.875000 0.127083 0.028125 0.020833
0 0.856250 0.114583 0.025000 0.020833
0 0.843750 0.102083 0.021875 0.016667
0 0.843750 0.075000 0.018750 0.020833
0 0.826562 0.091667 0.025000 0.020833
0 0.810937 0.106250 0.018750 0.025000
0 0.801562 0.133333 0.015625 0.016667
0 0.789062 0.070833 0.021875 0.020833
0 0.790625 0.095833 0.018750 0.016667
0 0.784375 0.120833 0.021875 0.020833
0 0.784375 0.133333 0.021875 0.016667
0 0.768750 0.102083 0.025000 0.020833
0 0.771875 0.089583 0.018750 0.025000
0 0.751563 0.085417 0.025000 0.020833
0 0.717187 0.058333 0.012500 0.016667
0 0.704688 0.058333 0.015625 0.016667
0 0.732812 0.112500 0.025000 0.016667
0 0.710938 0.104167 0.018750 0.020833
0 0.718750 0.089583 0.021875 0.016667
0 0.693750 0.093750 0.018750 0.016667
0 0.684375 0.106250 0.021875 0.016667
0 0.662500 0.116667 0.021875 0.016667
0 0.662500 0.064583 0.015625 0.025000
0 0.626563 0.056250 0.021875 0.016667
0 0.628125 0.070833 0.018750 0.020833
0 0.646875 0.083333 0.018750 0.020833
0 0.639062 0.104167 0.018750 0.020833
0 0.640625 0.120833 0.018750 0.029167
0 0.628125 0.127083 0.021875 0.020833
0 0.621875 0.106250 0.018750 0.016667
0 0.610938 0.091667 0.015625 0.020833
0 0.615625 0.077083 0.015625 0.020833
0 0.606250 0.075000 0.018750 0.016667
0 0.603125 0.125000 0.021875 0.016667
0 0.589063 0.104167 0.018750 0.016667
0 0.589063 0.120833 0.021875 0.020833
0 0.570312 0.133333 0.018750 0.020833
0 0.556250 0.118750 0.021875 0.020833
0 0.571875 0.087500 0.021875 0.020833
0 0.551562 0.110417 0.012500 0.025000
0 0.551562 0.093750 0.018750 0.016667
0 0.546875 0.077083 0.018750 0.020833
0 0.526563 0.104167 0.018750 0.020833
0 0.517188 0.114583 0.021875 0.016667
0 0.498437 0.089583 0.018750 0.016667
0 0.482812 0.131250 0.015625 0.016667
0 0.479687 0.114583 0.012500 0.025000
0 0.489063 0.095833 0.018750 0.016667
0 0.471875 0.102083 0.018750 0.016667
0 0.475000 0.083333 0.021875 0.016667
0 0.489063 0.066667 0.012500 0.025000
0 0.465625 0.068750 0.021875 0.020833
0 0.454688 0.077083 0.018750 0.016667
0 0.450000 0.050000 0.018750 0.012500
0 0.432812 0.125000 0.018750 0.016667
0 0.421875 0.112500 0.018750 0.016667
0 0.420312 0.102083 0.018750 0.016667
0 0.412500 0.091667 0.018750 0.016667
0 0.406250 0.066667 0.018750 0.016667
0 0.395313 0.060417 0.015625 0.020833
0 0.406250 0.127083 0.018750 0.020833
0 0.398438 0.110417 0.012500 0.025000
0 0.389062 0.120833 0.015625 0.020833
0 0.371875 0.127083 0.021875 0.020833
0 0.384375 0.102083 0.018750 0.016667
0 0.393750 0.087500 0.018750 0.016667
0 0.382812 0.087500 0.018750 0.020833
0 0.364063 0.081250 0.018750 0.020833
0 0.353125 0.108333 0.018750 0.016667
0 0.331250 0.116667 0.012500 0.025000
0 0.346875 0.095833 0.018750 0.016667
0 0.342187 0.081250 0.018750 0.016667
0 0.331250 0.100000 0.018750 0.025000
0 0.317188 0.087500 0.021875 0.016667
0 0.321875 0.079167 0.015625 0.025000
0 0.314063 0.122917 0.012500 0.025000
0 0.301563 0.068750 0.021875 0.020833
0 0.296875 0.125000 0.021875 0.020833
0 0.259375 0.120833 0.021875 0.020833
0 0.268750 0.087500 0.015625 0.029167
0 0.256250 0.064583 0.025000 0.016667
0 0.237500 0.050000 0.021875 0.016667
0 0.232813 0.079167 0.018750 0.020833
0 0.250000 0.089583 0.021875 0.020833
0 0.259375 0.075000 0.025000 0.020833
0 0.259375 0.102083 0.015625 0.029167
0 0.281250 0.102083 0.025000 0.025000
0 0.279687 0.125000 0.028125 0.025000
0 0.248438 0.110417 0.015625 0.029167
0 0.242188 0.093750 0.025000 0.020833
0 0.237500 0.120833 0.025000 0.016667
0 0.221875 0.129167 0.025000 0.020833
0 0.228125 0.114583 0.021875 0.020833
0 0.209375 0.106250 0.025000 0.016667
0 0.209375 0.079167 0.021875 0.029167
0 0.210938 0.056250 0.028125 0.016667
0 0.195312 0.081250 0.021875 0.020833
0 0.171875 0.079167 0.012500 0.033333
0 0.170313 0.056250 0.018750 0.020833
0 0.159375 0.050000 0.021875 0.016667
0 0.162500 0.081250 0.015625 0.025000
0 0.165625 0.089583 0.021875 0.016667
0 0.160938 0.102083 0.025000 0.016667
0 0.165625 0.116667 0.021875 0.020833
0 0.146875 0.114583 0.021875 0.020833
0 0.140625 0.095833 0.025000 0.020833
0 0.154688 0.075000 0.025000 0.016667
0 0.128125 0.066667 0.025000 0.020833
0 0.092188 0.104167 0.021875 0.029167
0 0.032813 0.129167 0.015625 0.020833
0 0.018750 0.093750 0.018750 0.025000