0 0.296094 0.135417 0.060937 0.079167
0 0.118750 0.277083 0.062500 0.083333
0 0.146875 0.779167 0.062500 0.079167
0 0.062500 0.870833 0.062500 0.070833
0 0.220312 0.660417 0.062500 0.066667
0 0.326562 0.563542 0.056250 0.081250
0 0.417187 0.503125 0.040625 0.077083
0 0.468750 0.600000 0.062500 0.054167
0 0.380469 0.763542 0.042188 0.081250
0 0.460156 0.756250 0.048438 0.083333
0 0.310156 0.914583 0.045312 0.083333
0 0.401562 0.819792 0.034375 0.056250
0 0.387500 0.921875 0.062500 0.064583
0 0.622656 0.831250 0.051562 0.100000
0 0.787500 0.905208 0.053125 0.060417
0 0.775781 0.782292 0.042188 0.064583
0 0.810156 0.569792 0.039062 0.081250
0 0.939844 0.568750 0.045312 0.066667
0 0.858594 0.520833 0.042188 0.091667
0 0.626563 0.504167 0.031250 0.041667
0 0.044531 0.650000 0.051562 0.041667
0 0.703125 0.050000 0.062500 0.050000
0 0.803906 0.057292 0.039062 0.064583