0 0.021875 0.050000 0.015625 0.016667
0 0.046875 0.047917 0.018750 0.016667
0 0.070312 0.064583 0.025000 0.020833
0 0.042188 0.075000 0.021875 0.016667
0 0.026562 0.127083 0.021875 0.020833
0 0.078125 0.085417 0.021875 0.020833
0 0.092188 0.112500 0.025000 0.020833
0 0.112500 0.102083 0.021875 0.020833
0 0.118750 0.118750 0.021875 0.020833
0 0.132812 0.095833 0.012500 0.033333
0 0.156250 0.079167 0.025000 0.029167
0 0.165625 0.083333 0.018750 0.020833
0 0.176563 0.054167 0.025000 0.020833
0 0.184375 0.089583 0.021875 0.016667
0 0.201563 0.079167 0.025000 0.016667
0 0.217188 0.072917 0.021875 0.020833
0 0.214062 0.095833 0.021875 0.016667
0 0.215625 0.108333 0.018750 0.016667
0 0.242188 0.116667 0.025000 0.020833
0 0.248438 0.102083 0.025000 0.020833
0 0.270313 0.133333 0.025000 0.025000
0 0.295312 0.129167 0.018750 0.016667
0 0.304688 0.118750 0.018750 0.016667
0 0.268750 0.093750 0.018750 0.025000
0 0.270313 0.054167 0.012500 0.020833
0 0.306250 0.050000 0.021875 0.016667
0 0.318750 0.110417 0.015625 0.029167
0 0.325000 0.125000 0.018750 0.025000
0 0.337500 0.122917 0.015625 0.025000
0 0.346875 0.104167 0.018750 0.033333
0 0.342187 0.054167 0.018750 0.016667
0 0.310937 0.070833 0.012500 0.025000
0 0.356250 0.087500 0.012500 0.025000
0 0.364063 0.064583 0.018750 0.025000
0 0.385937 0.060417 0.018750 0.020833
0 0.375000 0.072917 0.018750 0.025000
0 0.375000 0.089583 0.018750 0.025000
0 0.365625 0.118750 0.021875 0.020833
0 0.387500 0.091667 0.012500 0.025000
0 0.395313 0.077083 0.018750 0.020833
0 0.398438 0.064583 0.018750 0.020833
0 0.425000 0.075000 0.018750 0.016667
0 0.421875 0.102083 0.015625 0.029167
0 0.435937 0.102083 0.025000 0.016667
0 0.421875 0.122917 0.015625 0.025000
0 0.429688 0.131250 0.021875 0.016667
0 0.453125 0.070833 0.012500 0.025000
0 0.495312 0.131250 0.018750 0.020833
0 0.518750 0.129167 0.018750 0.020833
0 0.520312 0.106250 0.021875 0.016667
0 0.512500 0.072917 0.012500 0.029167
0 0.528125 0.097917 0.028125 0.020833
0 0.539062 0.058333 0.012500 0.016667
0 0.539062 0.116667 0.012500 0.025000
0 0.545312 0.129167 0.021875 0.020833
0 0.562500 0.133333 0.018750 0.016667
0 0.575000 0.104167 0.021875 0.020833
0 0.625000 0.135417 0.018750 0.020833
0 0.567187 0.118750 0.012500 0.025000
0 0.698438 0.114583 0.018750 0.025000
0 0.709375 0.104167 0.015625 0.033333
0 0.706250 0.135417 0.015625 0.025000
0 0.721875 0.129167 0.021875 0.025000
0 0.750000 0.118750 0.021875 0.020833
0 0.748437 0.133333 0.021875 0.016667
0 0.771875 0.056250 0.021875 0.016667
0 0.678125 0.122917 0.018750 0.025000
0 0.807813 0.100000 0.021875 0.020833
0 0.828125 0.114583 0.021875 0.020833
0 0.850000 0.125000 0.025000 0.020833
0 0.820312 0.083333 0.025000 0.020833
0 0.804688 0.075000 0.021875 0.020833
0 0.818750 0.056250 0.018750 0.016667
0 0.787500 0.068750 0.015625 0.025000
0 0.882812 0.062500 0.021875 0.020833
0 0.887500 0.114583 0.025000 0.020833
0 0.914062 0.114583 0.025000 0.020833
0 0.978125 0.137500 0.021875 0.025000
0 0.670312 0.070833 0.018750 0.016667
0 0.615625 0.089583 0.018750 0.016667
0 0.596875 0.127083 0.021875 0.016667
0 0.959375 0.093750 0.018750 0.016667
0 0.931250 0.112500 0.021875 0.016667