0 1.012500 0.135417 0.028125 0.029167
0 1.017187 0.116667 0.018750 0.025000
0 0.995313 0.106250 0.018750 0.025000
0 0.973437 0.112500 0.021875 0.016667
0 0.985938 0.079167 0.021875 0.029167
0 0.951562 0.106250 0.018750 0.020833
0 0.964063 0.064583 0.015625 0.020833
0 0.937500 0.058333 0.021875 0.020833
0 0.917188 0.093750 0.012500 0.025000
0 0.920312 0.110417 0.025000 0.029167
0 0.889062 0.104167 0.018750 0.020833
0 0.881250 0.133333 0.015625 0.025000
0 0.867188 0.116667 0.018750 0.029167
0 0.864062 0.089583 0.025000 0.016667
0 0.846875 0.110417 0.021875 0.016667
0 0.832812 0.102083 0.015625 0.029167
0 0.806250 0.066667 0.018750 0.020833
0 0.815625 0.110417 0.021875 0.020833
0 0.798438 0.114583 0.018750 0.020833
0 0.803125 0.135417 0.018750 0.016667
0 0.771875 0.131250 0.018750 0.025000
0 0.762500 0.133333 0.021875 0.016667
0 0.781250 0.112500 0.025000 0.016667
0 0.770312 0.100000 0.018750 0.025000
0 0.760938 0.075000 0.025000 0.016667
0 0.745313 0.110417 0.018750 0.016667
0 0.721875 0.116667 0.018750 0.016667
0 0.723437 0.066667 0.018750 0.016667
0 0.707812 0.083333 0.015625 0.025000
0 0.728125 0.100000 0.018750 0.016667
0 0.714063 0.091667 0.018750 0.016667
0 0.706250 0.106250 0.018750 0.020833
0 0.689063 0.091667 0.012500 0.033333
0 0.689063 0.114583 0.015625 0.033333
0 0.673438 0.120833 0.012500 0.025000
0 0.676562 0.135417 0.018750 0.016667
0 0.664062 0.133333 0.015625 0.025000
0 0.643750 0.116667 0.018750 0.025000
0 0.646875 0.091667 0.021875 0.020833
0 0.657813 0.083333 0.018750 0.016667
0 0.604688 0.075000 0.018750 0.020833
0 0.617188 0.118750 0.018750 0.020833
0 0.604688 0.106250 0.018750 0.016667
0 0.584375 0.095833 0.015625 0.025000
0 0.557813 0.081250 0.018750 0.016667
0 0.557813 0.108333 0.018750 0.020833
0 0.565625 0.120833 0.018750 0.016667
0 0.535937 0.110417 0.018750 0.016667
0 0.535937 0.129167 0.015625 0.020833
0 0.525000 0.125000 0.018750 0.016667
0 0.512500 0.095833 0.015625 0.029167
0 0.496875 0.091667 0.018750 0.020833
0 0.493750 0.077083 0.021875 0.016667
0 0.482812 0.072917 0.021875 0.016667
0 0.476562 0.114583 0.018750 0.025000
0 0.471875 0.093750 0.018750 0.016667
0 0.456250 0.089583 0.018750 0.020833
0 0.456250 0.114583 0.018750 0.020833
0 0.450000 0.125000 0.018750 0.020833
0 0.451562 0.100000 0.021875 0.016667
0 0.434375 0.120833 0.012500 0.025000
0 0.426563 0.108333 0.021875 0.016667
0 0.426563 0.093750 0.021875 0.016667
0 0.415625 0.085417 0.021875 0.016667
0 0.426563 0.070833 0.028125 0.020833
0 0.389062 0.056250 0.021875 0.016667
0 0.401562 0.118750 0.025000 0.016667
0 0.381250 0.129167 0.021875 0.016667
0 0.389062 0.116667 0.025000 0.020833
0 0.379688 0.097917 0.021875 0.020833
0 0.370312 0.085417 0.021875 0.016667
0 0.359375 0.072917 0.025000 0.020833
0 0.348438 0.079167 0.021875 0.016667
0 0.342187 0.100000 0.018750 0.020833
0 0.326562 0.085417 0.015625 0.020833
0 0.317188 0.093750 0.018750 0.020833
0 0.309375 0.100000 0.021875 0.016667
0 0.300000 0.108333 0.021875 0.016667
0 0.307812 0.118750 0.021875 0.016667
0 0.304688 0.129167 0.018750 0.016667
0 0.300000 0.087500 0.015625 0.025000
0 0.287500 0.077083 0.015625 0.025000
0 0.281250 0.066667 0.015625 0.025000
0 0.273438 0.083333 0.018750 0.016667
0 0.251563 0.127083 0.018750 0.020833
0 0.235937 0.108333 0.018750 0.020833
0 0.243750 0.083333 0.018750 0.016667
0 0.245312 0.070833 0.018750 0.016667
0 0.231250 0.064583 0.025000 0.020833
0 0.220312 0.079167 0.018750 0.016667
0 0.221875 0.095833 0.018750 0.020833
0 0.212500 0.114583 0.018750 0.020833
0 0.201563 0.102083 0.025000 0.016667
0 0.198437 0.087500 0.021875 0.016667
0 0.193750 0.075000 0.021875 0.016667
0 0.184375 0.052083 0.018750 0.016667
0 0.178125 0.070833 0.021875 0.020833
0 0.173437 0.079167 0.018750 0.016667
0 0.179688 0.095833 0.018750 0.020833
0 0.182812 0.125000 0.015625 0.033333
0 0.168750 0.112500 0.018750 0.016667
0 0.154688 0.129167 0.018750 0.016667
0 0.159375 0.089583 0.018750 0.016667
0 0.143750 0.095833 0.018750 0.029167
0 0.160938 0.070833 0.021875 0.020833
0 0.129688 0.066667 0.018750 0.016667
0 0.112500 0.081250 0.018750 0.025000
0 0.110937 0.106250 0.018750 0.025000
0 0.101562 0.089583 0.025000 0.016667
0 0.101562 0.112500 0.025000 0.020833
0 0.076563 0.087500 0.025000 0.029167
0 0.051562 0.087500 0.025000 0.020833
0 0.054688 0.068750 0.025000 0.020833
0 0.043750 0.047917 0.015625 0.016667
0 0.039062 0.116667 0.021875 0.025000