0 0.060937 0.272917 0.062500 0.083333
0 0.307812 0.189583 0.062500 0.083333
0 0.582812 0.150000 0.062500 0.083333
0 0.835938 0.134375 0.062500 0.064583
0 0.920312 0.066667 0.046875 0.058333
0 0.992188 0.329167 0.050000 0.075000
0 0.767969 0.522917 0.048438 0.083333
0 0.739062 0.570833 0.034375 0.083333
0 0.445312 0.490625 0.037500 0.081250
0 0.431250 0.543750 0.053125 0.054167
0 0.211719 0.609375 0.057813 0.072917
0 0.254688 0.605208 0.050000 0.047917
0 0.331250 0.707292 0.056250 0.077083
0 0.431250 0.760417 0.034375 0.075000
0 0.235937 0.796875 0.053125 0.052083
0 0.130469 0.836458 0.051562 0.068750
0 0.185156 0.903125 0.054688 0.077083
0 0.395313 0.944792 0.037500 0.081250
0 0.464062 0.832292 0.046875 0.081250
0 0.702344 0.737500 0.051562 0.050000
0 0.694531 0.819792 0.039062 0.077083
0 0.620313 0.907292 0.053125 0.052083
0 0.842969 0.646875 0.039062 0.056250
0 0.804688 0.661458 0.062500 0.047917
0 0.940625 0.667708 0.046875 0.072917