0 1.014063 0.060417 0.018750 0.012500
0 1.010938 0.091667 0.012500 0.025000
0 1.017187 0.100000 0.018750 0.012500
0 1.015625 0.112500 0.018750 0.016667
0 1.014063 0.129167 0.012500 0.025000
0 1.007812 0.135417 0.009375 0.016667
0 0.995313 0.112500 0.018750 0.012500
0 0.998437 0.102083 0.018750 0.016667
0 1.000000 0.093750 0.018750 0.025000
0 0.985938 0.077083 0.015625 0.016667
0 0.985938 0.060417 0.012500 0.016667
0 0.979688 0.093750 0.015625 0.025000
0 0.965625 0.102083 0.018750 0.016667
0 0.968750 0.118750 0.025000 0.016667
0 0.965625 0.133333 0.018750 0.020833
0 0.948438 0.133333 0.018750 0.025000
0 0.932813 0.135417 0.012500 0.016667
0 0.956250 0.075000 0.025000 0.016667
0 0.953125 0.089583 0.018750 0.016667
0 0.939063 0.095833 0.015625 0.029167
0 0.928125 0.097917 0.012500 0.033333
0 0.929688 0.106250 0.021875 0.020833
0 0.910937 0.116667 0.018750 0.025000
0 0.915625 0.085417 0.018750 0.029167
0 0.918750 0.064583 0.025000 0.020833
0 0.884375 0.112500 0.025000 0.020833
0 0.873437 0.135417 0.015625 0.016667
0 0.862500 0.097917 0.025000 0.016667
0 0.810937 0.095833 0.025000 0.020833
0 0.801562 0.116667 0.025000 0.020833
0 0.767188 0.112500 0.025000 0.020833
0 0.787500 0.075000 0.025000 0.020833
0 0.734375 0.097917 0.021875 0.020833
0 0.623437 0.104167 0.021875 0.020833
0 0.607812 0.097917 0.025000 0.020833
0 0.584375 0.120833 0.021875 0.020833
0 0.560937 0.064583 0.025000 0.020833
0 0.367188 0.116667 0.018750 0.020833
0 0.357812 0.100000 0.018750 0.020833
0 0.289062 0.104167 0.021875 0.020833
0 0.268750 0.052083 0.018750 0.020833
0 0.220312 0.106250 0.018750 0.025000
0 0.220312 0.089583 0.018750 0.020833
0 0.195312 0.114583 0.018750 0.025000
0 0.176563 0.087500 0.021875 0.025000
0 0.134375 0.091667 0.018750 0.020833
0 0.140625 0.104167 0.021875 0.016667
0 0.110937 0.062500 0.018750 0.025000
0 0.110937 0.077083 0.018750 0.025000
0 0.120313 0.112500 0.018750 0.016667
0 0.115625 0.125000 0.018750 0.020833
0 0.095312 0.127083 0.018750 0.020833
0 0.084375 0.110417 0.018750 0.020833
0 0.071875 0.083333 0.018750 0.020833
0 0.073438 0.064583 0.018750 0.020833
0 0.056250 0.075000 0.018750 0.020833
0 0.060937 0.097917 0.021875 0.020833
0 0.054688 0.118750 0.018750 0.020833
0 0.028125 0.118750 0.021875 0.020833
0 0.046875 0.106250 0.018750 0.016667
0 0.039062 0.081250 0.021875 0.020833
0 0.028125 0.075000 0.018750 0.025000
0 0.017188 0.081250 0.018750 0.020833
0 0.014063 0.050000 0.015625 0.016667