0 1.010938 0.129167 0.021875 0.025000
0 1.007812 0.083333 0.018750 0.025000
0 0.981250 0.110417 0.025000 0.029167
0 0.946875 0.133333 0.012500 0.029167
0 0.910937 0.062500 0.028125 0.016667
0 0.901563 0.081250 0.028125 0.020833
0 0.895312 0.110417 0.025000 0.020833
0 0.864062 0.106250 0.025000 0.020833
0 0.828125 0.066667 0.025000 0.020833
0 0.821875 0.085417 0.018750 0.025000
0 0.820312 0.097917 0.021875 0.020833
0 0.835938 0.114583 0.025000 0.020833
0 0.807813 0.120833 0.021875 0.020833
0 0.796875 0.104167 0.021875 0.020833
0 0.798438 0.135417 0.021875 0.025000
0 0.776563 0.125000 0.018750 0.025000
0 0.768750 0.116667 0.015625 0.025000
0 0.768750 0.095833 0.021875 0.020833
0 0.734375 0.110417 0.021875 0.020833
0 0.734375 0.125000 0.021875 0.020833
0 0.710938 0.068750 0.021875 0.020833
0 0.695312 0.056250 0.021875 0.020833
0 0.695312 0.070833 0.018750 0.020833
0 0.692187 0.097917 0.015625 0.029167
0 0.695312 0.114583 0.021875 0.020833
0 0.690625 0.129167 0.018750 0.025000
0 0.675000 0.122917 0.018750 0.016667
0 0.667188 0.108333 0.025000 0.016667
0 0.603125 0.060417 0.025000 0.016667
0 0.621875 0.133333 0.018750 0.016667
0 0.556250 0.131250 0.018750 0.016667
0 0.540625 0.127083 0.018750 0.025000
0 0.542188 0.108333 0.021875 0.020833
0 0.548438 0.095833 0.018750 0.029167
0 0.537500 0.056250 0.015625 0.020833
0 0.523438 0.068750 0.018750 0.025000
0 0.515625 0.087500 0.018750 0.025000
0 0.523438 0.104167 0.021875 0.020833
0 0.521875 0.122917 0.025000 0.020833
0 0.503125 0.093750 0.021875 0.020833
0 0.500000 0.072917 0.025000 0.016667
0 0.501563 0.058333 0.015625 0.020833
0 0.456250 0.087500 0.012500 0.025000
0 0.453125 0.129167 0.018750 0.025000
0 0.439063 0.104167 0.018750 0.016667
0 0.435937 0.091667 0.018750 0.016667
0 0.423438 0.066667 0.018750 0.025000
0 0.393750 0.054167 0.021875 0.016667
0 0.414062 0.125000 0.012500 0.025000
0 0.404687 0.110417 0.025000 0.016667
0 0.400000 0.127083 0.025000 0.020833
0 0.376563 0.087500 0.015625 0.025000
0 0.362500 0.058333 0.018750 0.020833
0 0.376563 0.070833 0.018750 0.025000
0 0.350000 0.097917 0.018750 0.025000
0 0.365625 0.114583 0.018750 0.025000
0 0.328125 0.127083 0.021875 0.016667
0 0.325000 0.102083 0.018750 0.020833
0 0.337500 0.110417 0.018750 0.020833
0 0.342187 0.077083 0.025000 0.025000
0 0.337500 0.087500 0.018750 0.020833
0 0.315625 0.054167 0.018750 0.020833
0 0.295312 0.070833 0.018750 0.025000
0 0.295312 0.085417 0.018750 0.025000
0 0.296875 0.116667 0.021875 0.020833
0 0.293750 0.129167 0.021875 0.016667
0 0.273438 0.112500 0.018750 0.020833
0 0.282813 0.122917 0.018750 0.016667
0 0.281250 0.093750 0.025000 0.016667
0 0.265625 0.127083 0.021875 0.016667
0 0.228125 0.127083 0.018750 0.016667
0 0.256250 0.095833 0.025000 0.016667
0 0.260937 0.068750 0.025000 0.020833
0 0.245312 0.056250 0.025000 0.020833
0 0.210938 0.056250 0.021875 0.020833
0 0.215625 0.079167 0.021875 0.016667
0 0.200000 0.100000 0.018750 0.037500
0 0.195312 0.114583 0.025000 0.016667
0 0.173437 0.097917 0.021875 0.016667
0 0.182812 0.062500 0.021875 0.020833
0 0.159375 0.083333 0.021875 0.029167
0 0.142187 0.052083 0.028125 0.020833
0 0.125000 0.066667 0.025000 0.016667
0 0.123438 0.097917 0.021875 0.020833
0 0.146875 0.112500 0.025000 0.029167
0 0.087500 0.127083 0.025000 0.020833
0 0.035937 0.085417 0.025000 0.029167
0 0.037500 0.052083 0.015625 0.025000
0 0.014063 0.047917 0.015625 0.016667