0 1.006250 0.133333 0.012500 0.020833
0 0.976562 0.125000 0.021875 0.020833
0 0.906250 0.116667 0.015625 0.025000
0 0.910937 0.102083 0.021875 0.029167
0 0.887500 0.095833 0.021875 0.020833
0 0.875000 0.110417 0.021875 0.020833
0 0.851562 0.106250 0.018750 0.020833
0 0.864062 0.081250 0.015625 0.020833
0 0.839063 0.129167 0.025000 0.025000
0 0.825000 0.104167 0.018750 0.020833
0 0.839063 0.087500 0.021875 0.020833
0 0.771875 0.129167 0.018750 0.025000
0 0.753125 0.116667 0.018750 0.020833
0 0.757812 0.100000 0.018750 0.020833
0 0.745313 0.106250 0.018750 0.020833
0 0.739062 0.089583 0.021875 0.020833
0 0.720313 0.122917 0.021875 0.020833
0 0.700000 0.093750 0.021875 0.025000
0 0.695312 0.108333 0.018750 0.016667
0 0.687500 0.127083 0.015625 0.025000
0 0.675000 0.114583 0.018750 0.016667
0 0.665625 0.133333 0.012500 0.025000
0 0.656250 0.104167 0.018750 0.016667
0 0.650000 0.133333 0.018750 0.029167
0 0.631250 0.133333 0.021875 0.016667
0 0.637500 0.106250 0.018750 0.016667
0 0.646875 0.089583 0.021875 0.016667
0 0.634375 0.075000 0.021875 0.020833
0 0.614062 0.070833 0.012500 0.029167
0 0.615625 0.083333 0.021875 0.016667
0 0.620313 0.122917 0.012500 0.025000
0 0.612500 0.120833 0.015625 0.025000
0 0.610938 0.102083 0.021875 0.020833
0 0.601562 0.079167 0.015625 0.029167
0 0.596875 0.095833 0.018750 0.020833
0 0.585938 0.087500 0.012500 0.025000
0 0.585938 0.058333 0.015625 0.020833
0 0.589063 0.120833 0.021875 0.020833
0 0.573438 0.131250 0.021875 0.025000
0 0.560937 0.106250 0.015625 0.025000
0 0.573438 0.095833 0.015625 0.025000
0 0.568750 0.089583 0.015625 0.033333
0 0.556250 0.054167 0.009375 0.012500
0 0.550000 0.072917 0.015625 0.025000
0 0.540625 0.114583 0.018750 0.016667
0 0.543750 0.129167 0.018750 0.016667
0 0.526563 0.131250 0.015625 0.016667
0 0.523438 0.112500 0.018750 0.025000
0 0.507812 0.120833 0.012500 0.029167
0 0.485938 0.127083 0.018750 0.025000
0 0.500000 0.097917 0.021875 0.016667
0 0.506250 0.083333 0.018750 0.012500
0 0.514062 0.077083 0.021875 0.016667
0 0.529687 0.068750 0.028125 0.025000
0 0.501563 0.054167 0.012500 0.016667
0 0.487500 0.054167 0.015625 0.016667
0 0.465625 0.056250 0.012500 0.016667
0 0.462500 0.120833 0.018750 0.016667
0 0.471875 0.075000 0.009375 0.025000
0 0.446875 0.081250 0.018750 0.016667
0 0.440625 0.112500 0.015625 0.020833
0 0.443750 0.127083 0.025000 0.020833
0 0.476562 0.102083 0.018750 0.016667
0 0.457813 0.093750 0.018750 0.016667
0 0.473438 0.087500 0.021875 0.016667
0 0.460938 0.104167 0.021875 0.016667
0 0.434375 0.077083 0.021875 0.020833
0 0.432812 0.095833 0.015625 0.020833
0 0.423438 0.116667 0.018750 0.025000
0 0.418750 0.102083 0.018750 0.020833
0 0.409375 0.087500 0.012500 0.025000
0 0.403125 0.079167 0.018750 0.025000
0 0.407813 0.122917 0.018750 0.020833
0 0.389062 0.102083 0.015625 0.029167
0 0.406250 0.108333 0.018750 0.016667
0 0.389062 0.125000 0.015625 0.020833
0 0.379688 0.116667 0.018750 0.016667
0 0.376563 0.129167 0.018750 0.016667
0 0.364063 0.108333 0.018750 0.016667
0 0.343750 0.106250 0.018750 0.016667
0 0.353125 0.079167 0.021875 0.016667
0 0.353125 0.066667 0.021875 0.016667
0 0.339062 0.050000 0.012500 0.016667
0 0.312500 0.050000 0.012500 0.016667
0 0.328125 0.070833 0.021875 0.020833
0 0.335938 0.089583 0.018750 0.025000
0 0.342187 0.120833 0.018750 0.016667
0 0.323437 0.125000 0.018750 0.025000
0 0.318750 0.106250 0.025000 0.016667
0 0.303125 0.100000 0.015625 0.020833
0 0.300000 0.122917 0.018750 0.025000
0 0.300000 0.083333 0.018750 0.025000
0 0.284375 0.060417 0.021875 0.025000
0 0.285938 0.079167 0.015625 0.025000
0 0.292187 0.097917 0.015625 0.025000
0 0.282813 0.093750 0.018750 0.025000
0 0.265625 0.077083 0.018750 0.016667
0 0.245312 0.054167 0.021875 0.016667
0 0.245312 0.083333 0.021875 0.016667
0 0.234375 0.068750 0.025000 0.016667
0 0.240625 0.131250 0.015625 0.020833
0 0.239063 0.097917 0.018750 0.016667
0 0.237500 0.112500 0.018750 0.020833
0 0.221875 0.100000 0.018750 0.025000
0 0.204687 0.131250 0.018750 0.020833
0 0.206250 0.091667 0.018750 0.029167
0 0.176563 0.112500 0.025000 0.020833
0 0.162500 0.100000 0.018750 0.025000
0 0.181250 0.095833 0.021875 0.016667
0 0.134375 0.093750 0.018750 0.025000
0 0.079687 0.100000 0.025000 0.020833
0 0.070312 0.077083 0.021875 0.020833
0 0.084375 0.052083 0.012500 0.020833
0 0.039062 0.052083 0.012500 0.020833
0 0.025000 0.079167 0.025000 0.016667