0 0.035937 0.056250 0.018750 0.020833
0 0.045312 0.062500 0.015625 0.020833
0 0.064062 0.075000 0.025000 0.020833
0 0.029687 0.085417 0.025000 0.016667
0 0.040625 0.108333 0.012500 0.029167
0 0.028125 0.118750 0.025000 0.020833
0 0.065625 0.106250 0.025000 0.016667
0 0.104688 0.093750 0.021875 0.016667
0 0.117188 0.083333 0.021875 0.016667
0 0.114062 0.064583 0.021875 0.016667
0 0.131250 0.075000 0.025000 0.020833
0 0.137500 0.083333 0.021875 0.016667
0 0.120313 0.102083 0.018750 0.020833
0 0.140625 0.108333 0.018750 0.025000
0 0.157812 0.087500 0.021875 0.016667
0 0.154688 0.079167 0.012500 0.025000
0 0.151562 0.058333 0.021875 0.020833
0 0.164062 0.062500 0.018750 0.016667
0 0.165625 0.108333 0.025000 0.020833
0 0.185938 0.112500 0.021875 0.020833
0 0.173437 0.100000 0.025000 0.016667
0 0.207813 0.127083 0.015625 0.020833
0 0.176563 0.093750 0.012500 0.025000
0 0.189062 0.081250 0.018750 0.020833
0 0.175000 0.066667 0.015625 0.025000
0 0.181250 0.054167 0.018750 0.020833
0 0.198437 0.050000 0.021875 0.016667
0 0.195312 0.070833 0.012500 0.025000
0 0.209375 0.070833 0.018750 0.020833
0 0.242188 0.104167 0.025000 0.016667
0 0.243750 0.085417 0.021875 0.020833
0 0.264062 0.106250 0.012500 0.029167
0 0.265625 0.081250 0.021875 0.020833
0 0.265625 0.072917 0.012500 0.025000
0 0.290625 0.100000 0.018750 0.016667
0 0.278125 0.116667 0.021875 0.016667
0 0.292187 0.120833 0.018750 0.020833
0 0.290625 0.083333 0.018750 0.016667
0 0.289062 0.072917 0.021875 0.020833
0 0.325000 0.062500 0.025000 0.016667
0 0.335938 0.052083 0.025000 0.016667
0 0.323437 0.083333 0.015625 0.025000
0 0.312500 0.127083 0.018750 0.020833
0 0.343750 0.131250 0.021875 0.016667
0 0.339062 0.114583 0.021875 0.016667
0 0.348438 0.114583 0.012500 0.025000
0 0.365625 0.104167 0.021875 0.016667
0 0.350000 0.093750 0.018750 0.020833
0 0.337500 0.083333 0.018750 0.016667
0 0.379688 0.087500 0.012500 0.025000
0 0.426563 0.062500 0.018750 0.016667
0 0.432812 0.106250 0.015625 0.025000
0 0.423438 0.120833 0.012500 0.025000
0 0.435937 0.081250 0.018750 0.016667
0 0.446875 0.066667 0.012500 0.025000
0 0.453125 0.077083 0.018750 0.016667
0 0.464062 0.091667 0.021875 0.020833
0 0.471875 0.100000 0.018750 0.016667
0 0.485938 0.127083 0.021875 0.020833
0 0.487500 0.110417 0.018750 0.016667
0 0.496875 0.106250 0.015625 0.025000
0 0.506250 0.085417 0.025000 0.016667
0 0.504687 0.070833 0.021875 0.016667
0 0.503125 0.056250 0.015625 0.016667
0 0.482812 0.054167 0.012500 0.016667
0 0.534375 0.110417 0.021875 0.016667
0 0.534375 0.102083 0.012500 0.020833
0 0.550000 0.095833 0.018750 0.025000
0 0.565625 0.056250 0.018750 0.016667
0 0.562500 0.079167 0.018750 0.016667
0 0.579688 0.097917 0.018750 0.016667
0 0.589063 0.087500 0.021875 0.016667
0 0.585938 0.070833 0.021875 0.016667
0 0.610938 0.056250 0.018750 0.016667
0 0.621875 0.085417 0.018750 0.020833
0 0.618750 0.106250 0.018750 0.020833
0 0.659375 0.122917 0.025000 0.016667
0 0.417187 0.110417 0.018750 0.016667
0 0.671875 0.133333 0.021875 0.016667
0 0.656250 0.104167 0.018750 0.020833
0 0.639062 0.110417 0.018750 0.016667
0 0.668750 0.091667 0.018750 0.020833
0 0.684375 0.110417 0.018750 0.025000
0 0.695312 0.079167 0.021875 0.016667
0 0.710938 0.072917 0.018750 0.016667
0 0.714063 0.131250 0.015625 0.025000
0 0.732812 0.077083 0.015625 0.025000
0 0.754687 0.054167 0.012500 0.016667
0 0.767188 0.077083 0.018750 0.020833
0 0.742188 0.083333 0.021875 0.016667
0 0.743750 0.106250 0.021875 0.020833
0 0.757812 0.093750 0.018750 0.016667
0 0.745313 0.127083 0.018750 0.020833
0 0.735938 0.135417 0.018750 0.016667
0 0.759375 0.122917 0.012500 0.025000
0 0.787500 0.116667 0.025000 0.020833
0 0.798438 0.135417 0.012500 0.016667
0 0.781250 0.095833 0.018750 0.025000
0 0.792188 0.089583 0.012500 0.025000
0 0.803125 0.097917 0.015625 0.025000
0 0.834375 0.118750 0.018750 0.029167
0 0.834375 0.133333 0.021875 0.020833
0 0.839063 0.085417 0.018750 0.016667
0 0.884375 0.066667 0.040625 0.025000
0 0.870313 0.095833 0.021875 0.020833
0 0.873437 0.114583 0.021875 0.025000
0 0.890625 0.083333 0.012500 0.025000
0 0.926562 0.072917 0.018750 0.025000
0 0.904687 0.125000 0.018750 0.016667
0 0.937500 0.137500 0.018750 0.016667
0 0.950000 0.106250 0.025000 0.020833
0 0.935937 0.068750 0.009375 0.016667
0 0.978125 0.062500 0.012500 0.020833
0 1.003125 0.081250 0.028125 0.016667
0 1.004687 0.135417 0.025000 0.020833
0 1.020312 0.127083 0.018750 0.025000
0 1.006250 0.075000 0.012500 0.025000
0 1.015625 0.060417 0.009375 0.016667
0 0.964063 0.125000 0.018750 0.016667