0 0.032813 0.052083 0.025000 0.020833
0 0.018750 0.097917 0.015625 0.033333
0 0.075000 0.112500 0.021875 0.033333
0 0.120313 0.089583 0.025000 0.016667
0 0.090625 0.095833 0.025000 0.029167
0 0.126562 0.120833 0.025000 0.020833
0 0.128125 0.108333 0.012500 0.033333
0 0.157812 0.127083 0.015625 0.020833
0 0.167187 0.112500 0.028125 0.020833
0 0.140625 0.081250 0.018750 0.025000
0 0.156250 0.056250 0.018750 0.025000
0 0.159375 0.062500 0.018750 0.016667
0 0.168750 0.070833 0.015625 0.025000
0 0.182812 0.091667 0.025000 0.020833
0 0.203125 0.114583 0.015625 0.033333
0 0.214062 0.072917 0.025000 0.020833
0 0.231250 0.060417 0.018750 0.016667
0 0.231250 0.075000 0.018750 0.016667
0 0.221875 0.079167 0.021875 0.016667
0 0.242188 0.085417 0.021875 0.016667
0 0.234375 0.095833 0.025000 0.016667
0 0.228125 0.110417 0.021875 0.016667
0 0.271875 0.066667 0.012500 0.025000
0 0.278125 0.077083 0.025000 0.012500
0 0.259375 0.102083 0.025000 0.033333
0 0.267188 0.110417 0.031250 0.020833
0 0.281250 0.100000 0.015625 0.025000
0 0.273438 0.110417 0.025000 0.025000
0 0.273438 0.118750 0.025000 0.016667
0 0.278125 0.133333 0.012500 0.020833
0 0.307812 0.118750 0.021875 0.016667
0 0.304688 0.104167 0.018750 0.012500
0 0.296875 0.081250 0.018750 0.016667
0 0.314063 0.085417 0.018750 0.020833
0 0.315625 0.093750 0.018750 0.016667
0 0.323437 0.129167 0.015625 0.025000
0 0.343750 0.127083 0.018750 0.016667
0 0.339062 0.116667 0.018750 0.020833
0 0.373437 0.129167 0.018750 0.016667
0 0.360938 0.120833 0.021875 0.016667
0 0.378125 0.116667 0.012500 0.025000
0 0.365625 0.100000 0.021875 0.016667
0 0.337500 0.100000 0.018750 0.020833
0 0.329688 0.089583 0.015625 0.025000
0 0.339062 0.083333 0.012500 0.025000
0 0.351562 0.072917 0.012500 0.025000
0 0.362500 0.093750 0.015625 0.025000
0 0.384375 0.097917 0.018750 0.025000
0 0.381250 0.079167 0.015625 0.016667
0 0.373437 0.072917 0.018750 0.020833
0 0.359375 0.058333 0.021875 0.016667
0 0.418750 0.070833 0.018750 0.020833
0 0.409375 0.106250 0.015625 0.016667
0 0.425000 0.083333 0.018750 0.016667
0 0.431250 0.097917 0.018750 0.020833
0 0.439063 0.120833 0.018750 0.020833
0 0.451562 0.129167 0.021875 0.016667
0 0.467187 0.112500 0.018750 0.016667
0 0.478125 0.127083 0.015625 0.016667
0 0.451562 0.104167 0.021875 0.020833
0 0.451562 0.091667 0.021875 0.020833
0 0.446875 0.072917 0.015625 0.025000
0 0.465625 0.072917 0.021875 0.012500
0 0.457813 0.102083 0.015625 0.025000
0 0.487500 0.066667 0.012500 0.016667
0 0.506250 0.066667 0.021875 0.016667
0 0.506250 0.093750 0.012500 0.029167
0 0.525000 0.125000 0.018750 0.016667
0 0.518750 0.108333 0.012500 0.029167
0 0.543750 0.118750 0.015625 0.025000
0 0.534375 0.106250 0.018750 0.025000
0 0.537500 0.079167 0.021875 0.020833
0 0.556250 0.081250 0.015625 0.025000
0 0.559375 0.058333 0.015625 0.020833
0 0.565625 0.066667 0.015625 0.016667
0 0.570312 0.079167 0.018750 0.016667
0 0.581250 0.070833 0.015625 0.025000
0 0.589063 0.075000 0.021875 0.020833
0 0.584375 0.091667 0.012500 0.025000
0 0.573438 0.116667 0.015625 0.020833
0 0.592187 0.106250 0.018750 0.016667
0 0.593750 0.118750 0.021875 0.016667
0 0.604688 0.129167 0.018750 0.016667
0 0.610938 0.087500 0.015625 0.020833
0 0.620313 0.079167 0.018750 0.025000
0 0.631250 0.125000 0.018750 0.016667
0 0.653125 0.133333 0.018750 0.025000
0 0.684375 0.125000 0.018750 0.016667
0 0.664062 0.118750 0.018750 0.020833
0 0.679688 0.106250 0.018750 0.016667
0 0.656250 0.072917 0.018750 0.016667
0 0.643750 0.062500 0.012500 0.025000
0 0.653125 0.095833 0.012500 0.025000
0 0.670312 0.102083 0.018750 0.020833
0 0.731250 0.129167 0.015625 0.020833
0 0.718750 0.114583 0.021875 0.016667
0 0.704688 0.097917 0.021875 0.020833
0 0.712500 0.077083 0.021875 0.020833
0 0.721875 0.089583 0.015625 0.025000
0 0.740625 0.100000 0.021875 0.020833
0 0.753125 0.108333 0.018750 0.025000
0 0.778125 0.122917 0.025000 0.020833
0 0.795312 0.131250 0.012500 0.016667
0 0.645312 0.100000 0.025000 0.016667
0 0.642188 0.116667 0.018750 0.020833
0 0.760938 0.077083 0.021875 0.020833
0 0.776563 0.091667 0.021875 0.016667
0 0.787500 0.068750 0.021875 0.020833
0 0.793750 0.104167 0.021875 0.016667
0 0.807813 0.106250 0.018750 0.025000
0 0.817187 0.095833 0.018750 0.016667
0 0.821875 0.085417 0.021875 0.020833
0 0.846875 0.068750 0.021875 0.020833
0 0.843750 0.095833 0.021875 0.020833
0 0.848437 0.108333 0.021875 0.016667
0 0.857812 0.120833 0.021875 0.016667
0 0.868750 0.110417 0.021875 0.020833
0 0.878125 0.129167 0.025000 0.020833
0 0.892188 0.116667 0.021875 0.020833
0 0.926562 0.108333 0.015625 0.029167
0 0.948438 0.081250 0.025000 0.020833
0 0.962500 0.106250 0.015625 0.033333
0 0.989062 0.114583 0.025000 0.020833
0 1.004687 0.122917 0.021875 0.025000
0 1.007812 0.131250 0.015625 0.020833
0 0.895312 0.066667 0.025000 0.016667
0 0.942187 0.108333 0.018750 0.025000