0 0.015625 0.066667 0.018750 0.020833
0 0.028125 0.087500 0.015625 0.029167
0 0.062500 0.102083 0.025000 0.029167
0 0.123438 0.075000 0.025000 0.025000
0 0.201563 0.110417 0.021875 0.025000
0 0.281250 0.062500 0.025000 0.025000
0 0.559375 0.135417 0.021875 0.020833
0 0.700000 0.068750 0.012500 0.025000
0 0.717187 0.056250 0.021875 0.020833
0 0.765625 0.056250 0.018750 0.016667
0 0.756250 0.070833 0.012500 0.025000
0 0.842187 0.112500 0.025000 0.020833
0 0.920312 0.131250 0.025000 0.020833
0 0.948438 0.135417 0.025000 0.020833
0 0.946875 0.104167 0.025000 0.020833
0 0.921875 0.100000 0.015625 0.029167
0 0.948438 0.060417 0.021875 0.020833