0 0.040625 0.052083 0.015625 0.020833
0 0.035937 0.079167 0.025000 0.016667
0 0.067187 0.062500 0.021875 0.029167
0 0.053125 0.104167 0.018750 0.020833
0 0.129688 0.085417 0.021875 0.020833
0 0.139063 0.100000 0.021875 0.020833
0 0.143750 0.116667 0.025000 0.020833
0 0.195312 0.131250 0.021875 0.020833
0 0.189062 0.106250 0.021875 0.020833
0 0.176563 0.091667 0.021875 0.016667
0 0.167187 0.075000 0.025000 0.020833
0 0.190625 0.083333 0.018750 0.020833
0 0.217188 0.093750 0.018750 0.020833
0 0.229687 0.064583 0.025000 0.020833
0 0.246875 0.079167 0.025000 0.016667
0 0.245312 0.102083 0.025000 0.029167
0 0.260937 0.108333 0.021875 0.020833
0 0.265625 0.091667 0.021875 0.020833
0 0.264062 0.066667 0.025000 0.020833
0 0.271875 0.052083 0.021875 0.016667
0 0.273438 0.075000 0.021875 0.016667
0 0.287500 0.108333 0.018750 0.025000
0 0.285938 0.089583 0.018750 0.025000
0 0.300000 0.083333 0.015625 0.025000
0 0.309375 0.110417 0.015625 0.025000
0 0.320312 0.087500 0.025000 0.025000
0 0.298438 0.093750 0.012500 0.016667
0 0.346875 0.054167 0.021875 0.016667
0 0.342187 0.072917 0.021875 0.020833
0 0.343750 0.100000 0.015625 0.025000
0 0.342187 0.116667 0.018750 0.020833
0 0.348438 0.129167 0.021875 0.016667
0 0.357812 0.120833 0.012500 0.025000
0 0.354687 0.106250 0.012500 0.025000
0 0.370312 0.085417 0.015625 0.033333
0 0.387500 0.062500 0.021875 0.020833
0 0.389062 0.075000 0.021875 0.016667
0 0.384375 0.093750 0.015625 0.025000
0 0.395313 0.097917 0.012500 0.029167
0 0.392188 0.110417 0.018750 0.020833
0 0.390625 0.127083 0.018750 0.025000
0 0.404687 0.116667 0.018750 0.016667
0 0.409375 0.093750 0.012500 0.025000
0 0.423438 0.102083 0.018750 0.016667
0 0.437500 0.120833 0.012500 0.025000
0 0.445312 0.129167 0.021875 0.016667
0 0.476562 0.131250 0.021875 0.020833
0 0.454688 0.122917 0.018750 0.016667
0 0.454688 0.112500 0.018750 0.016667
0 0.467187 0.108333 0.012500 0.025000
0 0.442188 0.104167 0.012500 0.025000
0 0.431250 0.075000 0.021875 0.016667
0 0.442188 0.064583 0.025000 0.016667
0 0.437500 0.050000 0.018750 0.016667
0 0.448437 0.054167 0.018750 0.016667
0 0.454688 0.085417 0.018750 0.016667
0 0.459375 0.068750 0.025000 0.016667
0 0.476562 0.052083 0.012500 0.016667
0 0.493750 0.056250 0.012500 0.016667
0 0.484375 0.064583 0.018750 0.016667
0 0.475000 0.083333 0.012500 0.029167
0 0.479687 0.110417 0.012500 0.025000
0 0.492188 0.095833 0.018750 0.016667
0 0.495312 0.120833 0.018750 0.025000
0 0.509375 0.102083 0.015625 0.029167
0 0.501563 0.077083 0.018750 0.016667
0 0.507812 0.075000 0.012500 0.025000
0 0.518750 0.056250 0.018750 0.016667
0 0.528125 0.070833 0.018750 0.020833
0 0.518750 0.083333 0.018750 0.016667
0 0.528125 0.122917 0.018750 0.025000
0 0.535937 0.122917 0.012500 0.025000
0 0.553125 0.125000 0.018750 0.020833
0 0.545312 0.104167 0.012500 0.025000
0 0.557813 0.095833 0.012500 0.025000
0 0.570312 0.112500 0.021875 0.016667
0 0.551562 0.110417 0.009375 0.025000
0 0.568750 0.056250 0.018750 0.016667
0 0.576562 0.075000 0.018750 0.016667
0 0.604688 0.058333 0.018750 0.016667
0 0.601562 0.070833 0.018750 0.016667
0 0.601562 0.081250 0.018750 0.016667
0 0.601562 0.116667 0.015625 0.020833
0 0.604688 0.131250 0.025000 0.020833
0 0.626563 0.097917 0.012500 0.033333
0 0.625000 0.068750 0.018750 0.020833
0 0.626563 0.127083 0.012500 0.025000
0 0.635938 0.110417 0.018750 0.020833
0 0.643750 0.097917 0.012500 0.033333
0 0.657813 0.112500 0.021875 0.016667
0 0.665625 0.133333 0.012500 0.016667
0 0.678125 0.131250 0.015625 0.025000
0 0.701562 0.133333 0.018750 0.020833
0 0.721875 0.125000 0.018750 0.016667
0 0.721875 0.108333 0.021875 0.016667
0 0.712500 0.102083 0.018750 0.025000
0 0.692187 0.100000 0.018750 0.020833
0 0.689063 0.085417 0.021875 0.020833
0 0.671875 0.066667 0.012500 0.025000
0 0.670312 0.072917 0.025000 0.020833
0 0.751563 0.075000 0.021875 0.020833
0 0.731250 0.108333 0.012500 0.033333
0 0.767188 0.089583 0.021875 0.020833
0 0.790625 0.102083 0.025000 0.020833
0 0.821875 0.114583 0.025000 0.020833
0 0.831250 0.104167 0.025000 0.025000
0 0.850000 0.087500 0.021875 0.020833
0 0.860938 0.097917 0.025000 0.020833
0 0.884375 0.106250 0.025000 0.020833
0 0.914062 0.127083 0.028125 0.020833
0 0.984375 0.097917 0.025000 0.020833
0 1.009375 0.131250 0.015625 0.020833