0 0.017188 0.054167 0.018750 0.020833
0 0.014063 0.085417 0.018750 0.025000
0 0.040625 0.062500 0.018750 0.020833
0 0.021875 0.097917 0.018750 0.020833
0 0.025000 0.108333 0.018750 0.016667
0 0.040625 0.125000 0.031250 0.025000
0 0.068750 0.089583 0.021875 0.020833
0 0.065625 0.068750 0.018750 0.025000
0 0.079687 0.052083 0.021875 0.020833
0 0.103125 0.060417 0.021875 0.020833
0 0.135937 0.081250 0.021875 0.020833
0 0.187500 0.114583 0.025000 0.020833
0 0.215625 0.122917 0.025000 0.020833
0 0.228125 0.131250 0.015625 0.020833
0 0.218750 0.114583 0.018750 0.025000
0 0.232813 0.097917 0.018750 0.016667
0 0.243750 0.114583 0.021875 0.016667
0 0.260937 0.127083 0.025000 0.025000
0 0.276562 0.129167 0.018750 0.016667
0 0.265625 0.110417 0.018750 0.020833
0 0.253125 0.104167 0.018750 0.033333
0 0.243750 0.083333 0.021875 0.020833
0 0.228125 0.066667 0.021875 0.020833
0 0.240625 0.056250 0.021875 0.020833
0 0.271875 0.052083 0.021875 0.016667
0 0.268750 0.066667 0.018750 0.020833
0 0.275000 0.087500 0.021875 0.025000
0 0.287500 0.104167 0.021875 0.020833
0 0.298438 0.120833 0.021875 0.020833
0 0.317188 0.106250 0.018750 0.016667
0 0.310937 0.097917 0.018750 0.020833
0 0.296875 0.093750 0.018750 0.025000
0 0.314063 0.081250 0.018750 0.016667
0 0.298438 0.083333 0.012500 0.025000
0 0.312500 0.072917 0.018750 0.016667
0 0.331250 0.075000 0.018750 0.020833
0 0.328125 0.083333 0.018750 0.016667
0 0.346875 0.093750 0.018750 0.020833
0 0.365625 0.087500 0.021875 0.016667
0 0.356250 0.114583 0.021875 0.016667
0 0.362500 0.129167 0.021875 0.016667
0 0.378125 0.122917 0.021875 0.016667
0 0.348438 0.068750 0.018750 0.020833
0 0.356250 0.058333 0.018750 0.025000
0 0.375000 0.054167 0.018750 0.016667
0 0.332813 0.058333 0.018750 0.025000
0 0.323437 0.050000 0.018750 0.016667
0 0.320312 0.066667 0.015625 0.020833
0 0.487500 0.131250 0.021875 0.016667
0 0.504687 0.127083 0.018750 0.016667
0 0.515625 0.116667 0.012500 0.029167
0 0.539062 0.118750 0.015625 0.029167
0 0.562500 0.097917 0.021875 0.020833
0 0.565625 0.116667 0.018750 0.020833
0 0.521875 0.066667 0.021875 0.020833
0 0.531250 0.054167 0.021875 0.020833
0 0.570312 0.058333 0.025000 0.020833
0 0.615625 0.104167 0.021875 0.020833
0 0.610938 0.133333 0.021875 0.020833
0 0.660937 0.108333 0.021875 0.020833
0 0.685937 0.102083 0.021875 0.020833
0 0.721875 0.072917 0.021875 0.020833
0 0.729688 0.056250 0.025000 0.020833
0 0.792188 0.060417 0.025000 0.020833
0 0.795312 0.131250 0.015625 0.029167
0 0.831250 0.068750 0.025000 0.025000
0 0.860938 0.058333 0.021875 0.020833
0 0.848437 0.075000 0.021875 0.020833
0 0.835938 0.091667 0.021875 0.020833
0 0.840625 0.122917 0.015625 0.029167
0 0.835938 0.135417 0.021875 0.016667
0 0.871875 0.133333 0.021875 0.020833
0 0.864062 0.097917 0.025000 0.020833
0 0.979688 0.058333 0.021875 0.016667
0 1.009375 0.058333 0.021875 0.020833