0 0.984375 0.060417 0.025000 0.020833
0 1.003125 0.125000 0.025000 0.020833
0 0.968750 0.139583 0.018750 0.020833
0 0.953125 0.108333 0.025000 0.025000
0 0.945312 0.127083 0.025000 0.020833
0 0.917188 0.122917 0.025000 0.020833
0 0.875000 0.112500 0.025000 0.025000
0 0.871875 0.085417 0.025000 0.025000
0 0.882812 0.077083 0.025000 0.025000
0 0.879687 0.058333 0.018750 0.020833
0 0.814063 0.089583 0.018750 0.020833
0 0.801562 0.097917 0.025000 0.020833
0 0.807813 0.070833 0.018750 0.025000
0 0.782813 0.054167 0.015625 0.016667
0 0.770312 0.064583 0.015625 0.025000
0 0.759375 0.083333 0.021875 0.025000
0 0.764062 0.102083 0.021875 0.020833
0 0.743750 0.114583 0.021875 0.016667
0 0.737500 0.133333 0.012500 0.025000
0 0.753125 0.120833 0.012500 0.025000
0 0.687500 0.100000 0.025000 0.020833
0 0.659375 0.054167 0.018750 0.016667
0 0.732812 0.089583 0.018750 0.025000
0 0.654687 0.087500 0.018750 0.016667
0 0.671875 0.120833 0.021875 0.016667
0 0.645312 0.125000 0.021875 0.020833
0 0.728125 0.114583 0.012500 0.025000
0 0.618750 0.060417 0.018750 0.025000
0 0.606250 0.068750 0.012500 0.025000
0 0.582812 0.066667 0.021875 0.016667
0 0.607812 0.125000 0.012500 0.029167
0 0.576562 0.110417 0.018750 0.025000
0 0.562500 0.129167 0.021875 0.016667
0 0.546875 0.095833 0.015625 0.025000
0 0.543750 0.068750 0.021875 0.029167
0 0.493750 0.062500 0.021875 0.016667
0 0.515625 0.097917 0.012500 0.025000
0 0.518750 0.114583 0.021875 0.020833
0 0.496875 0.112500 0.021875 0.020833
0 0.473438 0.112500 0.021875 0.016667
0 0.481250 0.131250 0.021875 0.016667
0 0.468750 0.131250 0.025000 0.020833
0 0.432812 0.112500 0.015625 0.025000
0 0.459375 0.056250 0.021875 0.016667
0 0.445312 0.054167 0.021875 0.016667
0 0.425000 0.125000 0.021875 0.016667
0 0.420312 0.114583 0.018750 0.025000
0 0.395313 0.085417 0.018750 0.029167
0 0.404687 0.056250 0.015625 0.020833
0 0.398438 0.131250 0.018750 0.025000
0 0.443750 0.120833 0.018750 0.025000
0 0.376563 0.129167 0.018750 0.025000
0 0.359375 0.112500 0.018750 0.016667
0 0.350000 0.127083 0.015625 0.025000
0 0.360938 0.125000 0.012500 0.016667
0 0.371875 0.068750 0.018750 0.020833
0 0.385937 0.060417 0.018750 0.025000
0 0.360938 0.056250 0.018750 0.016667
0 0.351562 0.064583 0.018750 0.020833
0 0.342187 0.089583 0.018750 0.016667
0 0.335938 0.077083 0.018750 0.016667
0 0.328125 0.068750 0.021875 0.016667
0 0.339062 0.058333 0.021875 0.020833
0 0.356250 0.081250 0.018750 0.016667
0 0.354687 0.097917 0.012500 0.016667
0 0.331250 0.095833 0.025000 0.016667
0 0.323437 0.106250 0.018750 0.016667
0 0.325000 0.118750 0.021875 0.016667
0 0.295312 0.131250 0.012500 0.020833
0 0.284375 0.127083 0.015625 0.025000
0 0.273438 0.125000 0.025000 0.016667
0 0.304688 0.118750 0.015625 0.029167
0 0.317188 0.091667 0.018750 0.020833
0 0.306250 0.081250 0.025000 0.020833
0 0.284375 0.093750 0.018750 0.025000
0 0.271875 0.079167 0.021875 0.020833
0 0.273438 0.064583 0.018750 0.016667
0 0.306250 0.052083 0.021875 0.020833
0 0.282813 0.054167 0.012500 0.025000
0 0.267188 0.050000 0.012500 0.016667
0 0.229687 0.064583 0.018750 0.016667
0 0.215625 0.068750 0.021875 0.016667
0 0.209375 0.131250 0.021875 0.020833
0 0.195312 0.114583 0.021875 0.020833
0 0.184375 0.091667 0.021875 0.020833
0 0.173437 0.108333 0.021875 0.020833
0 0.157812 0.100000 0.021875 0.020833
0 0.150000 0.079167 0.025000 0.020833
0 0.139063 0.093750 0.025000 0.020833
0 0.151562 0.116667 0.018750 0.016667
0 0.140625 0.108333 0.018750 0.016667
0 0.123438 0.122917 0.018750 0.025000
0 0.081250 0.091667 0.018750 0.016667
0 0.085938 0.052083 0.018750 0.016667
0 0.057813 0.091667 0.018750 0.020833
0 0.042188 0.077083 0.018750 0.025000
0 0.014063 0.050000 0.018750 0.016667
0 0.051562 0.108333 0.018750 0.020833
0 0.040625 0.127083 0.021875 0.016667