0 0.026562 0.060417 0.018750 0.016667
0 0.039062 0.093750 0.018750 0.020833
0 0.028125 0.085417 0.021875 0.020833
0 0.140625 0.058333 0.025000 0.016667
0 0.128125 0.075000 0.021875 0.020833
0 0.096875 0.116667 0.021875 0.020833
0 0.131250 0.125000 0.021875 0.020833
0 0.137500 0.112500 0.021875 0.016667
0 0.162500 0.127083 0.021875 0.016667
0 0.171875 0.095833 0.021875 0.020833
0 0.179688 0.079167 0.021875 0.020833
0 0.189062 0.068750 0.018750 0.020833
0 0.210938 0.062500 0.021875 0.020833
0 0.210938 0.108333 0.021875 0.016667
0 0.201563 0.120833 0.018750 0.020833
0 0.207813 0.131250 0.021875 0.020833
0 0.226562 0.106250 0.018750 0.016667
0 0.240625 0.118750 0.018750 0.025000
0 0.242188 0.093750 0.021875 0.020833
0 0.235937 0.072917 0.018750 0.016667
0 0.245312 0.070833 0.018750 0.025000
0 0.245312 0.052083 0.021875 0.020833
0 0.268750 0.058333 0.018750 0.020833
0 0.268750 0.070833 0.021875 0.020833
0 0.259375 0.081250 0.028125 0.016667
0 0.271875 0.091667 0.025000 0.020833
0 0.264062 0.108333 0.021875 0.020833
0 0.279687 0.116667 0.018750 0.025000
0 0.270313 0.125000 0.021875 0.020833
0 0.293750 0.097917 0.015625 0.025000
0 0.298438 0.083333 0.025000 0.020833
0 0.290625 0.058333 0.018750 0.025000
0 0.351562 0.129167 0.021875 0.020833
0 0.367188 0.052083 0.018750 0.020833
0 0.375000 0.060417 0.021875 0.020833
0 0.340625 0.052083 0.021875 0.020833
0 0.325000 0.077083 0.025000 0.025000
0 0.423438 0.125000 0.025000 0.020833
0 0.525000 0.106250 0.021875 0.016667
0 0.531250 0.087500 0.015625 0.029167
0 0.557813 0.116667 0.021875 0.029167
0 0.551562 0.127083 0.025000 0.020833
0 0.554688 0.054167 0.012500 0.016667
0 0.571875 0.060417 0.018750 0.020833
0 0.615625 0.056250 0.015625 0.020833
0 0.632812 0.093750 0.025000 0.020833
0 0.670312 0.100000 0.025000 0.025000
0 0.756250 0.110417 0.021875 0.025000
0 0.789062 0.056250 0.015625 0.020833
0 0.806250 0.070833 0.025000 0.025000
0 0.851562 0.056250 0.025000 0.016667
0 0.842187 0.077083 0.015625 0.029167
0 0.871875 0.085417 0.018750 0.029167
0 0.887500 0.085417 0.015625 0.029167
0 0.942187 0.097917 0.021875 0.020833
0 0.979688 0.131250 0.028125 0.020833
0 0.976562 0.068750 0.025000 0.020833
0 0.993750 0.060417 0.025000 0.020833
0 0.839063 0.104167 0.015625 0.025000
0 1.004687 0.068750 0.018750 0.016667