0 0.012500 0.058333 0.018750 0.020833
0 0.384375 0.127083 0.018750 0.020833
0 0.414062 0.054167 0.015625 0.020833
0 0.707812 0.133333 0.021875 0.020833
0 0.787500 0.112500 0.018750 0.020833
0 0.917188 0.131250 0.021875 0.020833
0 0.882812 0.102083 0.025000 0.033333
0 0.843750 0.072917 0.025000 0.020833
0 0.893750 0.058333 0.015625 0.020833
0 0.951562 0.083333 0.021875 0.029167
0 0.950000 0.093750 0.025000 0.020833
0 0.942187 0.056250 0.025000 0.016667
0 0.965625 0.058333 0.021875 0.020833
0 1.010938 0.064583 0.021875 0.029167
0 1.009375 0.112500 0.018750 0.025000
0 0.973437 0.075000 0.018750 0.025000