0 0.039062 0.052083 0.021875 0.020833
0 0.020313 0.050000 0.018750 0.016667
0 0.035937 0.079167 0.021875 0.016667
0 0.040625 0.091667 0.021875 0.016667
0 0.042188 0.106250 0.025000 0.016667
0 0.103125 0.050000 0.025000 0.016667
0 0.153125 0.127083 0.025000 0.016667
0 0.165625 0.087500 0.021875 0.016667
0 0.181250 0.093750 0.018750 0.016667
0 0.198437 0.102083 0.021875 0.016667
0 0.215625 0.106250 0.021875 0.016667
0 0.206250 0.089583 0.018750 0.016667
0 0.198437 0.081250 0.018750 0.016667
0 0.196875 0.070833 0.021875 0.025000
0 0.226562 0.060417 0.018750 0.016667
0 0.240625 0.079167 0.018750 0.016667
0 0.225000 0.089583 0.018750 0.016667
0 0.215625 0.095833 0.018750 0.016667
0 0.246875 0.118750 0.025000 0.020833
0 0.268750 0.129167 0.025000 0.016667
0 0.267188 0.108333 0.018750 0.016667
0 0.282813 0.060417 0.018750 0.016667
0 0.295312 0.056250 0.018750 0.020833
0 0.326562 0.068750 0.021875 0.020833
0 0.345313 0.087500 0.018750 0.025000
0 0.309375 0.091667 0.018750 0.016667
0 0.296875 0.131250 0.015625 0.029167
0 0.314063 0.120833 0.018750 0.016667
0 0.317188 0.133333 0.018750 0.016667
0 0.325000 0.122917 0.012500 0.025000
0 0.342187 0.122917 0.018750 0.016667
0 0.359375 0.129167 0.018750 0.016667
0 0.364063 0.114583 0.018750 0.016667
0 0.357812 0.104167 0.018750 0.025000
0 0.325000 0.095833 0.018750 0.025000
0 0.335938 0.070833 0.018750 0.016667
0 0.373437 0.068750 0.018750 0.025000
0 0.373437 0.077083 0.018750 0.016667
0 0.375000 0.091667 0.018750 0.020833
0 0.381250 0.108333 0.018750 0.025000
0 0.381250 0.127083 0.012500 0.025000
0 0.393750 0.116667 0.018750 0.025000
0 0.390625 0.050000 0.018750 0.012500
0 0.384375 0.068750 0.018750 0.016667
0 0.384375 0.083333 0.018750 0.025000
0 0.403125 0.100000 0.012500 0.020833
0 0.432812 0.129167 0.018750 0.016667
0 0.431250 0.110417 0.012500 0.025000
0 0.450000 0.112500 0.018750 0.012500
0 0.404687 0.052083 0.012500 0.016667
0 0.410938 0.064583 0.018750 0.016667
0 0.415625 0.079167 0.018750 0.016667
0 0.429688 0.091667 0.021875 0.016667
0 0.437500 0.081250 0.018750 0.016667
0 0.442188 0.068750 0.018750 0.016667
0 0.459375 0.070833 0.018750 0.016667
0 0.470313 0.056250 0.018750 0.016667
0 0.464062 0.108333 0.012500 0.025000
0 0.476562 0.087500 0.015625 0.025000
0 0.476562 0.110417 0.012500 0.025000
0 0.506250 0.066667 0.021875 0.016667
0 0.509375 0.079167 0.021875 0.016667
0 0.515625 0.114583 0.012500 0.025000
0 0.515625 0.125000 0.025000 0.016667
0 0.526563 0.127083 0.009375 0.025000
0 0.535937 0.116667 0.015625 0.020833
0 0.542188 0.133333 0.015625 0.025000
0 0.564063 0.129167 0.015625 0.016667
0 0.553125 0.108333 0.018750 0.025000
0 0.534375 0.093750 0.018750 0.025000
0 0.539062 0.066667 0.018750 0.012500
0 0.525000 0.058333 0.018750 0.025000
0 0.523438 0.072917 0.015625 0.025000
0 0.642188 0.112500 0.018750 0.016667
0 0.632812 0.122917 0.018750 0.025000
0 0.643750 0.056250 0.028125 0.020833
0 0.650000 0.106250 0.012500 0.025000
0 0.664062 0.118750 0.025000 0.016667
0 0.689063 0.066667 0.018750 0.016667
0 0.698438 0.095833 0.021875 0.020833
0 0.682813 0.091667 0.021875 0.016667
0 0.695312 0.112500 0.018750 0.016667
0 0.717187 0.102083 0.021875 0.016667
0 0.712500 0.120833 0.021875 0.016667
0 0.737500 0.112500 0.018750 0.016667
0 0.739062 0.135417 0.018750 0.020833
0 0.726562 0.131250 0.021875 0.016667
0 0.754687 0.129167 0.018750 0.025000
0 0.767188 0.104167 0.018750 0.025000
0 0.776563 0.075000 0.018750 0.020833
0 0.828125 0.066667 0.028125 0.025000
0 0.831250 0.075000 0.021875 0.016667
0 0.820312 0.095833 0.018750 0.029167
0 0.814063 0.108333 0.015625 0.037500
0 0.801562 0.095833 0.021875 0.016667
0 0.810937 0.114583 0.021875 0.020833
0 0.787500 0.118750 0.021875 0.020833
0 0.781250 0.131250 0.018750 0.020833
0 0.806250 0.133333 0.025000 0.025000
0 0.862500 0.118750 0.025000 0.020833
0 0.934375 0.125000 0.025000 0.020833
0 1.020312 0.133333 0.021875 0.025000