0 0.067187 0.062500 0.018750 0.029167
0 0.053125 0.077083 0.015625 0.033333
0 0.070312 0.102083 0.025000 0.025000
0 0.087500 0.081250 0.025000 0.020833
0 0.110937 0.087500 0.025000 0.020833
0 0.117188 0.075000 0.028125 0.020833
0 0.125000 0.102083 0.028125 0.020833
0 0.134375 0.100000 0.018750 0.033333
0 0.154688 0.052083 0.018750 0.020833
0 0.167187 0.064583 0.025000 0.020833
0 0.173437 0.060417 0.012500 0.029167
0 0.153125 0.083333 0.018750 0.020833
0 0.154688 0.097917 0.018750 0.020833
0 0.170313 0.110417 0.018750 0.025000
0 0.167187 0.116667 0.028125 0.020833
0 0.179688 0.089583 0.018750 0.016667
0 0.201563 0.070833 0.025000 0.020833
0 0.192188 0.091667 0.015625 0.025000
0 0.196875 0.118750 0.018750 0.029167
0 0.206250 0.095833 0.021875 0.016667
0 0.182812 0.102083 0.015625 0.016667
0 0.226562 0.125000 0.021875 0.016667
0 0.226562 0.114583 0.021875 0.016667
0 0.223438 0.079167 0.021875 0.016667
0 0.246875 0.062500 0.025000 0.016667
0 0.259375 0.054167 0.015625 0.020833
0 0.257812 0.075000 0.021875 0.016667
0 0.235937 0.091667 0.015625 0.025000
0 0.223438 0.100000 0.021875 0.012500
0 0.246875 0.095833 0.025000 0.016667
0 0.245312 0.108333 0.018750 0.020833
0 0.253125 0.122917 0.028125 0.020833
0 0.279687 0.127083 0.021875 0.016667
0 0.259375 0.116667 0.012500 0.020833
0 0.259375 0.104167 0.018750 0.020833
0 0.271875 0.112500 0.015625 0.029167
0 0.285938 0.097917 0.018750 0.025000
0 0.290625 0.060417 0.018750 0.020833
0 0.307812 0.062500 0.018750 0.020833
0 0.292187 0.070833 0.021875 0.020833
0 0.304688 0.083333 0.015625 0.025000
0 0.306250 0.102083 0.012500 0.025000
0 0.300000 0.081250 0.021875 0.016667
0 0.320312 0.097917 0.018750 0.020833
0 0.326562 0.116667 0.012500 0.025000
0 0.339062 0.095833 0.015625 0.025000
0 0.364063 0.100000 0.021875 0.016667
0 0.371875 0.114583 0.021875 0.016667
0 0.364063 0.125000 0.018750 0.016667
0 0.389062 0.093750 0.015625 0.025000
0 0.406250 0.093750 0.018750 0.016667
0 0.410938 0.108333 0.018750 0.016667
0 0.432812 0.129167 0.021875 0.020833
0 0.431250 0.114583 0.015625 0.025000
0 0.425000 0.102083 0.018750 0.016667
0 0.431250 0.085417 0.018750 0.016667
0 0.421875 0.060417 0.018750 0.016667
0 0.437500 0.081250 0.025000 0.033333
0 0.453125 0.052083 0.012500 0.016667
0 0.456250 0.100000 0.025000 0.016667
0 0.478125 0.120833 0.021875 0.016667
0 0.478125 0.106250 0.025000 0.016667
0 0.468750 0.085417 0.018750 0.020833
0 0.481250 0.089583 0.018750 0.016667
0 0.495312 0.062500 0.025000 0.016667
0 0.504687 0.091667 0.015625 0.020833
0 0.501563 0.110417 0.015625 0.020833
0 0.517188 0.081250 0.015625 0.020833
0 0.521875 0.104167 0.018750 0.016667
0 0.545312 0.066667 0.021875 0.020833
0 0.540625 0.097917 0.018750 0.016667
0 0.539062 0.112500 0.018750 0.016667
0 0.543750 0.125000 0.018750 0.016667
0 0.551562 0.104167 0.015625 0.025000
0 0.578125 0.129167 0.018750 0.016667
0 0.601562 0.125000 0.018750 0.016667
0 0.567187 0.095833 0.012500 0.025000
0 0.575000 0.068750 0.018750 0.016667
0 0.575000 0.104167 0.012500 0.025000
0 0.590625 0.104167 0.018750 0.012500
0 0.606250 0.110417 0.012500 0.025000
0 0.617188 0.114583 0.012500 0.025000
0 0.617188 0.087500 0.018750 0.020833
0 0.623437 0.097917 0.012500 0.025000
0 0.639062 0.110417 0.018750 0.016667
0 0.654687 0.110417 0.015625 0.025000
0 0.646875 0.083333 0.015625 0.025000
0 0.640625 0.093750 0.018750 0.012500
0 0.642188 0.060417 0.021875 0.016667
0 0.673438 0.060417 0.018750 0.016667
0 0.662500 0.077083 0.018750 0.025000
0 0.673438 0.091667 0.018750 0.020833
0 0.676562 0.070833 0.018750 0.020833
0 0.692187 0.102083 0.025000 0.016667
0 0.701562 0.102083 0.018750 0.033333
0 0.712500 0.085417 0.018750 0.016667
0 0.725000 0.079167 0.018750 0.025000
0 0.710938 0.116667 0.018750 0.016667
0 0.704688 0.133333 0.018750 0.020833
0 0.726562 0.114583 0.012500 0.025000
0 0.739062 0.095833 0.018750 0.016667
0 0.745313 0.104167 0.018750 0.016667
0 0.740625 0.120833 0.015625 0.020833
0 0.754687 0.116667 0.015625 0.020833
0 0.771875 0.110417 0.025000 0.016667
0 0.793750 0.106250 0.021875 0.016667
0 0.814063 0.102083 0.021875 0.016667
0 0.812500 0.089583 0.021875 0.016667
0 0.809375 0.075000 0.018750 0.016667
0 0.826562 0.064583 0.025000 0.016667
0 0.846875 0.083333 0.021875 0.016667
0 0.846875 0.106250 0.021875 0.016667
0 0.839063 0.120833 0.009375 0.025000
0 0.867188 0.135417 0.021875 0.016667
0 0.914062 0.131250 0.021875 0.016667
0 0.912500 0.112500 0.028125 0.016667
0 0.900000 0.097917 0.031250 0.020833
0 0.912500 0.085417 0.012500 0.029167
0 0.926562 0.060417 0.021875 0.016667
0 0.959375 0.060417 0.012500 0.016667
0 0.934375 0.104167 0.028125 0.016667
0 0.953125 0.120833 0.021875 0.016667
0 0.968750 0.133333 0.025000 0.020833
0 1.010938 0.131250 0.015625 0.020833
0 0.993750 0.102083 0.025000 0.016667
0 0.973437 0.112500 0.015625 0.025000
0 0.957812 0.108333 0.018750 0.020833
0 0.959375 0.083333 0.021875 0.016667
0 0.968750 0.072917 0.015625 0.020833
0 0.987500 0.070833 0.021875 0.020833
0 0.976562 0.089583 0.018750 0.016667