0 1.012500 0.118750 0.018750 0.025000
0 1.004687 0.095833 0.018750 0.025000
0 0.978125 0.106250 0.018750 0.025000
0 0.973437 0.089583 0.018750 0.020833
0 0.957812 0.070833 0.025000 0.020833
0 0.962500 0.112500 0.018750 0.016667
0 0.951562 0.125000 0.018750 0.020833
0 0.953125 0.102083 0.018750 0.016667
0 0.940625 0.110417 0.018750 0.016667
0 0.929688 0.106250 0.018750 0.020833
0 0.929688 0.091667 0.018750 0.020833
0 0.906250 0.131250 0.021875 0.020833
0 0.901563 0.116667 0.018750 0.020833
0 0.912500 0.100000 0.025000 0.025000
0 0.907813 0.079167 0.025000 0.020833
0 0.884375 0.072917 0.025000 0.016667
0 0.882812 0.093750 0.018750 0.025000
0 0.890625 0.100000 0.015625 0.025000
0 0.884375 0.106250 0.021875 0.016667
0 0.879687 0.120833 0.018750 0.020833
0 0.862500 0.104167 0.018750 0.016667
0 0.854688 0.091667 0.018750 0.020833
0 0.848437 0.129167 0.021875 0.020833
0 0.828125 0.135417 0.015625 0.016667
0 0.817187 0.120833 0.018750 0.016667
0 0.843750 0.112500 0.018750 0.016667
0 0.837500 0.104167 0.018750 0.020833
0 0.810937 0.104167 0.018750 0.025000
0 0.818750 0.089583 0.018750 0.016667
0 0.817187 0.079167 0.021875 0.020833
0 0.812500 0.056250 0.018750 0.016667
0 0.784375 0.087500 0.021875 0.020833
0 0.796875 0.100000 0.018750 0.020833
0 0.785937 0.106250 0.018750 0.020833
0 0.767188 0.106250 0.025000 0.016667
0 0.764062 0.072917 0.028125 0.020833
0 0.734375 0.091667 0.021875 0.016667
0 0.710938 0.102083 0.025000 0.020833
0 0.704688 0.120833 0.021875 0.016667
0 0.696875 0.091667 0.025000 0.020833
0 0.676562 0.100000 0.021875 0.020833
0 0.673438 0.079167 0.021875 0.016667
0 0.643750 0.083333 0.015625 0.025000
0 0.646875 0.104167 0.018750 0.020833
0 0.609375 0.104167 0.018750 0.025000
0 0.610938 0.118750 0.018750 0.020833
0 0.626563 0.106250 0.018750 0.025000
0 0.585938 0.079167 0.018750 0.016667
0 0.570312 0.085417 0.021875 0.020833
0 0.556250 0.114583 0.018750 0.025000
0 0.543750 0.095833 0.025000 0.016667
0 0.525000 0.108333 0.021875 0.020833
0 0.506250 0.104167 0.012500 0.029167
0 0.495312 0.104167 0.018750 0.025000
0 0.479687 0.091667 0.018750 0.020833
0 0.473438 0.062500 0.018750 0.020833
0 0.453125 0.091667 0.021875 0.020833
0 0.462500 0.116667 0.021875 0.016667
0 0.435937 0.085417 0.018750 0.020833
0 0.409375 0.085417 0.021875 0.020833
0 0.407813 0.127083 0.021875 0.016667
0 0.328125 0.079167 0.021875 0.020833
0 0.301563 0.100000 0.021875 0.020833
0 0.285938 0.118750 0.025000 0.020833
0 0.262500 0.102083 0.021875 0.016667
0 0.282813 0.097917 0.021875 0.020833
0 0.275000 0.091667 0.021875 0.020833
0 0.282813 0.079167 0.021875 0.016667
0 0.281250 0.066667 0.021875 0.016667
0 0.264062 0.072917 0.021875 0.016667
0 0.245312 0.079167 0.021875 0.016667
0 0.259375 0.064583 0.021875 0.016667
0 0.245312 0.060417 0.015625 0.025000
0 0.217188 0.085417 0.021875 0.020833
0 0.171875 0.106250 0.012500 0.025000
0 0.164062 0.081250 0.021875 0.016667
0 0.164062 0.050000 0.015625 0.016667
0 0.153125 0.095833 0.021875 0.016667
0 0.154688 0.110417 0.021875 0.012500
0 0.126562 0.110417 0.015625 0.016667
0 0.131250 0.095833 0.018750 0.025000
0 0.135937 0.081250 0.012500 0.012500
0 0.129688 0.072917 0.021875 0.016667
0 0.114062 0.079167 0.021875 0.016667
0 0.120313 0.095833 0.021875 0.016667
0 0.112500 0.110417 0.021875 0.016667
0 0.101562 0.089583 0.025000 0.016667
0 0.089063 0.118750 0.018750 0.025000
0 0.103125 0.102083 0.018750 0.016667
0 0.073438 0.106250 0.018750 0.020833
0 0.079687 0.087500 0.015625 0.025000
0 0.051562 0.106250 0.015625 0.033333
0 0.035937 0.108333 0.018750 0.016667
0 0.034375 0.091667 0.018750 0.016667
0 0.025000 0.083333 0.021875 0.020833
0 0.051562 0.072917 0.015625 0.025000
0 0.048438 0.050000 0.021875 0.016667
0 0.034375 0.072917 0.015625 0.025000
0 0.014063 0.072917 0.015625 0.025000
0 0.017188 0.095833 0.018750 0.016667