0 0.082812 0.163542 0.059375 0.060417
0 0.160156 0.206250 0.051562 0.058333
0 0.210156 0.184375 0.045312 0.068750
0 0.205469 0.302083 0.070312 0.070833
0 0.134375 0.405208 0.062500 0.064583
0 0.330469 0.447917 0.057813 0.070833
0 0.389844 0.445833 0.045312 0.087500
0 0.213281 0.556250 0.064062 0.066667
0 0.192969 0.590625 0.057813 0.064583
0 0.249219 0.615625 0.054688 0.052083
0 0.190625 0.695833 0.062500 0.058333
0 0.289062 0.669792 0.037500 0.089583
0 0.300000 0.698958 0.062500 0.056250
0 0.267969 0.683333 0.060937 0.070833
0 0.284375 0.737500 0.059375 0.062500
0 0.228906 0.886458 0.067187 0.068750
0 0.289844 0.861458 0.057813 0.047917
0 0.203125 1.002083 0.062500 0.062500
0 0.441406 0.881250 0.045312 0.087500
0 0.535937 0.990625 0.040625 0.068750
0 0.551562 0.855208 0.062500 0.056250
0 0.492188 0.819792 0.040625 0.056250
0 0.622656 0.756250 0.054688 0.075000
0 0.553125 0.665625 0.050000 0.068750
0 0.610938 0.637500 0.043750 0.050000
0 0.489844 0.514583 0.057813 0.062500
0 0.555469 0.402083 0.045312 0.083333
0 0.648438 0.873958 0.046875 0.064583
0 0.781250 0.948958 0.059375 0.072917
0 0.989062 1.009375 0.056250 0.072917
0 0.812500 0.771875 0.059375 0.068750
0 0.889062 0.673958 0.043750 0.060417
0 0.859375 0.529167 0.046875 0.083333
0 0.692969 0.244792 0.060937 0.068750
0 0.598437 0.101042 0.053125 0.068750
0 0.716406 0.160417 0.060937 0.050000
0 0.807031 0.195833 0.054688 0.083333
0 0.814063 0.287500 0.043750 0.045833
0 0.822656 0.097917 0.054688 0.062500
0 0.842969 0.159375 0.045312 0.056250
0 0.517969 0.443750 0.035937 0.045833