0 1.017187 0.137500 0.018750 0.020833
0 1.017187 0.125000 0.015625 0.016667
0 0.960938 0.133333 0.028125 0.020833
0 1.010938 0.056250 0.021875 0.016667
0 0.979688 0.062500 0.021875 0.020833
0 0.956250 0.058333 0.018750 0.020833
0 0.893750 0.075000 0.021875 0.020833
0 0.868750 0.064583 0.028125 0.016667
0 0.814063 0.060417 0.025000 0.020833
0 0.720313 0.056250 0.015625 0.016667
0 0.567187 0.131250 0.015625 0.025000
0 0.420312 0.106250 0.015625 0.037500
0 0.225000 0.106250 0.025000 0.016667
0 0.157812 0.050000 0.028125 0.016667
0 0.076563 0.129167 0.018750 0.033333
0 0.060937 0.125000 0.018750 0.016667
0 0.081250 0.095833 0.018750 0.016667
0 0.053125 0.066667 0.012500 0.029167
0 0.020313 0.052083 0.015625 0.020833
0 0.025000 0.062500 0.018750 0.020833