0 0.934375 0.131250 0.031250 0.020833
0 0.990625 0.137500 0.018750 0.020833
0 0.975000 0.141667 0.018750 0.020833
0 0.989062 0.081250 0.012500 0.025000
0 0.985938 0.060417 0.025000 0.020833
0 1.006250 0.097917 0.015625 0.025000
0 0.918750 0.064583 0.018750 0.020833
0 0.904687 0.056250 0.018750 0.016667
0 0.881250 0.102083 0.015625 0.033333
0 0.892188 0.058333 0.018750 0.016667
0 0.871875 0.058333 0.018750 0.016667
0 0.765625 0.104167 0.025000 0.016667
0 0.793750 0.127083 0.028125 0.012500
0 0.451562 0.131250 0.025000 0.016667
0 0.418750 0.056250 0.021875 0.016667
0 0.243750 0.112500 0.025000 0.016667
0 0.065625 0.052083 0.021875 0.020833
0 0.068750 0.081250 0.018750 0.029167