0 0.021875 0.064583 0.018750 0.016667
0 0.023438 0.085417 0.025000 0.016667
0 0.026562 0.102083 0.025000 0.020833
0 0.021875 0.116667 0.028125 0.016667
0 0.051562 0.125000 0.025000 0.016667
0 0.073438 0.116667 0.021875 0.016667
0 0.098437 0.097917 0.021875 0.016667
0 0.100000 0.077083 0.021875 0.020833
0 0.089063 0.068750 0.018750 0.020833
0 0.142187 0.050000 0.018750 0.016667
0 0.125000 0.079167 0.018750 0.016667
0 0.117188 0.091667 0.018750 0.016667
0 0.118750 0.102083 0.018750 0.016667
0 0.142187 0.112500 0.012500 0.025000
0 0.156250 0.112500 0.012500 0.025000
0 0.165625 0.114583 0.009375 0.025000
0 0.182812 0.108333 0.015625 0.025000
0 0.145313 0.091667 0.018750 0.020833
0 0.156250 0.079167 0.018750 0.025000
0 0.201563 0.081250 0.018750 0.016667
0 0.239063 0.064583 0.021875 0.020833
0 0.207813 0.093750 0.015625 0.025000
0 0.232813 0.079167 0.021875 0.016667
0 0.225000 0.102083 0.021875 0.016667
0 0.245312 0.095833 0.021875 0.016667
0 0.240625 0.106250 0.025000 0.012500
0 0.228125 0.127083 0.021875 0.016667
0 0.253125 0.114583 0.012500 0.029167
0 0.256250 0.083333 0.021875 0.016667
0 0.275000 0.079167 0.012500 0.016667
0 0.287500 0.087500 0.018750 0.016667
0 0.289062 0.102083 0.018750 0.016667
0 0.300000 0.083333 0.018750 0.016667
0 0.321875 0.083333 0.018750 0.020833
0 0.317188 0.100000 0.018750 0.016667
0 0.360938 0.079167 0.021875 0.020833
0 0.370312 0.060417 0.012500 0.020833
0 0.370312 0.087500 0.012500 0.025000
0 0.368750 0.093750 0.018750 0.016667
0 0.370312 0.112500 0.018750 0.016667
0 0.401562 0.125000 0.025000 0.029167
0 0.398438 0.097917 0.018750 0.016667
0 0.404687 0.081250 0.025000 0.020833
0 0.432812 0.077083 0.021875 0.016667
0 0.439063 0.091667 0.021875 0.016667
0 0.418750 0.104167 0.021875 0.020833
0 0.437500 0.118750 0.012500 0.025000
0 0.462500 0.100000 0.018750 0.016667
0 0.482812 0.106250 0.012500 0.029167
0 0.498437 0.108333 0.021875 0.016667
0 0.490625 0.072917 0.021875 0.020833
0 0.521875 0.072917 0.021875 0.016667
0 0.532813 0.081250 0.021875 0.016667
0 0.531250 0.093750 0.021875 0.016667
0 0.528125 0.129167 0.012500 0.016667
0 0.546875 0.110417 0.021875 0.016667
0 0.559375 0.083333 0.021875 0.016667
0 0.551562 0.077083 0.021875 0.016667
0 0.556250 0.060417 0.012500 0.025000
0 0.575000 0.068750 0.025000 0.016667
0 0.596875 0.104167 0.018750 0.020833
0 0.601562 0.085417 0.018750 0.016667
0 0.609375 0.054167 0.021875 0.016667
0 0.648438 0.095833 0.018750 0.016667
0 0.660937 0.100000 0.018750 0.016667
0 0.662500 0.112500 0.021875 0.016667
0 0.676562 0.066667 0.018750 0.025000
0 0.679688 0.085417 0.018750 0.016667
0 0.673438 0.075000 0.018750 0.016667
0 0.696875 0.070833 0.018750 0.016667
0 0.701562 0.102083 0.025000 0.029167
0 0.717187 0.079167 0.018750 0.016667
0 0.735938 0.097917 0.018750 0.020833
0 0.728125 0.110417 0.018750 0.020833
0 0.764062 0.097917 0.012500 0.033333
0 0.781250 0.083333 0.018750 0.016667
0 0.779687 0.097917 0.018750 0.016667
0 0.806250 0.087500 0.018750 0.016667
0 0.818750 0.102083 0.025000 0.020833
0 0.815625 0.135417 0.012500 0.016667
0 0.839063 0.089583 0.021875 0.016667
0 0.826562 0.085417 0.025000 0.016667
0 0.821875 0.060417 0.015625 0.016667
0 0.859375 0.066667 0.025000 0.016667
0 0.860938 0.083333 0.025000 0.020833
0 0.865625 0.089583 0.025000 0.016667
0 0.870313 0.116667 0.021875 0.016667
0 0.876563 0.131250 0.025000 0.016667
0 0.907813 0.133333 0.015625 0.012500
0 0.882812 0.102083 0.021875 0.016667
0 0.884375 0.056250 0.012500 0.016667
0 0.926562 0.056250 0.021875 0.016667
0 0.914062 0.083333 0.012500 0.025000
0 0.914062 0.114583 0.012500 0.025000
0 0.946875 0.095833 0.025000 0.012500
0 0.937500 0.081250 0.012500 0.025000
0 0.957812 0.070833 0.021875 0.016667
0 0.975000 0.054167 0.021875 0.012500
0 1.010938 0.054167 0.012500 0.012500
0 1.009375 0.072917 0.018750 0.016667
0 0.992188 0.085417 0.021875 0.020833
0 0.978125 0.108333 0.021875 0.029167
0 1.001562 0.097917 0.021875 0.016667
0 1.000000 0.133333 0.012500 0.033333