0 0.014063 0.066667 0.018750 0.016667
0 0.012500 0.085417 0.018750 0.020833
0 0.029687 0.087500 0.018750 0.025000
0 0.034375 0.102083 0.018750 0.025000
0 0.031250 0.118750 0.018750 0.016667
0 0.054688 0.066667 0.018750 0.025000
0 0.045312 0.079167 0.018750 0.025000
0 0.053125 0.095833 0.018750 0.020833
0 0.057813 0.108333 0.018750 0.020833
0 0.057813 0.116667 0.018750 0.020833
0 0.081250 0.112500 0.018750 0.020833
0 0.068750 0.110417 0.018750 0.020833
0 0.076563 0.097917 0.018750 0.020833
0 0.081250 0.081250 0.021875 0.020833
0 0.093750 0.085417 0.018750 0.029167
0 0.110937 0.079167 0.018750 0.029167
0 0.123438 0.102083 0.021875 0.020833
0 0.132812 0.118750 0.021875 0.020833
0 0.153125 0.085417 0.018750 0.020833
0 0.173437 0.083333 0.018750 0.029167
0 0.189062 0.093750 0.021875 0.020833
0 0.193750 0.110417 0.021875 0.020833
0 0.206250 0.112500 0.015625 0.029167
0 0.220312 0.087500 0.025000 0.020833
0 0.281250 0.093750 0.018750 0.020833
0 0.304688 0.087500 0.018750 0.016667
0 0.387500 0.104167 0.018750 0.016667
0 0.384375 0.056250 0.018750 0.016667
0 0.448437 0.085417 0.018750 0.016667
0 0.456250 0.100000 0.021875 0.020833
0 0.470313 0.114583 0.021875 0.016667
0 0.490625 0.072917 0.021875 0.020833
0 0.537500 0.102083 0.025000 0.020833
0 0.670312 0.060417 0.021875 0.016667
0 0.668750 0.106250 0.025000 0.016667
0 0.687500 0.091667 0.025000 0.020833
0 0.703125 0.070833 0.021875 0.016667
0 0.728125 0.093750 0.021875 0.020833
0 0.728125 0.112500 0.025000 0.020833
0 0.779687 0.095833 0.025000 0.020833
0 0.801562 0.106250 0.025000 0.020833
0 0.818750 0.081250 0.021875 0.020833
0 0.846875 0.081250 0.018750 0.016667
0 0.842187 0.095833 0.021875 0.016667
0 0.834375 0.102083 0.021875 0.016667
0 0.846875 0.120833 0.021875 0.020833
0 0.864062 0.133333 0.021875 0.016667
0 0.882812 0.131250 0.012500 0.012500
0 0.900000 0.120833 0.025000 0.016667
0 0.890625 0.108333 0.018750 0.016667
0 0.873437 0.104167 0.021875 0.016667
0 0.864062 0.087500 0.021875 0.016667
0 0.909375 0.102083 0.018750 0.020833
0 0.921875 0.116667 0.018750 0.016667
0 0.934375 0.106250 0.018750 0.016667
0 0.945312 0.125000 0.018750 0.016667
0 0.921875 0.095833 0.018750 0.016667
0 0.925000 0.087500 0.012500 0.025000
0 0.925000 0.066667 0.025000 0.016667
0 0.953125 0.093750 0.021875 0.016667
0 0.956250 0.104167 0.018750 0.016667
0 0.973437 0.116667 0.018750 0.016667
0 0.978125 0.131250 0.018750 0.012500
0 0.989062 0.133333 0.012500 0.016667
0 1.004687 0.129167 0.012500 0.020833
0 1.012500 0.118750 0.012500 0.016667
0 0.979688 0.106250 0.015625 0.020833
0 0.995313 0.108333 0.012500 0.016667
0 0.993750 0.089583 0.018750 0.012500
0 1.003125 0.079167 0.025000 0.016667
0 0.970313 0.091667 0.015625 0.029167
0 0.964063 0.077083 0.018750 0.020833