0 0.979688 0.062500 0.015625 0.020833
0 1.010938 0.083333 0.018750 0.016667
0 1.015625 0.135417 0.018750 0.016667
0 0.978125 0.135417 0.018750 0.016667
0 0.923438 0.102083 0.018750 0.033333
0 0.920312 0.135417 0.025000 0.016667
0 0.839063 0.120833 0.025000 0.020833
0 0.837500 0.137500 0.025000 0.020833
0 0.773438 0.104167 0.021875 0.033333
0 0.714063 0.058333 0.018750 0.025000
0 0.225000 0.089583 0.025000 0.020833
0 0.164062 0.077083 0.015625 0.029167
0 0.121875 0.087500 0.015625 0.033333
0 0.115625 0.104167 0.025000 0.020833
0 0.115625 0.129167 0.021875 0.020833
0 0.075000 0.120833 0.018750 0.033333
0 0.107813 0.079167 0.015625 0.025000
0 0.096875 0.079167 0.015625 0.025000
0 0.087500 0.070833 0.018750 0.025000
0 0.010937 0.104167 0.015625 0.025000
0 0.020313 0.079167 0.025000 0.016667