0 0.990000 0.909756 0.020000 0.048780
0 0.886667 0.934146 0.080000 0.043902
0 0.543333 0.939024 0.066667 0.053659
0 0.073333 0.921951 0.060000 0.043902
0 0.056667 0.821951 0.073333 0.048780
0 0.300000 0.887805 0.080000 0.043902
0 0.876667 0.770732 0.080000 0.048780
0 0.696667 0.756098 0.060000 0.048780
0 0.730000 0.758537 0.053333 0.053659
0 0.978333 0.658537 0.043333 0.058537
0 0.903333 0.658537 0.066667 0.058537
0 0.766667 0.675610 0.086667 0.043902
0 0.453333 0.792683 0.080000 0.048780
0 0.336667 0.821951 0.073333 0.048780
0 0.263333 0.829268 0.073333 0.039024
0 0.243333 0.802439 0.060000 0.043902
0 0.130000 0.736585 0.073333 0.053659
0 0.720000 0.585366 0.073333 0.053659
0 0.975000 0.402439 0.050000 0.053659
0 0.153333 0.634146 0.066667 0.053659
0 0.256667 0.600000 0.073333 0.043902
0 0.220000 0.578049 0.073333 0.043902
0 0.083333 0.565854 0.080000 0.048780
0 0.293333 0.509756 0.060000 0.043902
0 0.086667 0.480488 0.066667 0.048780
0 0.100000 0.402439 0.060000 0.048780
0 0.413333 0.409756 0.073333 0.048780
0 0.793333 0.278049 0.046667 0.039024
0 0.773333 0.314634 0.053333 0.039024
0 0.743333 0.331707 0.080000 0.043902
0 0.143333 0.331707 0.080000 0.048780
0 0.260000 0.343902 0.086667 0.053659
0 0.283333 0.285366 0.086667 0.053659
0 0.633333 0.297561 0.066667 0.053659
0 0.643333 0.224390 0.060000 0.048780
0 0.546667 0.278049 0.066667 0.043902
0 0.480000 0.304878 0.073333 0.043902
0 0.393333 0.270732 0.066667 0.048780
0 0.523333 0.239024 0.066667 0.048780
0 0.413333 0.217073 0.053333 0.048780
0 0.380000 0.219512 0.060000 0.048780
0 0.336667 0.168293 0.060000 0.048780
0 0.443333 0.173171 0.080000 0.048780
0 0.540000 0.175610 0.080000 0.043902
0 0.613333 0.129268 0.046667 0.043902
0 0.590000 0.129268 0.053333 0.039024
0 0.566667 0.097561 0.066667 0.039024
0 0.623333 0.051220 0.066667 0.043902
0 0.563333 0.046341 0.073333 0.043902
0 0.440000 0.090244 0.073333 0.043902
0 0.386667 0.102439 0.066667 0.048780
0 0.296667 0.063415 0.060000 0.043902
0 0.166667 0.182927 0.060000 0.048780
0 0.113333 0.239024 0.060000 0.048780
0 0.080000 0.217073 0.060000 0.039024
0 0.160000 0.139024 0.073333 0.043902
0 0.063333 0.185366 0.060000 0.043902
0 0.100000 0.151220 0.066667 0.043902
0 0.043333 0.153659 0.053333 0.048780
0 0.120000 0.095122 0.046667 0.048780
0 0.156667 0.065854 0.060000 0.048780
0 0.100000 0.051220 0.053333 0.043902
0 0.086667 0.092683 0.066667 0.048780