0 0.576667 0.995122 0.060000 0.009756
0 0.096667 0.987805 0.053333 0.024390
0 0.293333 0.973171 0.073333 0.048780
0 0.320000 0.956098 0.046667 0.039024
0 0.703333 0.729268 0.066667 0.043902
0 0.546667 0.690244 0.080000 0.053659
0 0.270000 0.685366 0.080000 0.043902
0 0.063333 0.736585 0.066667 0.048780
0 0.076667 0.685366 0.053333 0.043902
0 0.603333 0.582927 0.073333 0.053659
0 0.490000 0.607317 0.060000 0.058537
0 0.396667 0.582927 0.060000 0.043902
0 0.530000 0.453659 0.060000 0.048780
0 0.433333 0.512195 0.046667 0.048780
0 0.406667 0.519512 0.066667 0.043902
0 0.336667 0.519512 0.073333 0.053659
0 0.403333 0.480488 0.066667 0.043902
0 0.046667 0.553659 0.053333 0.048780
0 0.116667 0.490244 0.080000 0.043902
0 0.146667 0.448780 0.060000 0.043902
0 0.163333 0.402439 0.060000 0.048780
0 0.975000 0.231707 0.050000 0.043902
0 0.720000 0.385366 0.080000 0.048780
0 0.710000 0.424390 0.080000 0.043902
0 0.760000 0.229268 0.060000 0.053659
0 0.556667 0.390244 0.073333 0.043902
0 0.580000 0.368293 0.066667 0.034146
0 0.610000 0.356098 0.066667 0.043902
0 0.626667 0.278049 0.066667 0.058537
0 0.693333 0.141463 0.066667 0.048780
0 0.683333 0.034146 0.080000 0.048780
0 0.370000 0.395122 0.080000 0.043902
0 0.483333 0.260976 0.080000 0.039024
0 0.466667 0.292683 0.080000 0.039024
0 0.263333 0.348780 0.073333 0.039024
0 0.323333 0.346341 0.080000 0.043902
0 0.370000 0.246341 0.073333 0.048780
0 0.266667 0.290244 0.086667 0.043902
0 0.326667 0.175610 0.060000 0.043902
0 0.263333 0.236585 0.066667 0.048780
0 0.206667 0.195122 0.073333 0.053659
0 0.153333 0.268293 0.060000 0.048780
0 0.046667 0.278049 0.066667 0.043902
0 0.076667 0.248780 0.073333 0.043902
0 0.143333 0.090244 0.093333 0.048780
0 0.046667 0.114634 0.060000 0.043902
0 0.036667 0.163415 0.046667 0.053659
0 0.036667 0.209756 0.040000 0.053659