0 0.063333 0.975610 0.060000 0.043902
0 0.086667 0.924390 0.060000 0.043902
0 0.546667 0.965854 0.066667 0.058537
0 0.823333 0.931707 0.080000 0.048780
0 0.953333 0.878049 0.080000 0.048780
0 0.988333 0.726829 0.023333 0.063415
0 0.050000 0.802439 0.060000 0.043902
0 0.383333 0.756098 0.080000 0.043902
0 0.166667 0.768293 0.066667 0.048780
0 0.193333 0.797561 0.073333 0.043902
0 0.186667 0.858537 0.053333 0.039024
0 0.220000 0.834146 0.053333 0.048780
0 0.276667 0.856098 0.060000 0.053659
0 0.250000 0.900000 0.060000 0.048780
0 0.840000 0.741463 0.080000 0.048780
0 0.870000 0.675610 0.073333 0.048780
0 0.975000 0.453659 0.050000 0.058537
0 0.686667 0.741463 0.060000 0.048780
0 0.736667 0.736585 0.066667 0.063415
0 0.693333 0.673171 0.080000 0.048780
0 0.673333 0.607317 0.086667 0.048780
0 0.171667 0.682927 0.070000 0.058537
0 0.128333 0.571951 0.070000 0.051220
0 0.258333 0.603659 0.070000 0.036585
0 0.266667 0.581707 0.060000 0.036585
0 0.260000 0.495122 0.060000 0.043902
0 0.121667 0.462195 0.070000 0.051220
0 0.401667 0.423171 0.070000 0.051220
0 0.110000 0.417073 0.060000 0.043902
0 0.185000 0.386585 0.070000 0.051220
0 0.236667 0.353659 0.080000 0.058537
0 0.240000 0.256098 0.080000 0.058537
0 0.823333 0.290244 0.060000 0.043902
0 0.778333 0.315854 0.050000 0.036585
0 0.726667 0.329268 0.080000 0.043902
0 0.638333 0.343902 0.070000 0.058537
0 0.050000 0.297561 0.060000 0.043902
0 0.350000 0.309756 0.073333 0.053659
0 0.650000 0.270732 0.073333 0.053659
0 0.536667 0.290244 0.073333 0.048780
0 0.443333 0.290244 0.086667 0.053659
0 0.863333 0.046341 0.066667 0.048780
0 0.716667 0.085366 0.066667 0.048780
0 0.656667 0.092683 0.053333 0.048780
0 0.570000 0.185366 0.073333 0.043902
0 0.500000 0.212195 0.073333 0.043902
0 0.623333 0.126829 0.080000 0.048780
0 0.596667 0.046341 0.073333 0.043902
0 0.133333 0.229268 0.066667 0.053659
0 0.390000 0.207317 0.073333 0.048780
0 0.340000 0.192683 0.060000 0.048780
0 0.416667 0.168293 0.073333 0.053659
0 0.443333 0.112195 0.073333 0.048780
0 0.370000 0.131707 0.073333 0.048780
0 0.386667 0.104878 0.060000 0.053659
0 0.320000 0.073171 0.066667 0.053659
0 0.106667 0.207317 0.060000 0.048780
0 0.053333 0.192683 0.066667 0.053659
0 0.160000 0.175610 0.073333 0.053659
0 0.210000 0.131707 0.066667 0.053659
0 0.166667 0.134146 0.066667 0.048780
0 0.176667 0.100000 0.066667 0.048780
0 0.130000 0.124390 0.066667 0.048780
0 0.100000 0.102439 0.066667 0.053659
0 0.053333 0.136585 0.066667 0.053659
0 0.056667 0.056098 0.066667 0.048780