0 0.048333 0.991463 0.056667 0.017073
0 0.563333 0.993902 0.066667 0.012195
0 0.943333 0.890244 0.066667 0.048780
0 0.378333 0.902439 0.063333 0.043902
0 0.460000 0.860976 0.066667 0.048780
0 0.398333 0.835366 0.050000 0.041463
0 0.906667 0.776829 0.060000 0.051220
0 0.956667 0.742683 0.046667 0.041463
0 0.316667 0.756098 0.046667 0.039024
0 0.155000 0.759756 0.056667 0.056098
0 0.410000 0.700000 0.073333 0.048780
0 0.826667 0.726829 0.073333 0.048780
0 0.921667 0.521951 0.070000 0.048780
0 0.058333 0.658537 0.050000 0.039024
0 0.083333 0.607317 0.066667 0.048780
0 0.060000 0.498780 0.066667 0.046341
0 0.246667 0.579268 0.066667 0.041463
0 0.340000 0.630488 0.046667 0.036585
0 0.300000 0.534146 0.053333 0.043902
0 0.400000 0.532927 0.080000 0.051220
0 0.501667 0.532927 0.050000 0.041463
0 0.563333 0.567073 0.073333 0.046341
0 0.600000 0.532927 0.053333 0.041463
0 0.720000 0.457317 0.073333 0.046341
0 0.701667 0.391463 0.076667 0.051220
0 0.308333 0.471951 0.076667 0.041463
0 0.326667 0.446341 0.073333 0.039024
0 0.391667 0.421951 0.063333 0.048780
0 0.340000 0.406098 0.073333 0.046341
0 0.295000 0.364634 0.076667 0.051220
0 0.146667 0.310976 0.080000 0.051220
0 0.983333 0.200000 0.033333 0.053659
0 0.940000 0.245122 0.060000 0.056098
0 0.833333 0.236585 0.060000 0.043902
0 0.741667 0.201220 0.076667 0.051220
0 0.481667 0.318293 0.056667 0.041463
0 0.325000 0.337805 0.063333 0.051220
0 0.251667 0.286585 0.063333 0.046341
0 0.183333 0.253659 0.066667 0.048780
0 0.553333 0.197561 0.053333 0.048780
0 0.511667 0.275610 0.083333 0.053659
0 0.398333 0.264634 0.070000 0.051220
0 0.328333 0.251220 0.070000 0.048780
0 0.320000 0.219512 0.060000 0.039024
0 0.426667 0.217073 0.066667 0.043902
0 0.765000 0.086585 0.070000 0.051220
0 0.661667 0.121951 0.083333 0.048780
0 0.436667 0.148780 0.073333 0.048780
0 0.376667 0.117073 0.066667 0.043902
0 0.373333 0.079268 0.060000 0.041463
0 0.300000 0.156098 0.066667 0.053659
0 0.078333 0.186585 0.070000 0.051220
0 0.211667 0.117073 0.076667 0.048780
0 0.180000 0.160976 0.060000 0.039024
0 0.233333 0.163415 0.053333 0.039024
0 0.098333 0.045122 0.063333 0.036585