0 0.043333 0.953659 0.053333 0.043902
0 0.090000 0.929268 0.053333 0.043902
0 0.130000 0.907317 0.046667 0.039024
0 0.116667 0.978049 0.060000 0.039024
0 0.266667 0.936585 0.053333 0.053659
0 0.540000 0.979268 0.073333 0.041463
0 0.783333 0.958537 0.073333 0.053659
0 0.900000 0.856098 0.086667 0.043902
0 0.991667 0.797561 0.016667 0.058537
0 0.983333 0.897561 0.033333 0.039024
0 0.046667 0.787805 0.060000 0.039024
0 0.330000 0.717073 0.080000 0.048780
0 0.160000 0.719512 0.073333 0.053659
0 0.173333 0.773171 0.053333 0.043902
0 0.180000 0.802439 0.066667 0.039024
0 0.230000 0.868293 0.053333 0.053659
0 0.273333 0.853659 0.073333 0.043902
0 0.810000 0.653659 0.073333 0.039024
0 0.796667 0.702439 0.073333 0.053659
0 0.710000 0.697561 0.060000 0.058537
0 0.670000 0.719512 0.060000 0.048780
0 0.613333 0.663415 0.080000 0.048780
0 0.616667 0.614634 0.086667 0.048780
0 0.953333 0.492683 0.073333 0.053659
0 0.176667 0.575610 0.060000 0.048780
0 0.243333 0.590244 0.080000 0.043902
0 0.290000 0.565854 0.066667 0.053659
0 0.230000 0.482927 0.053333 0.043902
0 0.850000 0.300000 0.060000 0.043902
0 0.790000 0.346341 0.060000 0.048780
0 0.700000 0.329268 0.073333 0.043902
0 0.616667 0.392683 0.066667 0.053659
0 0.383333 0.431707 0.066667 0.048780
0 0.250000 0.436585 0.073333 0.043902
0 0.153333 0.431707 0.073333 0.043902
0 0.070000 0.436585 0.073333 0.043902
0 0.200000 0.382927 0.073333 0.053659
0 0.076667 0.295122 0.060000 0.043902
0 0.300000 0.339024 0.073333 0.048780
0 0.606667 0.304878 0.073333 0.053659
0 0.533333 0.300000 0.060000 0.043902
0 0.390000 0.295122 0.086667 0.048780
0 0.880000 0.092683 0.066667 0.053659
0 0.793333 0.141463 0.073333 0.053659
0 0.600000 0.195122 0.073333 0.043902
0 0.676667 0.073171 0.060000 0.043902
0 0.656667 0.170732 0.060000 0.043902
0 0.640000 0.134146 0.060000 0.039024
0 0.613333 0.039024 0.060000 0.039024
0 0.556667 0.056098 0.073333 0.043902
0 0.450000 0.126829 0.060000 0.043902
0 0.496667 0.209756 0.073333 0.043902
0 0.383333 0.102439 0.060000 0.043902
0 0.323333 0.080488 0.053333 0.039024
0 0.413333 0.156098 0.066667 0.048780
0 0.350000 0.129268 0.066667 0.043902
0 0.383333 0.224390 0.073333 0.043902
0 0.340000 0.195122 0.060000 0.043902
0 0.233333 0.231707 0.073333 0.053659
0 0.153333 0.234146 0.073333 0.053659
0 0.106667 0.195122 0.053333 0.043902
0 0.230000 0.109756 0.060000 0.043902
0 0.113333 0.085366 0.066667 0.048780
0 0.123333 0.158537 0.060000 0.043902
0 0.183333 0.095122 0.053333 0.039024
0 0.160000 0.124390 0.060000 0.039024
0 0.113333 0.126829 0.066667 0.043902