0 0.076667 0.826829 0.073333 0.053659
0 0.090000 0.943902 0.066667 0.048780
0 0.506667 0.897561 0.066667 0.058537
0 0.630000 0.946341 0.080000 0.043902
0 0.971667 0.892683 0.056667 0.043902
0 0.736667 0.875610 0.080000 0.053659
0 0.626667 0.809756 0.066667 0.048780
0 0.936667 0.612195 0.066667 0.048780
0 0.216667 0.692683 0.066667 0.053659
0 0.326667 0.714634 0.066667 0.048780
0 0.436667 0.704878 0.066667 0.053659
0 0.473333 0.643902 0.060000 0.058537
0 0.346667 0.626829 0.060000 0.048780
0 0.056667 0.600000 0.053333 0.048780
0 0.470000 0.595122 0.086667 0.053659
0 0.076667 0.548780 0.066667 0.048780
0 0.113333 0.514634 0.073333 0.048780
0 0.540000 0.517073 0.080000 0.053659
0 0.806667 0.480488 0.060000 0.058537
0 0.866667 0.482927 0.066667 0.048780
0 0.863333 0.453659 0.066667 0.058537
0 0.973333 0.421951 0.053333 0.068293
0 0.633333 0.400000 0.080000 0.053659
0 0.073333 0.409756 0.080000 0.048780
0 0.370000 0.385366 0.053333 0.053659
0 0.430000 0.407317 0.066667 0.053659
0 0.500000 0.334146 0.066667 0.048780
0 0.206667 0.319512 0.080000 0.043902
0 0.210000 0.280488 0.080000 0.043902
0 0.216667 0.248780 0.080000 0.048780
0 0.040000 0.365854 0.040000 0.048780
0 0.823333 0.268293 0.066667 0.048780
0 0.900000 0.253659 0.066667 0.048780
0 0.680000 0.256098 0.086667 0.048780
0 0.536667 0.258537 0.060000 0.058537
0 0.960000 0.087805 0.053333 0.048780
0 0.716667 0.100000 0.073333 0.053659
0 0.093333 0.248780 0.086667 0.043902
0 0.050000 0.219512 0.080000 0.039024
0 0.046667 0.119512 0.053333 0.039024
0 0.076667 0.090244 0.093333 0.043902
0 0.213333 0.109756 0.080000 0.043902
0 0.503333 0.219512 0.073333 0.048780
0 0.543333 0.136585 0.080000 0.048780
0 0.533333 0.190244 0.060000 0.058537
0 0.353333 0.197561 0.066667 0.039024
0 0.336667 0.170732 0.060000 0.048780
0 0.376667 0.180488 0.060000 0.048780
0 0.363333 0.136585 0.066667 0.048780
0 0.283333 0.119512 0.066667 0.048780
0 0.416667 0.104878 0.066667 0.048780
0 0.520000 0.082927 0.066667 0.048780
0 0.363333 0.058537 0.080000 0.034146
0 0.363333 0.039024 0.080000 0.034146
0 0.560000 0.039024 0.066667 0.048780