0 0.056667 0.909756 0.046667 0.039024
0 0.975000 0.895122 0.050000 0.039024
0 0.965000 0.948780 0.070000 0.048780
0 0.530000 0.919512 0.066667 0.053659
0 0.363333 0.914634 0.073333 0.048780
0 0.333333 0.858537 0.073333 0.043902
0 0.063333 0.853659 0.060000 0.048780
0 0.503333 0.817073 0.080000 0.048780
0 0.926667 0.785366 0.080000 0.048780
0 0.733333 0.790244 0.060000 0.053659
0 0.070000 0.702439 0.073333 0.039024
0 0.066667 0.721951 0.066667 0.034146
0 0.303333 0.729268 0.060000 0.053659
0 0.246667 0.775610 0.073333 0.053659
0 0.370000 0.790244 0.066667 0.053659
0 0.690000 0.765854 0.066667 0.048780
0 0.830000 0.680488 0.080000 0.043902
0 0.966667 0.600000 0.060000 0.053659
0 0.910000 0.607317 0.060000 0.053659
0 0.333333 0.529268 0.066667 0.039024
0 0.283333 0.600000 0.073333 0.039024
0 0.140000 0.604878 0.066667 0.043902
0 0.160000 0.546341 0.073333 0.048780
0 0.053333 0.553659 0.066667 0.039024
0 0.063333 0.517073 0.053333 0.048780
0 0.766667 0.546341 0.073333 0.048780
0 0.970000 0.336585 0.060000 0.058537
0 0.760000 0.348780 0.053333 0.048780
0 0.796667 0.273171 0.053333 0.039024
0 0.763333 0.317073 0.046667 0.034146
0 0.083333 0.382927 0.053333 0.048780
0 0.433333 0.380488 0.066667 0.048780
0 0.303333 0.346341 0.080000 0.048780
0 0.493333 0.329268 0.066667 0.053659
0 0.556667 0.273171 0.060000 0.048780
0 0.573333 0.270732 0.053333 0.048780
0 0.626667 0.260976 0.066667 0.048780
0 0.326667 0.297561 0.086667 0.053659
0 0.076667 0.300000 0.073333 0.053659
0 0.443333 0.248780 0.060000 0.053659
0 0.633333 0.180488 0.066667 0.058537
0 0.593333 0.131707 0.080000 0.048780
0 0.510000 0.163415 0.073333 0.043902
0 0.466667 0.175610 0.080000 0.043902
0 0.376667 0.212195 0.066667 0.039024
0 0.390000 0.241463 0.046667 0.048780
0 0.060000 0.221951 0.060000 0.043902
0 0.100000 0.246341 0.066667 0.048780
0 0.090000 0.185366 0.080000 0.043902
0 0.166667 0.182927 0.066667 0.043902
0 0.130000 0.153659 0.066667 0.039024
0 0.333333 0.141463 0.066667 0.048780
0 0.086667 0.119512 0.066667 0.048780
0 0.180000 0.117073 0.080000 0.043902
0 0.060000 0.078049 0.066667 0.043902
0 0.113333 0.060976 0.046667 0.048780
0 0.193333 0.063415 0.080000 0.043902
0 0.146667 0.036585 0.060000 0.039024
0 0.286667 0.056098 0.053333 0.039024
0 0.400000 0.109756 0.053333 0.048780
0 0.363333 0.056098 0.066667 0.048780
0 0.463333 0.090244 0.073333 0.048780
0 0.506667 0.073171 0.073333 0.043902
0 0.553333 0.034146 0.073333 0.034146
0 0.496667 0.026829 0.066667 0.029268