0 0.070000 0.978049 0.066667 0.043902
0 0.110000 0.995122 0.066667 0.009756
0 0.260000 0.965854 0.093333 0.053659
0 0.963333 0.887805 0.073333 0.048780
0 0.616667 0.929268 0.060000 0.053659
0 0.653333 0.941463 0.066667 0.058537
0 0.483333 0.936585 0.066667 0.048780
0 0.483333 0.875610 0.080000 0.063415
0 0.330000 0.819512 0.066667 0.048780
0 0.310000 0.736585 0.066667 0.048780
0 0.390000 0.656098 0.066667 0.048780
0 0.480000 0.551220 0.060000 0.048780
0 0.923333 0.600000 0.066667 0.048780
0 0.863333 0.636585 0.060000 0.068293
0 0.680000 0.675610 0.100000 0.053659
0 0.750000 0.582927 0.080000 0.053659
0 0.796667 0.509756 0.080000 0.048780
0 0.570000 0.573171 0.080000 0.053659
0 0.903333 0.363415 0.073333 0.058537
0 0.981667 0.395122 0.036667 0.058537
0 0.070000 0.643902 0.066667 0.058537
0 0.263333 0.624390 0.086667 0.048780
0 0.063333 0.534146 0.066667 0.053659
0 0.236667 0.524390 0.066667 0.048780
0 0.430000 0.512195 0.066667 0.058537
0 0.560000 0.409756 0.073333 0.053659
0 0.110000 0.475610 0.073333 0.048780
0 0.126667 0.441463 0.080000 0.048780
0 0.293333 0.451220 0.093333 0.053659
0 0.390000 0.375610 0.060000 0.048780
0 0.760000 0.251220 0.073333 0.048780
0 0.630000 0.258537 0.086667 0.048780
0 0.596667 0.336585 0.086667 0.053659
0 0.426667 0.290244 0.086667 0.053659
0 0.526667 0.285366 0.060000 0.048780
0 0.126667 0.336585 0.080000 0.048780
0 0.163333 0.326829 0.073333 0.043902
0 0.186667 0.309756 0.086667 0.053659
0 0.056667 0.304878 0.066667 0.053659
0 0.063333 0.239024 0.073333 0.048780
0 0.900000 0.053659 0.066667 0.048780
0 0.486667 0.134146 0.073333 0.048780
0 0.550000 0.143902 0.066667 0.048780
0 0.620000 0.048780 0.066667 0.053659
0 0.576667 0.095122 0.073333 0.053659
0 0.496667 0.073171 0.073333 0.053659
0 0.270000 0.117073 0.066667 0.048780
0 0.290000 0.173171 0.073333 0.048780
0 0.346667 0.151220 0.073333 0.048780
0 0.333333 0.190244 0.066667 0.048780
0 0.383333 0.190244 0.066667 0.048780
0 0.146667 0.207317 0.073333 0.053659
0 0.203333 0.126829 0.073333 0.053659
0 0.116667 0.163415 0.073333 0.053659
0 0.120000 0.121951 0.080000 0.048780
0 0.143333 0.070732 0.080000 0.053659