0 0.093333 0.931707 0.060000 0.039024
0 0.043333 0.951220 0.040000 0.039024
0 0.056667 0.985366 0.053333 0.029268
0 0.193333 0.979268 0.066667 0.041463
0 0.533333 0.985366 0.060000 0.029268
0 0.706667 0.990244 0.073333 0.019512
0 0.991667 0.892683 0.016667 0.043902
0 0.800000 0.812195 0.086667 0.053659
0 0.250000 0.882927 0.073333 0.053659
0 0.130000 0.824390 0.073333 0.053659
0 0.123333 0.780488 0.073333 0.053659
0 0.050000 0.780488 0.060000 0.039024
0 0.190000 0.770732 0.046667 0.043902
0 0.663333 0.719512 0.066667 0.048780
0 0.776667 0.682927 0.086667 0.048780
0 0.293333 0.651220 0.080000 0.048780
0 0.530000 0.643902 0.080000 0.048780
0 0.673333 0.621951 0.066667 0.058537
0 0.736667 0.585366 0.066667 0.043902
0 0.863333 0.492683 0.080000 0.048780
0 0.526667 0.580488 0.080000 0.048780
0 0.183333 0.585366 0.080000 0.048780
0 0.776667 0.421951 0.060000 0.053659
0 0.543333 0.429268 0.073333 0.048780
0 0.276667 0.546341 0.066667 0.048780
0 0.306667 0.507317 0.060000 0.043902
0 0.353333 0.478049 0.073333 0.039024
0 0.373333 0.451220 0.060000 0.039024
0 0.213333 0.451220 0.066667 0.039024
0 0.166667 0.478049 0.066667 0.039024
0 0.120000 0.460976 0.053333 0.039024
0 0.173333 0.407317 0.066667 0.043902
0 0.150000 0.373171 0.086667 0.039024
0 0.243333 0.343902 0.066667 0.048780
0 0.933333 0.185366 0.066667 0.058537
0 0.876667 0.224390 0.066667 0.053659
0 0.893333 0.263415 0.066667 0.043902
0 0.743333 0.246341 0.073333 0.053659
0 0.650000 0.302439 0.073333 0.048780
0 0.526667 0.336585 0.080000 0.043902
0 0.553333 0.304878 0.060000 0.034146
0 0.310000 0.309756 0.080000 0.043902
0 0.166667 0.282927 0.066667 0.058537
0 0.110000 0.290244 0.066667 0.039024
0 0.333333 0.263415 0.080000 0.048780
0 0.486667 0.260976 0.073333 0.058537
0 0.606667 0.226829 0.066667 0.053659
0 0.660000 0.131707 0.066667 0.043902
0 0.716667 0.053659 0.060000 0.034146
0 0.623333 0.039024 0.053333 0.043902
0 0.073333 0.151220 0.073333 0.043902
0 0.100000 0.182927 0.060000 0.043902
0 0.220000 0.200000 0.073333 0.053659
0 0.440000 0.187805 0.060000 0.053659
0 0.396667 0.202439 0.046667 0.053659
0 0.400000 0.080488 0.073333 0.039024
0 0.163333 0.063415 0.073333 0.043902
0 0.266667 0.063415 0.060000 0.043902
0 0.200000 0.082927 0.060000 0.039024
0 0.183333 0.143902 0.066667 0.043902
0 0.340000 0.117073 0.093333 0.039024
0 0.403333 0.134146 0.073333 0.053659
0 0.333333 0.151220 0.066667 0.043902