0 0.090000 0.948780 0.066667 0.048780
0 0.130000 0.882927 0.073333 0.053659
0 0.506667 0.995122 0.066667 0.009756
0 0.686667 0.982927 0.086667 0.034146
0 0.500000 0.895122 0.073333 0.063415
0 0.966667 0.882927 0.060000 0.048780
0 0.713333 0.878049 0.086667 0.053659
0 0.616667 0.834146 0.066667 0.058537
0 0.243333 0.726829 0.066667 0.048780
0 0.060000 0.621951 0.066667 0.053659
0 0.313333 0.673171 0.053333 0.048780
0 0.366667 0.692683 0.066667 0.053659
0 0.120000 0.570732 0.066667 0.048780
0 0.156667 0.512195 0.080000 0.043902
0 0.440000 0.631707 0.060000 0.053659
0 0.476667 0.592683 0.066667 0.053659
0 0.566667 0.575610 0.066667 0.053659
0 0.870000 0.600000 0.073333 0.053659
0 0.890000 0.517073 0.066667 0.053659
0 0.823333 0.534146 0.066667 0.063415
0 0.866667 0.424390 0.066667 0.063415
0 0.986667 0.375610 0.026667 0.063415
0 0.670000 0.436585 0.086667 0.048780
0 0.380000 0.378049 0.066667 0.048780
0 0.506667 0.358537 0.066667 0.053659
0 0.466667 0.331707 0.066667 0.048780
0 0.850000 0.200000 0.066667 0.053659
0 0.703333 0.251220 0.080000 0.043902
0 0.553333 0.275610 0.080000 0.053659
0 0.086667 0.392683 0.080000 0.043902
0 0.040000 0.368293 0.046667 0.048780
0 0.230000 0.353659 0.066667 0.058537
0 0.283333 0.309756 0.100000 0.053659
0 0.066667 0.307317 0.080000 0.053659
0 0.126667 0.258537 0.093333 0.053659
0 0.230000 0.229268 0.073333 0.068293
0 0.540000 0.212195 0.073333 0.053659
0 0.770000 0.043902 0.080000 0.053659
0 0.513333 0.178049 0.073333 0.048780
0 0.526667 0.136585 0.080000 0.048780
0 0.520000 0.107317 0.060000 0.048780
0 0.400000 0.056098 0.080000 0.043902
0 0.403333 0.119512 0.073333 0.053659
0 0.380000 0.187805 0.066667 0.048780
0 0.333333 0.197561 0.066667 0.048780
0 0.353333 0.158537 0.080000 0.053659
0 0.310000 0.078049 0.080000 0.048780
0 0.260000 0.131707 0.080000 0.053659
0 0.093333 0.119512 0.093333 0.053659
0 0.056667 0.158537 0.073333 0.048780
0 0.076667 0.197561 0.086667 0.048780