0 0.076667 0.993902 0.066667 0.012195
0 0.305000 0.987805 0.083333 0.024390
0 0.621667 0.980488 0.076667 0.039024
0 0.640000 0.970732 0.073333 0.048780
0 0.960000 0.887805 0.066667 0.048780
0 0.451667 0.902439 0.063333 0.048780
0 0.476667 0.868293 0.073333 0.053659
0 0.360000 0.865854 0.066667 0.048780
0 0.308333 0.745122 0.063333 0.046341
0 0.743333 0.719512 0.086667 0.053659
0 0.876667 0.700000 0.066667 0.058537
0 0.933333 0.668293 0.053333 0.048780
0 0.083333 0.646341 0.053333 0.048780
0 0.120000 0.687805 0.066667 0.058537
0 0.316667 0.656098 0.080000 0.048780
0 0.373333 0.646341 0.066667 0.048780
0 0.866667 0.534146 0.086667 0.053659
0 0.673333 0.575610 0.080000 0.048780
0 0.590000 0.553659 0.066667 0.048780
0 0.490000 0.546341 0.066667 0.048780
0 0.080000 0.570732 0.066667 0.058537
0 0.978333 0.336585 0.043333 0.068293
0 0.930000 0.329268 0.066667 0.063415
0 0.170000 0.521951 0.080000 0.048780
0 0.280000 0.531707 0.080000 0.048780
0 0.340000 0.502439 0.086667 0.053659
0 0.416667 0.468293 0.060000 0.053659
0 0.613333 0.441463 0.086667 0.053659
0 0.636667 0.373171 0.100000 0.053659
0 0.176667 0.463415 0.080000 0.053659
0 0.793333 0.248780 0.073333 0.048780
0 0.673333 0.253659 0.080000 0.053659
0 0.540000 0.290244 0.060000 0.048780
0 0.380000 0.358537 0.066667 0.048780
0 0.203333 0.380488 0.080000 0.053659
0 0.246667 0.360976 0.080000 0.048780
0 0.236667 0.336585 0.086667 0.053659
0 0.080000 0.256098 0.080000 0.048780
0 0.113333 0.290244 0.080000 0.053659
0 0.680000 0.078049 0.086667 0.048780
0 0.546667 0.143902 0.066667 0.053659
0 0.476667 0.263415 0.093333 0.053659
0 0.586667 0.051220 0.066667 0.048780
0 0.536667 0.092683 0.066667 0.048780
0 0.476667 0.141463 0.080000 0.048780
0 0.380000 0.224390 0.066667 0.048780
0 0.343333 0.209756 0.073333 0.053659
0 0.406667 0.197561 0.066667 0.048780
0 0.363333 0.129268 0.066667 0.048780
0 0.190000 0.190244 0.080000 0.048780
0 0.203333 0.221951 0.086667 0.048780
0 0.256667 0.102439 0.066667 0.043902
0 0.276667 0.165854 0.086667 0.048780
0 0.046667 0.078049 0.066667 0.048780
0 0.076667 0.092683 0.066667 0.048780
0 0.140000 0.092683 0.066667 0.048780
0 0.170000 0.068293 0.066667 0.048780
0 0.103333 0.051220 0.080000 0.048780