0 0.966667 0.975610 0.066667 0.048780
0 0.873333 0.924390 0.073333 0.048780
0 0.395000 0.984146 0.050000 0.031707
0 0.270000 0.980488 0.073333 0.039024
0 0.256667 0.943902 0.086667 0.048780
0 0.210000 0.909756 0.073333 0.053659
0 0.125000 0.754878 0.076667 0.056098
0 0.111667 0.674390 0.043333 0.036585
0 0.081667 0.653659 0.076667 0.053659
0 0.141667 0.664634 0.063333 0.060976
0 0.333333 0.784146 0.040000 0.031707
0 0.426667 0.821951 0.066667 0.053659
0 0.370000 0.747561 0.040000 0.036585
0 0.556667 0.742683 0.073333 0.051220
0 0.458333 0.651220 0.056667 0.043902
0 0.600000 0.669512 0.073333 0.051220
0 0.540000 0.614634 0.073333 0.048780
0 0.598333 0.570732 0.076667 0.048780
0 0.988333 0.512195 0.023333 0.048780
0 0.865000 0.509756 0.070000 0.053659
0 0.555000 0.519512 0.070000 0.048780
0 0.666667 0.415854 0.073333 0.051220
0 0.131667 0.481707 0.070000 0.051220
0 0.126667 0.448780 0.066667 0.043902
0 0.265000 0.521951 0.056667 0.039024
0 0.226667 0.408537 0.053333 0.046341
0 0.248333 0.458537 0.050000 0.048780
0 0.495000 0.468293 0.056667 0.043902
0 0.436667 0.497561 0.066667 0.048780
0 0.395000 0.454878 0.070000 0.051220
0 0.296667 0.485366 0.053333 0.043902
0 0.321667 0.403659 0.070000 0.056098
0 0.311667 0.454878 0.063333 0.056098
0 0.445000 0.375610 0.043333 0.039024
0 0.556667 0.418293 0.066667 0.056098
0 0.530000 0.375610 0.073333 0.058537
0 0.620000 0.334146 0.073333 0.048780
0 0.771667 0.281707 0.070000 0.051220
0 0.823333 0.274390 0.066667 0.051220
0 0.925000 0.193902 0.056667 0.051220
0 0.373333 0.318293 0.066667 0.051220
0 0.501667 0.229268 0.083333 0.048780
0 0.240000 0.304878 0.073333 0.053659
0 0.253333 0.241463 0.066667 0.048780
0 0.903333 0.125610 0.080000 0.041463
0 0.821667 0.107317 0.076667 0.048780
0 0.465000 0.174390 0.070000 0.046341
0 0.403333 0.150000 0.066667 0.041463
0 0.305000 0.158537 0.083333 0.053659
0 0.123333 0.142683 0.066667 0.046341
0 0.073333 0.100000 0.066667 0.048780
0 0.056667 0.165854 0.066667 0.048780
0 0.226667 0.046341 0.066667 0.048780
0 0.330000 0.068293 0.066667 0.048780
0 0.376667 0.102439 0.060000 0.039024
0 0.455000 0.042683 0.050000 0.046341