0 0.051667 0.914634 0.063333 0.048780
0 0.066667 0.953659 0.066667 0.048780
0 0.120000 0.924390 0.066667 0.048780
0 0.123333 0.863415 0.060000 0.048780
0 0.173333 0.985366 0.073333 0.029268
0 0.198333 0.797561 0.056667 0.039024
0 0.250000 0.769512 0.073333 0.046341
0 0.451667 0.991463 0.076667 0.017073
0 0.393333 0.979268 0.060000 0.041463
0 0.385000 0.897561 0.070000 0.048780
0 0.611667 0.863415 0.056667 0.048780
0 0.746667 0.937805 0.066667 0.046341
0 0.756667 0.886585 0.060000 0.056098
0 0.393333 0.746341 0.066667 0.048780
0 0.416667 0.692683 0.060000 0.048780
0 0.106667 0.678049 0.066667 0.039024
0 0.116667 0.652439 0.073333 0.051220
0 0.050000 0.631707 0.066667 0.043902
0 0.060000 0.589024 0.066667 0.046341
0 0.223333 0.609756 0.066667 0.048780
0 0.636667 0.626829 0.060000 0.048780
0 0.721667 0.614634 0.083333 0.048780
0 0.825000 0.574390 0.090000 0.051220
0 0.466667 0.568293 0.066667 0.048780
0 0.480000 0.542683 0.060000 0.046341
0 0.590000 0.517073 0.066667 0.048780
0 0.050000 0.480488 0.066667 0.048780
0 0.111667 0.517073 0.076667 0.053659
0 0.890000 0.373171 0.073333 0.053659
0 0.776667 0.352439 0.073333 0.051220
0 0.353333 0.474390 0.066667 0.041463
0 0.363333 0.448780 0.053333 0.043902
0 0.233333 0.457317 0.073333 0.046341
0 0.245000 0.481707 0.043333 0.046341
0 0.261667 0.431707 0.076667 0.048780
0 0.300000 0.382927 0.066667 0.048780
0 0.376667 0.387805 0.073333 0.048780
0 0.766667 0.215854 0.066667 0.051220
0 0.981667 0.125610 0.036667 0.046341
0 0.936667 0.180488 0.066667 0.048780
0 0.886667 0.158537 0.066667 0.048780
0 0.833333 0.162195 0.060000 0.046341
0 0.106667 0.314634 0.080000 0.053659
0 0.618333 0.247561 0.076667 0.046341
0 0.640000 0.192683 0.066667 0.048780
0 0.570000 0.195122 0.066667 0.048780
0 0.140000 0.264634 0.093333 0.051220
0 0.180000 0.234146 0.073333 0.048780
0 0.046667 0.192683 0.066667 0.048780
0 0.066667 0.153659 0.066667 0.043902
0 0.193333 0.119512 0.073333 0.053659
0 0.293333 0.126829 0.073333 0.053659
0 0.393333 0.180488 0.073333 0.048780
0 0.363333 0.140244 0.053333 0.060976
0 0.463333 0.118293 0.080000 0.046341
0 0.403333 0.043902 0.066667 0.048780
0 0.660000 0.060976 0.066667 0.048780