0 0.043333 0.914634 0.066667 0.048780
0 0.093333 0.960976 0.066667 0.053659
0 0.156667 0.904878 0.073333 0.053659
0 0.510000 0.990244 0.053333 0.019512
0 0.970000 0.890244 0.060000 0.048780
0 0.700000 0.991463 0.073333 0.017073
0 0.693333 0.887805 0.080000 0.053659
0 0.493333 0.890244 0.073333 0.058537
0 0.616667 0.841463 0.066667 0.053659
0 0.266667 0.751220 0.066667 0.053659
0 0.303333 0.695122 0.053333 0.048780
0 0.380000 0.678049 0.066667 0.053659
0 0.843333 0.595122 0.073333 0.048780
0 0.590000 0.597561 0.086667 0.048780
0 0.500000 0.587805 0.073333 0.058537
0 0.446667 0.604878 0.066667 0.058537
0 0.046667 0.631707 0.053333 0.048780
0 0.160000 0.580488 0.080000 0.043902
0 0.173333 0.514634 0.080000 0.048780
0 0.833333 0.553659 0.066667 0.058537
0 0.890000 0.531707 0.066667 0.058537
0 0.703333 0.453659 0.093333 0.048780
0 0.880000 0.407317 0.073333 0.058537
0 0.990000 0.358537 0.020000 0.058537
0 0.086667 0.395122 0.073333 0.048780
0 0.240000 0.378049 0.073333 0.053659
0 0.386667 0.380488 0.066667 0.048780
0 0.523333 0.365854 0.066667 0.048780
0 0.076667 0.314634 0.080000 0.043902
0 0.053333 0.280488 0.080000 0.043902
0 0.136667 0.265854 0.086667 0.053659
0 0.310000 0.317073 0.093333 0.048780
0 0.490000 0.317073 0.066667 0.048780
0 0.570000 0.300000 0.073333 0.053659
0 0.720000 0.253659 0.080000 0.048780
0 0.863333 0.156098 0.060000 0.053659
0 0.550000 0.221951 0.073333 0.053659
0 0.526667 0.129268 0.073333 0.048780
0 0.530000 0.165854 0.066667 0.048780
0 0.233333 0.202439 0.073333 0.058537
0 0.396667 0.126829 0.066667 0.048780
0 0.280000 0.139024 0.080000 0.043902
0 0.353333 0.160976 0.073333 0.043902
0 0.333333 0.187805 0.073333 0.039024
0 0.263333 0.117073 0.060000 0.048780
0 0.270000 0.080488 0.080000 0.048780
0 0.413333 0.058537 0.073333 0.048780
0 0.090000 0.200000 0.073333 0.048780
0 0.060000 0.168293 0.073333 0.048780
0 0.090000 0.126829 0.080000 0.048780