0 0.083333 0.989024 0.066667 0.021951
0 0.276667 0.976829 0.086667 0.046341
0 0.643333 0.963415 0.093333 0.058537
0 0.963333 0.885366 0.066667 0.048780
0 0.463333 0.921951 0.066667 0.048780
0 0.473333 0.870732 0.073333 0.058537
0 0.343333 0.843902 0.066667 0.048780
0 0.306667 0.741463 0.060000 0.048780
0 0.383333 0.648780 0.066667 0.048780
0 0.480000 0.543902 0.053333 0.048780
0 0.926667 0.639024 0.053333 0.053659
0 0.873333 0.665854 0.073333 0.058537
0 0.720000 0.702439 0.100000 0.058537
0 0.093333 0.658537 0.073333 0.073171
0 0.290000 0.639024 0.080000 0.048780
0 0.580000 0.563415 0.066667 0.053659
0 0.710000 0.578049 0.073333 0.053659
0 0.830000 0.521951 0.080000 0.048780
0 0.080000 0.553659 0.073333 0.053659
0 0.263333 0.531707 0.080000 0.048780
0 0.136667 0.497561 0.080000 0.048780
0 0.150000 0.453659 0.086667 0.048780
0 0.313333 0.478049 0.086667 0.053659
0 0.423333 0.490244 0.066667 0.053659
0 0.978333 0.365854 0.043333 0.053659
0 0.920000 0.346341 0.073333 0.053659
0 0.576667 0.424390 0.080000 0.048780
0 0.610000 0.353659 0.080000 0.048780
0 0.386667 0.368293 0.066667 0.048780
0 0.163333 0.353659 0.080000 0.048780
0 0.206667 0.339024 0.080000 0.039024
0 0.210000 0.319512 0.080000 0.043902
0 0.763333 0.251220 0.066667 0.048780
0 0.653333 0.258537 0.080000 0.053659
0 0.543333 0.287805 0.060000 0.048780
0 0.450000 0.273171 0.086667 0.053659
0 0.070000 0.246341 0.086667 0.048780
0 0.083333 0.295122 0.073333 0.053659
0 0.910000 0.036585 0.066667 0.048780
0 0.273333 0.168293 0.066667 0.048780
0 0.306667 0.165854 0.066667 0.048780
0 0.356667 0.148780 0.073333 0.053659
0 0.343333 0.202439 0.073333 0.063415
0 0.383333 0.204878 0.066667 0.048780
0 0.396667 0.180488 0.066667 0.048780
0 0.486667 0.136585 0.080000 0.048780
0 0.546667 0.146341 0.073333 0.053659
0 0.170000 0.207317 0.080000 0.043902
0 0.163333 0.175610 0.086667 0.048780
0 0.646667 0.068293 0.080000 0.048780
0 0.583333 0.065854 0.066667 0.053659
0 0.523333 0.078049 0.073333 0.048780
0 0.266667 0.112195 0.066667 0.053659
0 0.176667 0.104878 0.066667 0.063415
0 0.130000 0.117073 0.066667 0.058537
0 0.076667 0.117073 0.060000 0.053659
0 0.113333 0.068293 0.066667 0.058537
0 0.036667 0.087805 0.046667 0.048780