0 0.965000 0.990244 0.070000 0.019512
0 0.853333 0.935366 0.073333 0.051220
0 0.393333 0.986585 0.053333 0.026829
0 0.286667 0.976829 0.073333 0.046341
0 0.210000 0.942683 0.080000 0.046341
0 0.205000 0.917073 0.070000 0.053659
0 0.130000 0.780488 0.073333 0.063415
0 0.321667 0.781707 0.050000 0.036585
0 0.423333 0.803659 0.066667 0.051220
0 0.383333 0.745122 0.053333 0.041463
0 0.110000 0.674390 0.040000 0.031707
0 0.098333 0.630488 0.070000 0.056098
0 0.151667 0.663415 0.070000 0.048780
0 0.500000 0.682927 0.066667 0.053659
0 0.593333 0.734146 0.073333 0.048780
0 0.633333 0.693902 0.066667 0.056098
0 0.571667 0.642683 0.076667 0.051220
0 0.620000 0.575610 0.073333 0.048780
0 0.538333 0.524390 0.070000 0.048780
0 0.861667 0.487805 0.070000 0.053659
0 0.150000 0.497561 0.073333 0.048780
0 0.173333 0.441463 0.073333 0.048780
0 0.250000 0.476829 0.066667 0.056098
0 0.231667 0.417073 0.056667 0.048780
0 0.316667 0.426829 0.073333 0.053659
0 0.305000 0.467073 0.070000 0.051220
0 0.401667 0.468293 0.070000 0.048780
0 0.426667 0.497561 0.066667 0.043902
0 0.516667 0.480488 0.060000 0.043902
0 0.688333 0.430488 0.090000 0.051220
0 0.443333 0.387805 0.066667 0.048780
0 0.586667 0.396341 0.073333 0.051220
0 0.535000 0.358537 0.070000 0.058537
0 0.610000 0.331707 0.066667 0.048780
0 0.216667 0.301220 0.073333 0.051220
0 0.375000 0.293902 0.070000 0.056098
0 0.253333 0.268293 0.060000 0.048780
0 0.513333 0.234146 0.080000 0.048780
0 0.775000 0.270732 0.070000 0.053659
0 0.831667 0.246341 0.070000 0.053659
0 0.933333 0.186585 0.060000 0.046341
0 0.921667 0.126829 0.070000 0.048780
0 0.838333 0.107317 0.090000 0.048780
0 0.480000 0.175610 0.073333 0.048780
0 0.093333 0.118293 0.073333 0.051220
0 0.143333 0.163415 0.073333 0.048780
0 0.350000 0.165854 0.106667 0.048780
0 0.400000 0.142683 0.073333 0.041463
0 0.381667 0.102439 0.056667 0.039024
0 0.211667 0.046341 0.063333 0.043902
0 0.335000 0.068293 0.076667 0.048780
0 0.458333 0.045122 0.056667 0.046341
0 0.686667 0.050000 0.060000 0.041463