0 0.066667 0.829268 0.073333 0.048780
0 0.080000 0.904878 0.060000 0.053659
0 0.036667 0.970732 0.033333 0.043902
0 0.083333 0.951220 0.053333 0.043902
0 0.206667 0.824390 0.053333 0.043902
0 0.176667 0.934146 0.066667 0.048780
0 0.213333 0.931707 0.053333 0.053659
0 0.236667 0.984146 0.073333 0.031707
0 0.543333 0.990244 0.066667 0.019512
0 0.986667 0.895122 0.026667 0.039024
0 0.710000 0.768293 0.080000 0.048780
0 0.656667 0.729268 0.066667 0.048780
0 0.723333 0.675610 0.086667 0.048780
0 0.046667 0.682927 0.053333 0.039024
0 0.456667 0.648780 0.086667 0.048780
0 0.250000 0.609756 0.066667 0.048780
0 0.100000 0.578049 0.093333 0.048780
0 0.823333 0.465854 0.080000 0.048780
0 0.120000 0.487805 0.053333 0.039024
0 0.183333 0.434146 0.053333 0.034146
0 0.203333 0.490244 0.066667 0.043902
0 0.313333 0.492683 0.053333 0.058537
0 0.343333 0.526829 0.066667 0.043902
0 0.360000 0.500000 0.040000 0.039024
0 0.426667 0.509756 0.066667 0.043902
0 0.480000 0.539024 0.080000 0.043902
0 0.493333 0.451220 0.073333 0.039024
0 0.910000 0.224390 0.060000 0.043902
0 0.985000 0.297561 0.030000 0.053659
0 0.953333 0.331707 0.060000 0.053659
0 0.770000 0.326829 0.060000 0.058537
0 0.590000 0.253659 0.053333 0.039024
0 0.570000 0.319512 0.066667 0.043902
0 0.610000 0.287805 0.080000 0.043902
0 0.456667 0.385366 0.073333 0.053659
0 0.073333 0.343902 0.066667 0.048780
0 0.143333 0.378049 0.060000 0.039024
0 0.240000 0.268293 0.080000 0.043902
0 0.253333 0.307317 0.086667 0.039024
0 0.163333 0.326829 0.066667 0.043902
0 0.216667 0.370732 0.066667 0.053659
0 0.450000 0.307317 0.093333 0.043902
0 0.403333 0.260976 0.073333 0.053659
0 0.190000 0.207317 0.080000 0.048780
0 0.090000 0.158537 0.046667 0.043902
0 0.390000 0.195122 0.053333 0.043902
0 0.326667 0.158537 0.060000 0.039024
0 0.193333 0.158537 0.060000 0.039024
0 0.206667 0.121951 0.080000 0.043902
0 0.290000 0.107317 0.086667 0.048780
0 0.680000 0.136585 0.066667 0.048780
0 0.743333 0.087805 0.066667 0.048780
0 0.636667 0.087805 0.066667 0.048780
0 0.186667 0.048780 0.073333 0.053659
0 0.286667 0.031707 0.060000 0.039024
0 0.743333 0.024390 0.060000 0.034146
0 0.383333 0.078049 0.073333 0.053659
0 0.723333 0.451220 0.066667 0.048780
0 0.676667 0.514634 0.066667 0.048780
0 0.613333 0.556098 0.060000 0.058537