0 0.546667 0.976829 0.073333 0.046341
0 0.800000 0.948780 0.073333 0.053659
0 0.923333 0.868293 0.086667 0.053659
0 0.991667 0.760976 0.016667 0.058537
0 0.983333 0.904878 0.033333 0.048780
0 0.040000 0.958537 0.053333 0.043902
0 0.086667 0.973171 0.060000 0.039024
0 0.086667 0.931707 0.060000 0.043902
0 0.163333 0.885366 0.053333 0.043902
0 0.266667 0.919512 0.073333 0.053659
0 0.840000 0.670732 0.073333 0.043902
0 0.820000 0.721951 0.080000 0.053659
0 0.968333 0.480488 0.063333 0.053659
0 0.730000 0.714634 0.066667 0.058537
0 0.683333 0.734146 0.066667 0.053659
0 0.660000 0.670732 0.093333 0.048780
0 0.640000 0.614634 0.080000 0.053659
0 0.280000 0.856098 0.073333 0.048780
0 0.230000 0.858537 0.060000 0.053659
0 0.190000 0.802439 0.073333 0.043902
0 0.170000 0.773171 0.060000 0.053659
0 0.053333 0.797561 0.073333 0.043902
0 0.350000 0.739024 0.073333 0.048780
0 0.166667 0.702439 0.066667 0.058537
0 0.166667 0.573171 0.080000 0.043902
0 0.263333 0.597561 0.086667 0.039024
0 0.280000 0.575610 0.060000 0.043902
0 0.836667 0.297561 0.060000 0.043902
0 0.786667 0.331707 0.060000 0.048780
0 0.716667 0.329268 0.080000 0.043902
0 0.626667 0.373171 0.060000 0.053659
0 0.396667 0.429268 0.073333 0.053659
0 0.246667 0.487805 0.066667 0.043902
0 0.043333 0.434146 0.046667 0.048780
0 0.103333 0.419512 0.046667 0.043902
0 0.133333 0.448780 0.060000 0.048780
0 0.220000 0.419512 0.073333 0.053659
0 0.220000 0.365854 0.073333 0.053659
0 0.326667 0.329268 0.073333 0.053659
0 0.413333 0.292683 0.086667 0.053659
0 0.520000 0.295122 0.053333 0.043902
0 0.630000 0.290244 0.073333 0.053659
0 0.063333 0.297561 0.060000 0.043902
0 0.873333 0.065854 0.073333 0.053659
0 0.760000 0.112195 0.073333 0.053659
0 0.676667 0.080488 0.066667 0.043902
0 0.606667 0.046341 0.073333 0.043902
0 0.636667 0.146341 0.073333 0.053659
0 0.586667 0.190244 0.073333 0.043902
0 0.496667 0.209756 0.073333 0.048780
0 0.450000 0.114634 0.073333 0.048780
0 0.416667 0.165854 0.073333 0.053659
0 0.376667 0.209756 0.073333 0.043902
0 0.340000 0.192683 0.060000 0.039024
0 0.383333 0.097561 0.053333 0.043902
0 0.363333 0.131707 0.073333 0.043902
0 0.313333 0.073171 0.046667 0.039024
0 0.236667 0.243902 0.080000 0.053659
0 0.143333 0.226829 0.073333 0.048780
0 0.103333 0.202439 0.053333 0.048780
0 0.103333 0.092683 0.060000 0.048780
0 0.183333 0.097561 0.060000 0.043902
0 0.213333 0.124390 0.066667 0.043902
0 0.163333 0.121951 0.060000 0.043902
0 0.116667 0.129268 0.060000 0.048780
0 0.136667 0.165854 0.060000 0.048780