0 0.993333 0.941463 0.013333 0.043902
0 0.693333 0.992683 0.073333 0.014634
0 0.076667 0.943902 0.060000 0.048780
0 0.313333 0.853659 0.060000 0.048780
0 0.746667 0.753659 0.073333 0.048780
0 0.166667 0.792683 0.066667 0.053659
0 0.436667 0.775610 0.066667 0.063415
0 0.456667 0.697561 0.060000 0.058537
0 0.040000 0.658537 0.046667 0.039024
0 0.053333 0.626829 0.073333 0.034146
0 0.070000 0.592683 0.053333 0.043902
0 0.136667 0.585366 0.046667 0.039024
0 0.076667 0.521951 0.046667 0.039024
0 0.436667 0.614634 0.073333 0.048780
0 0.480000 0.578049 0.066667 0.053659
0 0.463333 0.519512 0.060000 0.043902
0 0.620000 0.575610 0.060000 0.058537
0 0.590000 0.546341 0.053333 0.058537
0 0.760000 0.446341 0.066667 0.048780
0 0.643333 0.363415 0.053333 0.048780
0 0.550000 0.404878 0.060000 0.058537
0 0.186667 0.400000 0.046667 0.053659
0 0.256667 0.395122 0.073333 0.048780
0 0.413333 0.385366 0.066667 0.039024
0 0.496667 0.331707 0.080000 0.048780
0 0.393333 0.356098 0.080000 0.039024
0 0.400000 0.324390 0.080000 0.029268
0 0.416667 0.309756 0.073333 0.039024
0 0.988333 0.136585 0.023333 0.043902
0 0.981667 0.053659 0.036667 0.039024
0 0.730000 0.146341 0.073333 0.058537
0 0.386667 0.270732 0.080000 0.043902
0 0.266667 0.292683 0.060000 0.053659
0 0.216667 0.312195 0.066667 0.043902
0 0.173333 0.312195 0.066667 0.043902
0 0.110000 0.312195 0.060000 0.043902
0 0.060000 0.309756 0.066667 0.043902
0 0.066667 0.243902 0.073333 0.053659
0 0.190000 0.200000 0.073333 0.053659
0 0.110000 0.156098 0.073333 0.053659
0 0.056667 0.070732 0.060000 0.048780
0 0.236667 0.107317 0.073333 0.053659
0 0.290000 0.163415 0.066667 0.053659
0 0.463333 0.141463 0.066667 0.048780
0 0.410000 0.046341 0.080000 0.048780