0 0.020062 0.541667 0.012346 0.222222
0 0.026235 0.597222 0.018519 0.111111
0 0.035494 0.694444 0.018519 0.111111
0 0.077160 0.513889 0.018519 0.166667
0 0.089506 0.444444 0.012346 0.222222
0 0.092593 0.638889 0.024691 0.111111
0 0.100309 0.708333 0.024691 0.111111
0 0.086420 0.805556 0.024691 0.194444
0 0.114198 0.805556 0.021605 0.138889
0 0.115741 0.583333 0.021605 0.111111
0 0.103395 0.513889 0.012346 0.222222
0 0.126543 0.611111 0.015432 0.138889
0 0.114198 0.722222 0.012346 0.166667
0 0.138889 0.680556 0.018519 0.138889
0 0.163580 0.847222 0.024691 0.138889
0 0.171296 0.736111 0.027778 0.138889
0 0.158951 0.611111 0.021605 0.111111
0 0.148148 0.527778 0.021605 0.111111
0 0.155864 0.444444 0.021605 0.111111
0 0.137346 0.388889 0.015432 0.138889
0 0.182099 0.430556 0.021605 0.138889
0 0.192901 0.500000 0.021605 0.111111
0 0.174383 0.625000 0.015432 0.166667
0 0.202160 0.680556 0.018519 0.138889
0 0.174383 0.694444 0.018519 0.138889
0 0.188272 0.625000 0.021605 0.111111
0 0.219136 0.708333 0.015432 0.166667
0 0.245370 0.833333 0.012346 0.111111
0 0.248457 0.680556 0.018519 0.166667
0 0.253086 0.513889 0.012346 0.166667
0 0.240741 0.444444 0.018519 0.166667
0 0.291667 0.444444 0.021605 0.111111
0 0.299383 0.541667 0.021605 0.111111
0 0.305556 0.694444 0.021605 0.111111
0 0.322531 0.777778 0.021605 0.111111
0 0.356481 0.861111 0.018519 0.166667
0 0.345679 0.694444 0.018519 0.138889
0 0.339506 0.611111 0.021605 0.138889
0 0.361111 0.555556 0.018519 0.166667
0 0.381173 0.513889 0.021605 0.111111
0 0.388889 0.583333 0.018519 0.111111
0 0.382716 0.666667 0.021605 0.111111
0 0.421296 0.763889 0.021605 0.138889
0 0.447531 0.819444 0.015432 0.166667
0 0.455247 0.611111 0.021605 0.138889
0 0.473765 0.708333 0.024691 0.111111
0 0.496914 0.555556 0.021605 0.111111
0 0.509259 0.694444 0.015432 0.194444
0 0.513889 0.486111 0.015432 0.194444
0 0.524691 0.750000 0.018519 0.138889
0 0.533951 0.722222 0.015432 0.166667
0 0.557099 0.750000 0.018519 0.111111
0 0.558642 0.680556 0.021605 0.138889
0 0.541667 0.611111 0.018519 0.111111
0 0.541667 0.486111 0.021605 0.111111
0 0.570988 0.472222 0.018519 0.138889
0 0.574074 0.625000 0.012346 0.166667
0 0.555556 0.541667 0.018519 0.111111
0 0.558642 0.500000 0.015432 0.138889
0 0.597222 0.777778 0.015432 0.166667
0 0.598765 0.652778 0.018519 0.138889
0 0.615741 0.569444 0.015432 0.166667
0 0.637346 0.597222 0.021605 0.111111
0 0.649691 0.486111 0.015432 0.111111
0 0.666667 0.486111 0.015432 0.166667
0 0.668210 0.694444 0.018519 0.138889
0 0.691358 0.555556 0.021605 0.111111
0 0.699074 0.680556 0.015432 0.166667
0 0.714506 0.791667 0.021605 0.111111
0 0.717593 0.708333 0.015432 0.166667
0 0.734568 0.513889 0.018519 0.111111
0 0.722222 0.597222 0.018519 0.138889
0 0.734568 0.666667 0.018519 0.166667
0 0.748457 0.611111 0.015432 0.166667
0 0.765432 0.736111 0.015432 0.166667
0 0.774691 0.583333 0.015432 0.166667
0 0.785494 0.430556 0.015432 0.138889
0 0.791667 0.527778 0.015432 0.166667
0 0.791667 0.583333 0.018519 0.111111
0 0.796296 0.666667 0.021605 0.111111
0 0.796296 0.861111 0.015432 0.111111
0 0.800926 0.777778 0.012346 0.138889
0 0.825617 0.805556 0.021605 0.111111
0 0.836420 0.722222 0.021605 0.083333
0 0.813272 0.722222 0.018519 0.111111
0 0.848765 0.694444 0.012346 0.166667
0 0.828704 0.513889 0.015432 0.138889
0 0.828704 0.375000 0.021605 0.111111
0 0.873457 0.458333 0.012346 0.166667
0 0.862654 0.652778 0.012346 0.166667
0 0.882716 0.611111 0.018519 0.111111
0 0.891975 0.708333 0.021605 0.111111
0 0.908951 0.791667 0.015432 0.166667
0 0.910494 0.916667 0.021605 0.111111
0 0.925926 0.708333 0.024691 0.111111
0 0.929012 0.583333 0.021605 0.111111
0 0.962963 0.750000 0.024691 0.111111
0 0.975309 0.916667 0.024691 0.111111
0 0.994599 0.513889 0.010802 0.222222
0 0.873457 0.708333 0.021605 0.083333