0 0.024691 0.583333 0.021605 0.166667
0 0.020062 0.805556 0.018519 0.138889
0 0.046296 0.638889 0.018519 0.194444
0 0.055556 0.805556 0.018519 0.111111
0 0.098765 0.847222 0.021605 0.138889
0 0.072531 0.694444 0.021605 0.138889
0 0.081790 0.500000 0.021605 0.111111
0 0.049383 0.472222 0.018519 0.166667
0 0.084877 0.402778 0.024691 0.166667
0 0.112654 0.611111 0.018519 0.166667
0 0.120370 0.555556 0.015432 0.222222
0 0.126543 0.708333 0.015432 0.166667
0 0.148148 0.750000 0.021605 0.138889
0 0.180556 0.541667 0.021605 0.138889
0 0.217593 0.583333 0.021605 0.138889
0 0.256173 0.333333 0.018519 0.111111
0 0.716049 0.875000 0.024691 0.111111
0 0.766975 0.902778 0.021605 0.138889
0 0.787037 0.736111 0.021605 0.138889
0 0.757716 0.750000 0.018519 0.166667
0 0.864198 0.652778 0.021605 0.138889
0 0.851852 0.388889 0.021605 0.138889
0 0.902778 0.694444 0.021605 0.194444
0 0.908951 0.458333 0.024691 0.138889
0 0.945988 0.527778 0.021605 0.138889
0 0.967593 0.708333 0.021605 0.222222
0 0.984568 0.652778 0.018519 0.166667
0 0.996142 0.555556 0.007716 0.166667
0 0.967593 0.430556 0.018519 0.166667