0 0.030864 0.388889 0.021605 0.111111
0 0.050926 0.347222 0.018519 0.138889
0 0.101852 0.319444 0.024691 0.111111
0 0.106481 0.458333 0.021605 0.138889
0 0.086420 0.513889 0.018519 0.138889
0 0.060185 0.541667 0.021605 0.138889
0 0.040123 0.625000 0.021605 0.138889
0 0.033951 0.819444 0.018519 0.166667
0 0.061728 0.736111 0.018519 0.111111
0 0.101852 0.861111 0.018519 0.111111
0 0.050926 0.847222 0.018519 0.138889
0 0.120370 0.500000 0.018519 0.138889
0 0.148148 0.333333 0.021605 0.138889
0 0.135802 0.611111 0.021605 0.138889
0 0.163580 0.541667 0.021605 0.138889
0 0.152778 0.666667 0.021605 0.138889
0 0.172840 0.763889 0.018519 0.166667
0 0.191358 0.708333 0.021605 0.111111
0 0.191358 0.583333 0.021605 0.138889
0 0.189815 0.847222 0.021605 0.138889
0 0.203704 0.847222 0.021605 0.111111
0 0.219136 0.847222 0.021605 0.138889
0 0.216049 0.666667 0.018519 0.166667
0 0.234568 0.694444 0.018519 0.111111
0 0.276235 0.861111 0.021605 0.111111
0 0.013889 0.791667 0.012346 0.111111
0 0.236111 0.597222 0.021605 0.138889
0 0.233025 0.500000 0.021605 0.138889
0 0.222222 0.375000 0.012346 0.166667
0 0.240741 0.361111 0.018519 0.138889
0 0.254630 0.513889 0.018519 0.138889
0 0.260802 0.625000 0.021605 0.138889
0 0.280864 0.680556 0.021605 0.138889
0 0.280864 0.458333 0.018519 0.138889
0 0.287037 0.375000 0.018519 0.138889
0 0.336420 0.458333 0.015432 0.194444
0 0.337963 0.527778 0.021605 0.138889
0 0.344136 0.527778 0.012346 0.194444
0 0.361111 0.388889 0.018519 0.166667
0 0.378086 0.388889 0.021605 0.138889
0 0.350309 0.847222 0.021605 0.138889
0 0.373457 0.875000 0.021605 0.138889
0 0.503086 0.736111 0.021605 0.166667
0 0.518519 0.513889 0.015432 0.166667
0 0.540123 0.388889 0.021605 0.138889
0 0.546296 0.472222 0.021605 0.111111
0 0.549383 0.805556 0.015432 0.222222
0 0.563272 0.833333 0.015432 0.138889
0 0.611111 0.833333 0.024691 0.138889
0 0.694444 0.569444 0.018519 0.138889
0 0.751543 0.583333 0.021605 0.166667
0 0.768519 0.402778 0.021605 0.138889
0 0.868827 0.500000 0.024691 0.138889
0 0.888889 0.819444 0.024691 0.138889
0 0.876543 0.902778 0.018519 0.111111
0 0.905864 0.430556 0.021605 0.138889
0 0.938272 0.902778 0.021605 0.138889
0 0.992284 0.847222 0.015432 0.138889
0 0.925926 0.791667 0.018519 0.111111
0 0.996914 0.625000 0.006173 0.166667
0 0.824074 0.527778 0.015432 0.166667
0 0.891975 0.666667 0.021605 0.138889