0 0.215625 0.097917 0.050000 0.083333
0 0.169531 0.208333 0.042188 0.083333
0 0.082031 0.329167 0.060937 0.066667
0 0.136719 0.398958 0.057813 0.081250
0 0.152344 0.235417 0.057813 0.054167
0 0.295312 0.635417 0.062500 0.079167
0 0.042969 0.672917 0.048438 0.083333
0 0.169531 0.877083 0.039062 0.075000
0 0.346875 0.719792 0.037500 0.064583
0 0.543750 0.723958 0.062500 0.081250
0 0.487500 0.615625 0.040625 0.081250
0 0.564063 0.635417 0.037500 0.075000
0 0.524219 0.162500 0.035937 0.050000
0 0.614062 0.166667 0.040625 0.083333
0 0.582812 0.133333 0.034375 0.029167
0 0.669531 0.244792 0.032813 0.052083
0 0.734375 0.103125 0.028125 0.052083
0 0.719531 0.240625 0.035937 0.089583
0 0.705469 0.402083 0.045312 0.062500
0 0.982812 0.426042 0.034375 0.064583
0 0.917969 0.408333 0.042188 0.041667
0 0.592187 0.433333 0.046875 0.066667
0 0.457813 0.408333 0.050000 0.083333
0 0.804688 0.755208 0.037500 0.068750
0 0.464062 0.976042 0.062500 0.047917