0 0.606250 0.114583 0.046875 0.075000
0 0.672656 0.204167 0.060937 0.083333
0 0.638281 0.288542 0.060937 0.047917
0 0.776563 0.347917 0.043750 0.083333
0 0.758594 0.117708 0.035937 0.039583
0 0.994531 0.296875 0.010937 0.039583
0 0.901563 0.504167 0.062500 0.083333
0 0.710938 0.419792 0.034375 0.056250
0 0.627344 0.458333 0.048438 0.054167
0 0.647656 0.522917 0.060937 0.070833
0 0.672656 0.516667 0.039062 0.083333
0 0.532813 0.459375 0.062500 0.056250
0 0.786719 0.697917 0.039062 0.079167
0 0.886719 0.754167 0.057813 0.083333
0 0.912500 0.861458 0.050000 0.064583
0 0.872656 0.913542 0.060937 0.064583
0 0.648438 0.662500 0.053125 0.062500
0 0.704688 0.744792 0.059375 0.072917
0 0.639844 0.971875 0.042188 0.056250
0 0.542969 0.709375 0.057813 0.064583
0 0.443750 0.660417 0.062500 0.075000
0 0.762500 0.956250 0.062500 0.062500
0 0.372656 0.967708 0.045312 0.064583
0 0.283594 0.900000 0.060937 0.070833
0 0.267188 0.769792 0.053125 0.072917
0 0.142969 0.804167 0.045312 0.070833
0 0.093750 0.828125 0.056250 0.052083
0 0.309375 0.755208 0.053125 0.077083
0 0.300781 0.694792 0.057813 0.068750
0 0.096094 0.300000 0.054688 0.062500