0 0.350781 0.118750 0.054688 0.083333
0 0.270313 0.408333 0.062500 0.095833
0 0.139844 0.428125 0.054688 0.056250
0 0.153906 0.498958 0.054688 0.077083
0 0.042188 0.700000 0.037500 0.083333
0 0.312500 0.612500 0.053125 0.079167
0 0.296875 0.878125 0.053125 0.077083
0 0.114844 0.958333 0.054688 0.083333
0 0.446094 0.647917 0.054688 0.070833
0 0.467969 0.620833 0.060937 0.062500
0 0.645312 0.446875 0.062500 0.047917
0 0.917188 0.945833 0.053125 0.062500
0 0.987500 0.866667 0.025000 0.070833
0 0.977344 0.779167 0.045312 0.079167
0 0.941406 0.875000 0.045312 0.075000
0 0.974219 0.339583 0.051562 0.083333
0 0.885938 0.197917 0.062500 0.083333
0 0.724219 0.145833 0.054688 0.083333
0 0.684375 0.055208 0.040625 0.077083
0 0.767969 0.039583 0.054688 0.045833