0 0.076563 0.177083 0.059375 0.066667
0 0.102344 0.354167 0.045312 0.079167
0 0.157031 0.311458 0.051562 0.052083
0 0.178906 0.429167 0.054688 0.070833
0 0.231250 0.572917 0.062500 0.066667
0 0.146094 0.786458 0.042188 0.081250
0 0.185156 0.811458 0.051562 0.068750
0 0.326562 0.829167 0.050000 0.066667
0 0.433594 0.919792 0.042188 0.085417
0 0.371875 0.677083 0.062500 0.054167
0 0.400781 0.754167 0.057813 0.075000
0 0.346875 0.640625 0.075000 0.068750
0 0.321875 0.565625 0.062500 0.056250
0 0.376563 0.507292 0.062500 0.068750
0 0.528125 0.698958 0.062500 0.060417
0 0.550000 0.922917 0.040625 0.079167
0 0.627344 0.885417 0.045312 0.070833
0 0.681250 0.837500 0.062500 0.066667
0 0.788281 0.840625 0.051562 0.060417
0 0.986719 0.879167 0.026562 0.075000
0 0.872656 0.629167 0.042188 0.079167
0 0.864844 0.684375 0.039062 0.043750
0 0.989844 0.458333 0.020313 0.054167
0 0.827344 0.576042 0.082812 0.081250
0 0.589844 0.569792 0.067187 0.060417
0 0.451562 0.510417 0.056250 0.054167
0 0.362500 0.573958 0.062500 0.081250
0 0.395313 0.586458 0.062500 0.060417
0 0.418750 0.518750 0.075000 0.070833
0 0.493750 0.541667 0.062500 0.083333
0 0.647656 0.406250 0.048438 0.075000
0 0.814063 0.305208 0.050000 0.072917
0 0.910156 0.319792 0.057813 0.056250
0 0.985938 0.163542 0.028125 0.068750
0 0.617969 0.059375 0.048438 0.060417