0 0.302344 0.152083 0.060937 0.083333
0 0.132031 0.254167 0.039062 0.083333
0 0.087500 0.261458 0.062500 0.072917
0 0.150781 0.473958 0.070312 0.072917
0 0.228125 0.422917 0.062500 0.083333
0 0.063281 0.521875 0.054688 0.052083
0 0.090625 0.647917 0.037500 0.083333
0 0.047656 0.652083 0.048438 0.066667
0 0.049219 0.743750 0.045312 0.054167
0 0.055469 0.702083 0.051562 0.075000
0 0.320312 0.620833 0.040625 0.075000
0 0.142969 0.964583 0.048438 0.070833
0 0.360156 0.941667 0.051562 0.083333
0 0.343750 0.876042 0.050000 0.077083
0 0.733594 0.920833 0.045312 0.079167
0 0.927344 0.923958 0.054688 0.072917
0 0.834375 0.681250 0.062500 0.079167
0 0.866406 0.711458 0.060937 0.052083
0 0.864062 0.535417 0.062500 0.066667
0 0.846875 0.375000 0.056250 0.050000
0 0.703125 0.343750 0.062500 0.070833
0 0.642188 0.262500 0.050000 0.083333
0 0.881250 0.220833 0.062500 0.066667
0 0.871094 0.279167 0.032813 0.062500
0 0.961719 0.441667 0.054688 0.050000
0 0.757031 0.068750 0.057813 0.083333
0 0.909375 0.166667 0.043750 0.050000
0 0.376563 0.382292 0.043750 0.047917