0 0.288281 0.119792 0.060937 0.072917
0 0.139063 0.239583 0.062500 0.083333
0 0.046875 0.230208 0.062500 0.056250
0 0.043750 0.437500 0.062500 0.066667
0 0.092188 0.716667 0.062500 0.058333
0 0.126562 0.751042 0.053125 0.077083
0 0.303125 0.912500 0.062500 0.066667
0 0.357031 0.756250 0.035937 0.070833
0 0.428125 0.756250 0.043750 0.066667
0 0.490625 0.756250 0.062500 0.083333
0 0.400781 0.533333 0.048438 0.083333
0 0.521875 0.555208 0.062500 0.060417
0 0.564063 0.648958 0.062500 0.064583
0 0.611719 0.766667 0.039062 0.070833
0 0.574219 0.373958 0.032813 0.052083
0 0.456250 0.227083 0.062500 0.037500
0 0.711719 0.057292 0.039062 0.043750
0 0.761719 0.120833 0.045312 0.083333
0 0.765625 0.463542 0.040625 0.047917
0 0.757031 0.655208 0.039062 0.068750
0 0.912500 0.516667 0.053125 0.083333
0 0.964063 0.516667 0.046875 0.066667
0 0.784375 0.841667 0.043750 0.066667