0 0.089844 0.165625 0.060937 0.072917
0 0.144531 0.164583 0.057813 0.075000
0 0.156250 0.276042 0.046875 0.081250
0 0.170313 0.317708 0.053125 0.064583
0 0.172656 0.409375 0.045312 0.056250
0 0.181250 0.488542 0.062500 0.064583
0 0.189062 0.758333 0.056250 0.075000
0 0.110937 0.987500 0.062500 0.025000
0 0.225000 0.966667 0.059375 0.066667
0 0.325000 0.850000 0.053125 0.058333
0 0.240625 0.730208 0.040625 0.072917
0 0.331250 0.748958 0.053125 0.077083
0 0.335156 0.693750 0.060937 0.062500
0 0.298438 0.581250 0.056250 0.058333
0 0.294531 0.540625 0.057813 0.064583
0 0.377344 0.475000 0.057813 0.054167
0 0.372656 0.517708 0.048438 0.064583
0 0.450000 0.611458 0.056250 0.081250
0 0.485156 0.762500 0.045312 0.070833
0 0.446875 0.900000 0.043750 0.083333
0 0.485938 0.971875 0.040625 0.056250
0 0.536719 0.989583 0.042188 0.020833
0 0.631250 0.836458 0.062500 0.056250
0 0.637500 0.872917 0.050000 0.058333
0 0.820312 0.982292 0.056250 0.035417
0 0.815625 0.809375 0.043750 0.052083
0 0.994531 0.889583 0.010937 0.075000
0 0.876563 0.666667 0.040625 0.050000
0 0.857812 0.589583 0.040625 0.079167
0 0.710156 0.668750 0.060937 0.070833
0 0.710156 0.595833 0.057813 0.062500
0 0.535937 0.558333 0.062500 0.062500
0 0.561719 0.438542 0.076563 0.060417
0 0.547656 0.385417 0.054688 0.070833
0 0.582812 0.393750 0.040625 0.083333
0 0.653906 0.427083 0.070312 0.083333
0 0.815625 0.250000 0.053125 0.083333
0 0.904687 0.231250 0.059375 0.066667
0 0.798438 0.081250 0.034375 0.062500
0 0.612500 0.065625 0.046875 0.060417