0 0.067969 0.240625 0.045312 0.072917
0 0.313281 0.201042 0.057813 0.081250
0 0.524219 0.205208 0.057813 0.081250
0 0.561719 0.190625 0.051562 0.064583
0 0.585938 0.085417 0.056250 0.062500
0 0.801562 0.104167 0.062500 0.066667
0 0.796094 0.445833 0.039062 0.083333
0 0.954688 0.177083 0.046875 0.058333
0 0.957812 0.359375 0.050000 0.060417
0 0.982031 0.428125 0.035937 0.060417
0 0.717969 0.595833 0.057813 0.079167
0 0.467187 0.495833 0.046875 0.070833
0 0.518750 0.493750 0.053125 0.062500
0 0.816406 0.669792 0.048438 0.060417
0 0.692187 0.821875 0.062500 0.052083
0 0.743750 0.846875 0.040625 0.068750
0 0.992188 0.650000 0.015625 0.058333
0 0.950000 0.981250 0.053125 0.037500
0 0.464844 0.745833 0.035937 0.066667
0 0.484375 0.870833 0.050000 0.083333
0 0.296875 0.654167 0.062500 0.062500
0 0.177344 0.620833 0.060937 0.083333
0 0.394531 0.979167 0.048438 0.041667
0 0.260937 0.905208 0.056250 0.081250
0 0.105469 0.865625 0.060937 0.056250
0 0.285938 0.748958 0.056250 0.047917
0 0.356250 0.856250 0.062500 0.045833
0 0.320312 0.829167 0.050000 0.041667
0 0.354687 0.589583 0.043750 0.045833
0 0.975781 0.292708 0.042188 0.068750
0 0.703125 0.692708 0.062500 0.047917