0 0.031250 0.120833 0.046875 0.050000
0 0.025000 0.228125 0.034375 0.077083
0 0.137500 0.094792 0.050000 0.064583
0 0.154688 0.122917 0.053125 0.066667
0 0.142187 0.182292 0.046875 0.060417
0 0.183594 0.154167 0.048438 0.062500
0 0.255469 0.379167 0.035937 0.054167
0 0.332031 0.358333 0.057813 0.054167
0 0.395313 0.276042 0.053125 0.081250
0 0.473438 0.222917 0.062500 0.075000
0 0.538281 0.335417 0.060937 0.083333
0 0.557813 0.415625 0.059375 0.064583
0 0.694531 0.095833 0.057813 0.079167
0 0.825781 0.128125 0.054688 0.081250
0 0.778906 0.316667 0.045312 0.070833
0 0.914062 0.494792 0.053125 0.039583
0 0.867188 0.606250 0.053125 0.050000
0 0.803906 0.838542 0.060937 0.060417
0 0.667969 0.742708 0.039062 0.039583
0 0.614844 0.625000 0.060937 0.083333
0 0.496094 0.756250 0.042188 0.083333
0 0.585938 0.831250 0.062500 0.083333
0 0.552344 0.939583 0.045312 0.083333
0 0.371094 0.977083 0.048438 0.045833
0 0.246875 0.918750 0.062500 0.054167
0 0.096875 0.950000 0.062500 0.041667
0 0.036719 0.839583 0.045312 0.070833
0 0.150000 0.762500 0.043750 0.058333
0 0.102344 0.646875 0.045312 0.060417
0 0.057813 0.552083 0.062500 0.070833
0 0.260156 0.534375 0.060937 0.056250
0 0.290625 0.586458 0.053125 0.072917
0 0.325000 0.557292 0.062500 0.039583
0 0.407813 0.582292 0.059375 0.064583