0 0.632031 0.115625 0.048438 0.081250
0 0.690625 0.218750 0.050000 0.045833
0 0.799219 0.263542 0.045312 0.077083
0 0.741406 0.243750 0.057813 0.070833
0 0.721094 0.300000 0.032813 0.079167
0 0.532813 0.430208 0.056250 0.060417
0 0.614844 0.482292 0.039062 0.068750
0 0.598437 0.562500 0.040625 0.083333
0 0.718750 0.519792 0.059375 0.068750
0 0.755469 0.597917 0.060937 0.058333
0 0.772656 0.694792 0.048438 0.068750
0 0.831250 0.733333 0.056250 0.070833
0 0.985938 0.648958 0.028125 0.060417
0 0.980469 0.833333 0.039062 0.041667
0 0.995313 0.861458 0.009375 0.043750
0 0.971094 0.963542 0.057813 0.072917
0 0.828906 0.982292 0.042188 0.035417
0 0.882812 0.929167 0.062500 0.045833
0 0.714844 0.789583 0.060937 0.083333
0 0.591406 0.684375 0.057813 0.056250
0 0.457031 0.647917 0.060937 0.083333
0 0.272656 0.631250 0.054688 0.070833
0 0.298438 0.781250 0.053125 0.062500
0 0.304688 0.857292 0.050000 0.068750
0 0.383594 0.921875 0.060937 0.064583
0 0.365625 0.977083 0.050000 0.045833
0 0.074219 0.848958 0.039062 0.064583
0 0.027344 0.407292 0.039062 0.056250
0 0.832812 0.051042 0.043750 0.039583