0 0.254688 0.118750 0.046875 0.083333
0 0.158594 0.200000 0.051562 0.083333
0 0.104688 0.235417 0.062500 0.070833
0 0.090625 0.406250 0.059375 0.066667
0 0.081250 0.720833 0.040625 0.083333
0 0.225781 0.891667 0.060937 0.062500
0 0.344531 0.735417 0.039062 0.058333
0 0.350781 0.600000 0.039062 0.079167
0 0.423438 0.627083 0.062500 0.058333
0 0.461719 0.673958 0.045312 0.052083
0 0.517188 0.739583 0.053125 0.075000
0 0.589063 0.705208 0.034375 0.064583
0 0.597656 0.972917 0.060937 0.054167
0 0.650000 0.976042 0.062500 0.047917
0 0.471875 0.470833 0.040625 0.058333
0 0.564063 0.500000 0.059375 0.062500
0 0.785937 0.793750 0.037500 0.058333
0 0.981250 0.984375 0.037500 0.031250
0 0.961719 0.475000 0.060937 0.075000
0 0.733594 0.517708 0.042188 0.060417
0 0.725781 0.164583 0.042188 0.083333
0 0.741406 0.091667 0.039062 0.054167
0 0.537500 0.181250 0.062500 0.041667
0 0.541406 0.267708 0.032813 0.056250
0 0.724219 0.351042 0.039062 0.047917
0 0.717187 0.239583 0.050000 0.075000