0 0.175000 0.132292 0.040625 0.052083
0 0.144531 0.189583 0.048438 0.062500
0 0.207813 0.192708 0.037500 0.068750
0 0.365625 0.184375 0.056250 0.089583
0 0.256250 0.327083 0.059375 0.062500
0 0.207031 0.382292 0.032813 0.056250
0 0.103125 0.390625 0.062500 0.081250
0 0.173437 0.518750 0.037500 0.083333
0 0.372656 0.334375 0.035937 0.081250
0 0.565625 0.311458 0.056250 0.102083
0 0.547656 0.403125 0.057813 0.068750
0 0.635938 0.081250 0.050000 0.058333
0 0.787500 0.178125 0.043750 0.077083
0 0.748437 0.495833 0.056250 0.087500
0 0.660156 0.598958 0.048438 0.052083
0 0.656250 0.344792 0.062500 0.052083
0 0.428906 0.627083 0.048438 0.083333
0 0.339844 0.688542 0.076563 0.068750
0 0.210156 0.637500 0.057813 0.045833
0 0.251563 0.620833 0.062500 0.050000
0 0.415625 0.789583 0.062500 0.045833
0 0.394531 0.844792 0.035937 0.068750
0 0.379688 0.918750 0.037500 0.083333
0 0.326562 0.864583 0.062500 0.062500
0 0.569531 0.829167 0.054688 0.083333
0 0.500000 0.885417 0.062500 0.066667
0 0.542188 0.978125 0.053125 0.043750
0 0.617188 0.970833 0.062500 0.058333
0 0.629687 0.813542 0.050000 0.072917
0 0.532813 0.601042 0.040625 0.047917
0 0.992969 0.552083 0.014063 0.070833
0 0.873437 0.829167 0.040625 0.083333
0 0.939063 0.892708 0.056250 0.081250
0 0.820312 0.926042 0.059375 0.056250
0 0.855469 0.982292 0.042188 0.035417
0 0.907813 0.956250 0.053125 0.075000
0 0.111719 0.816667 0.045312 0.079167