0 0.235156 0.106250 0.042188 0.054167
0 0.269531 0.245833 0.057813 0.083333
0 0.060937 0.284375 0.050000 0.064583
0 0.163281 0.391667 0.051562 0.083333
0 0.106250 0.404167 0.028125 0.054167
0 0.312500 0.339583 0.034375 0.083333
0 0.409375 0.243750 0.062500 0.083333
0 0.479687 0.159375 0.062500 0.081250
0 0.625000 0.272917 0.062500 0.083333
0 0.645312 0.220833 0.037500 0.083333
0 0.782813 0.151042 0.040625 0.072917
0 0.836719 0.290625 0.070312 0.056250
0 0.760938 0.382292 0.043750 0.056250
0 0.608594 0.467708 0.057813 0.077083
0 0.994531 0.575000 0.010937 0.075000
0 0.444531 0.645833 0.057813 0.083333
0 0.286719 0.625000 0.054688 0.083333
0 0.219531 0.565625 0.042188 0.047917
0 0.131250 0.568750 0.034375 0.083333
0 0.140625 0.776042 0.071875 0.068750
0 0.388281 0.923958 0.042188 0.047917
0 0.359375 0.984375 0.037500 0.031250
0 0.064844 0.559375 0.051562 0.056250
0 0.190625 0.825000 0.050000 0.058333
0 0.426563 0.871875 0.053125 0.060417
0 0.488281 0.956250 0.042188 0.058333
0 0.532813 0.883333 0.053125 0.045833
0 0.648438 0.870833 0.053125 0.083333
0 0.439844 0.727083 0.045312 0.066667
0 0.674219 0.777083 0.045312 0.083333
0 0.867969 0.770833 0.039062 0.083333
0 0.889062 0.912500 0.062500 0.058333
0 0.972656 0.890625 0.054688 0.072917
0 0.928125 0.830208 0.028125 0.068750
0 0.657031 0.982292 0.045312 0.035417
0 0.688281 0.966667 0.057813 0.066667
0 0.957812 0.950000 0.043750 0.075000
0 0.760938 0.491667 0.043750 0.083333