0 0.046680 0.043269 0.020747 0.025641
0 0.075726 0.052885 0.020747 0.019231
0 0.039419 0.056891 0.020747 0.024038
0 0.073133 0.089744 0.028008 0.025641
0 0.059647 0.153045 0.023859 0.024038
0 0.033195 0.213942 0.029046 0.027244
0 0.067946 0.197917 0.028008 0.027244
0 0.064315 0.212340 0.020747 0.027244
0 0.050830 0.227564 0.026971 0.025641
0 0.029564 0.254006 0.023859 0.027244
0 0.043568 0.266827 0.020747 0.024038
0 0.057054 0.238782 0.020747 0.022436
0 0.071577 0.283654 0.024896 0.025641
0 0.063278 0.303686 0.020747 0.027244
0 0.072614 0.295673 0.020747 0.024038
0 0.081432 0.305288 0.025934 0.024038
0 0.071577 0.329327 0.020747 0.024038
0 0.064315 0.337340 0.020747 0.024038
0 0.051867 0.342949 0.020747 0.022436
0 0.043568 0.351763 0.020747 0.024038
0 0.030083 0.364583 0.022822 0.024038
0 0.038382 0.379006 0.020747 0.024038
0 0.012967 0.274038 0.019710 0.022436
0 0.028008 0.453526 0.020747 0.025641
0 0.044087 0.460737 0.023859 0.027244
0 0.074689 0.432692 0.020747 0.025641
0 0.051349 0.447917 0.023859 0.027244
0 0.088174 0.434295 0.022822 0.025641
0 0.014523 0.488782 0.020747 0.025641
0 0.026971 0.488782 0.022822 0.025641
0 0.044606 0.493590 0.022822 0.025641
0 0.045124 0.516827 0.023859 0.030449
0 0.054979 0.489583 0.020747 0.024038
0 0.063278 0.511218 0.020747 0.032051
0 0.069502 0.538462 0.020747 0.028846
0 0.079357 0.553686 0.023859 0.030449
0 0.032158 0.570513 0.022822 0.025641
0 0.028008 0.586538 0.026971 0.025641
0 0.050311 0.598558 0.025934 0.033654
0 0.086100 0.585737 0.026971 0.027244
0 0.085062 0.616186 0.026971 0.030449
0 0.030602 0.662660 0.023859 0.027244
0 0.014523 0.682692 0.020747 0.032051
0 0.070021 0.657853 0.025934 0.027244
0 0.029564 0.711538 0.028008 0.025641
0 0.036826 0.736378 0.025934 0.030449
0 0.050830 0.715545 0.024896 0.027244
0 0.061203 0.720353 0.020747 0.027244
0 0.085062 0.695513 0.026971 0.025641
0 0.059129 0.762019 0.026971 0.030449
0 0.052386 0.789263 0.023859 0.027244
0 0.029046 0.849359 0.029046 0.025641
0 0.025415 0.900641 0.028008 0.025641
0 0.030602 0.933494 0.028008 0.027244
0 0.078838 0.987179 0.029046 0.025641
0 0.086100 0.913462 0.031120 0.025641
0 0.085581 0.895833 0.025934 0.028846
0 0.089730 0.908654 0.025934 0.022436
0 0.145747 0.991987 0.028008 0.016026
0 0.144191 0.956731 0.024896 0.022436
0 0.149896 0.947917 0.032158 0.024038
0 0.215768 0.981571 0.029046 0.036859
0 0.209025 0.939904 0.032158 0.030449
0 0.273859 0.992788 0.035270 0.014423
0 0.293050 0.971154 0.032158 0.028846
0 0.254149 0.966346 0.029046 0.032051
0 0.287863 0.932692 0.030083 0.025641
0 0.268154 0.947115 0.028008 0.025641
0 0.262967 0.954327 0.028008 0.024038
0 0.229772 0.870994 0.028008 0.030449
0 0.192427 0.867788 0.034232 0.024038
0 0.189315 0.876603 0.023859 0.025641
0 0.137448 0.858974 0.023859 0.025641
0 0.115145 0.854968 0.026971 0.027244
0 0.147822 0.842949 0.025934 0.028846
0 0.077801 0.848558 0.024896 0.027244
0 0.074689 0.836538 0.026971 0.028846
0 0.063797 0.814904 0.025934 0.030449
0 0.117220 0.812500 0.024896 0.028846
0 0.117220 0.805288 0.033195 0.027244
0 0.086100 0.806891 0.020747 0.027244
0 0.075726 0.786058 0.024896 0.020833
0 0.092842 0.765224 0.030083 0.027244
0 0.106328 0.741186 0.030083 0.024038
0 0.097510 0.736378 0.026971 0.024038
0 0.129149 0.772436 0.025934 0.028846
0 0.145228 0.762821 0.026971 0.028846
0 0.136929 0.751603 0.026971 0.028846
0 0.180498 0.780449 0.026971 0.025641
0 0.181535 0.766827 0.029046 0.024038
0 0.186203 0.742788 0.030083 0.027244
0 0.218880 0.778045 0.029046 0.027244
0 0.112552 0.661859 0.028008 0.025641
0 0.108402 0.645032 0.028008 0.024038
0 0.139004 0.627404 0.033195 0.024038
0 0.237033 0.761218 0.025934 0.028846
0 0.216805 0.729167 0.031120 0.025641
0 0.207988 0.712340 0.030083 0.030449
0 0.191390 0.672276 0.028008 0.024038
0 0.184647 0.668269 0.026971 0.028846
0 0.190871 0.654647 0.024896 0.030449
0 0.164938 0.647436 0.024896 0.032051
0 0.217324 0.683494 0.025934 0.030449
0 0.230809 0.657853 0.028008 0.024038
0 0.225104 0.650641 0.024896 0.025641
0 0.196577 0.626603 0.025934 0.028846
0 0.185685 0.616186 0.020747 0.027244
0 0.173237 0.609776 0.020747 0.030449
0 0.193983 0.602564 0.020747 0.025641
0 0.202282 0.591346 0.020747 0.028846
0 0.142116 0.568910 0.024896 0.028846
0 0.178942 0.556090 0.025934 0.028846
0 0.154564 0.546474 0.026971 0.028846
0 0.112033 0.532051 0.026971 0.025641
0 0.110477 0.501603 0.032158 0.028846
0 0.097510 0.467949 0.029046 0.025641
0 0.133299 0.429487 0.025934 0.025641
0 0.121369 0.419071 0.026971 0.024038
0 0.158714 0.509615 0.026971 0.025641
0 0.172718 0.491987 0.030083 0.025641
0 0.148859 0.479167 0.028008 0.025641
0 0.152490 0.451122 0.020747 0.024038
0 0.170124 0.441506 0.022822 0.033654
0 0.155602 0.436699 0.029046 0.024038
0 0.163900 0.415064 0.022822 0.025641
0 0.171162 0.407051 0.020747 0.022436
0 0.139004 0.412660 0.020747 0.017628
0 0.106846 0.381410 0.020747 0.032051
0 0.102697 0.370192 0.022822 0.025641
0 0.113071 0.355769 0.020747 0.022436
0 0.150415 0.354167 0.018672 0.028846
0 0.184647 0.368590 0.020747 0.028846
0 0.197095 0.356571 0.024896 0.030449
0 0.157676 0.332532 0.026971 0.020833
0 0.130187 0.324519 0.025934 0.024038
0 0.136929 0.321314 0.020747 0.027244
0 0.158714 0.306891 0.020747 0.024038
0 0.193465 0.320513 0.023859 0.025641
0 0.122407 0.278045 0.020747 0.030449
0 0.108921 0.269231 0.020747 0.025641
0 0.157676 0.283654 0.020747 0.022436
0 0.181535 0.270032 0.026971 0.024038
0 0.151971 0.264423 0.021784 0.025641
0 0.107884 0.248397 0.020747 0.028846
0 0.092324 0.225160 0.020747 0.017628
0 0.090249 0.225962 0.020747 0.032051
0 0.120332 0.203526 0.020747 0.025641
0 0.113071 0.192308 0.020747 0.025641
0 0.129668 0.189904 0.024896 0.024038
0 0.171162 0.246795 0.024896 0.022436
0 0.178423 0.229167 0.024896 0.028846
0 0.195021 0.200321 0.024896 0.025641
0 0.177905 0.186699 0.025934 0.027244
0 0.153008 0.155449 0.023859 0.022436
0 0.133817 0.113782 0.024896 0.025641
0 0.155602 0.102564 0.020747 0.032051
0 0.144191 0.088942 0.020747 0.024038
0 0.178423 0.059295 0.020747 0.022436
0 0.209025 0.084936 0.021784 0.025641
0 0.185685 0.133013 0.020747 0.025641
0 0.191390 0.141026 0.025934 0.025641
0 0.219398 0.182692 0.023859 0.025641
0 0.215768 0.222756 0.020747 0.032051
0 0.241701 0.214744 0.024896 0.025641
0 0.226141 0.237179 0.020747 0.022436
0 0.241701 0.021635 0.029046 0.024038
0 0.299274 0.020833 0.023859 0.022436
0 0.243776 0.133013 0.020747 0.022436
0 0.243776 0.148237 0.020747 0.020833
0 0.248963 0.168269 0.020747 0.028846
0 0.273340 0.182692 0.025934 0.022436
0 0.281120 0.164263 0.024896 0.020833
0 0.285270 0.146635 0.026971 0.024038
0 0.296162 0.085737 0.023859 0.027244
0 0.302905 0.088141 0.022822 0.025641
0 0.307573 0.104968 0.025934 0.024038
0 0.309129 0.129006 0.018672 0.030449
0 0.346992 0.051282 0.023859 0.025641
0 0.379668 0.028846 0.020747 0.022436
0 0.385892 0.022436 0.020747 0.022436
0 0.364108 0.070513 0.020747 0.025641
0 0.344917 0.093750 0.025934 0.020833
0 0.360996 0.109776 0.022822 0.024038
0 0.365145 0.125000 0.020747 0.028846
0 0.343880 0.163462 0.023859 0.025641
0 0.286307 0.221955 0.022822 0.027244
0 0.268154 0.240385 0.023859 0.025641
0 0.323133 0.221154 0.023859 0.025641
0 0.235477 0.261218 0.020747 0.025641
0 0.226141 0.271635 0.020747 0.024038
0 0.218361 0.287660 0.023859 0.024038
0 0.224066 0.298878 0.020747 0.027244
0 0.223029 0.333333 0.022822 0.028846
0 0.255187 0.266026 0.020747 0.025641
0 0.263485 0.272436 0.022822 0.025641
0 0.283195 0.270032 0.024896 0.027244
0 0.260892 0.302083 0.025934 0.027244
0 0.268672 0.314103 0.022822 0.025641
0 0.273859 0.325321 0.020747 0.025641
0 0.257261 0.345353 0.024896 0.020833
0 0.260892 0.364583 0.025934 0.024038
0 0.286307 0.360577 0.022822 0.022436
0 0.309129 0.254006 0.022822 0.027244
0 0.308091 0.262019 0.020747 0.024038
0 0.320539 0.268429 0.022822 0.027244
0 0.328838 0.281250 0.022822 0.033654
0 0.339212 0.241186 0.020747 0.020833
0 0.344398 0.249199 0.024896 0.024038
0 0.359440 0.261218 0.021784 0.032051
0 0.301867 0.314103 0.020747 0.028846
0 0.326245 0.310897 0.025934 0.022436
0 0.320539 0.342949 0.024896 0.028846
0 0.294087 0.387019 0.021784 0.027244
0 0.309647 0.383814 0.023859 0.027244
0 0.314315 0.401442 0.020747 0.027244
0 0.326763 0.427083 0.024896 0.024038
0 0.294606 0.418269 0.022822 0.028846
0 0.274896 0.414263 0.022822 0.024038
0 0.257261 0.406250 0.024896 0.024038
0 0.234959 0.415865 0.025934 0.027244
0 0.214730 0.423077 0.020747 0.028846
0 0.207469 0.450321 0.020747 0.028846
0 0.244295 0.425481 0.023859 0.027244
0 0.245851 0.432692 0.024896 0.025641
0 0.262448 0.440705 0.022822 0.028846
0 0.228216 0.459135 0.024896 0.024038
0 0.228216 0.474359 0.024896 0.028846
0 0.233921 0.481571 0.023859 0.027244
0 0.265560 0.462340 0.024896 0.024038
0 0.269191 0.479968 0.025934 0.027244
0 0.298755 0.462340 0.026971 0.027244
0 0.312241 0.476763 0.024896 0.024038
0 0.315871 0.493590 0.025934 0.028846
0 0.328320 0.468750 0.023859 0.024038
0 0.334025 0.458333 0.020747 0.032051
0 0.347510 0.459936 0.020747 0.028846
0 0.364627 0.465545 0.023859 0.027244
0 0.370851 0.481571 0.030083 0.024038
0 0.355809 0.508814 0.026971 0.027244
0 0.201763 0.511218 0.028008 0.028846
0 0.215768 0.525641 0.029046 0.032051
0 0.252075 0.531250 0.029046 0.027244
0 0.228734 0.567308 0.028008 0.028846
0 0.258299 0.544872 0.024896 0.025641
0 0.253631 0.586538 0.023859 0.025641
0 0.268672 0.580929 0.024896 0.024038
0 0.296162 0.552885 0.028008 0.028846
0 0.294087 0.578526 0.023859 0.028846
0 0.271266 0.607372 0.030083 0.025641
0 0.293050 0.593750 0.025934 0.024038
0 0.297199 0.617788 0.023859 0.027244
0 0.281120 0.639423 0.022822 0.028846
0 0.293050 0.646635 0.025934 0.027244
0 0.243776 0.659455 0.020747 0.030449
0 0.252593 0.657051 0.025934 0.025641
0 0.257780 0.705929 0.028008 0.024038
0 0.251556 0.723558 0.025934 0.027244
0 0.267635 0.784455 0.024896 0.027244
0 0.273340 0.743590 0.025934 0.028846
0 0.282158 0.700321 0.026971 0.028846
0 0.305498 0.744391 0.030083 0.020833
0 0.312241 0.763622 0.022822 0.027244
0 0.325207 0.782853 0.025934 0.027244
0 0.336100 0.785256 0.026971 0.028846
0 0.346992 0.837340 0.030083 0.027244
0 0.325726 0.881410 0.020747 0.032051
0 0.339212 0.867788 0.020747 0.024038
0 0.342324 0.886218 0.020747 0.028846
0 0.339212 0.898237 0.031120 0.027244
0 0.350104 0.940705 0.028008 0.025641
0 0.353734 0.955929 0.033195 0.027244
0 0.383299 0.915064 0.032158 0.032051
0 0.358402 0.935897 0.028008 0.022436
0 0.409751 0.995192 0.026971 0.009615
0 0.428423 0.955128 0.029046 0.032051
0 0.380187 0.855769 0.030083 0.028846
0 0.534751 0.987179 0.034232 0.025641
0 0.582988 0.996795 0.031120 0.006410
0 0.571577 0.959135 0.031120 0.027244
0 0.690353 0.971154 0.032158 0.028846
0 0.715249 0.949519 0.028008 0.030449
0 0.496888 0.955929 0.029046 0.030449
0 0.459544 0.929487 0.029046 0.032051
0 0.878112 0.960737 0.030083 0.030449
0 0.941909 0.959936 0.031120 0.028846
0 0.818983 0.919872 0.036307 0.025641
0 0.852178 0.895833 0.036307 0.028846
0 0.905083 0.881410 0.032158 0.028846
0 0.941909 0.883013 0.031120 0.028846
0 0.952801 0.815705 0.034232 0.028846
0 0.920124 0.790064 0.035270 0.028846
0 0.790975 0.849359 0.036307 0.025641
0 0.754668 0.854167 0.032158 0.032051
0 0.694502 0.891026 0.032158 0.025641
0 0.698651 0.866186 0.028008 0.027244
0 0.653008 0.879006 0.032158 0.027244
0 0.642116 0.923077 0.031120 0.028846
0 0.615664 0.921474 0.032158 0.032051
0 0.514523 0.905449 0.033195 0.028846
0 0.457988 0.890224 0.032158 0.027244
0 0.438278 0.875000 0.030083 0.025641
0 0.422718 0.874199 0.034232 0.027244
0 0.427386 0.833333 0.024896 0.032051
0 0.498444 0.845353 0.025934 0.027244
0 0.534232 0.822917 0.031120 0.027244
0 0.622925 0.826122 0.028008 0.030449
0 0.632261 0.798878 0.025934 0.027244
0 0.595954 0.792468 0.032158 0.024038
0 0.538900 0.794071 0.023859 0.030449
0 0.538382 0.780449 0.026971 0.028846
0 0.690871 0.780449 0.029046 0.022436
0 0.678942 0.790865 0.028008 0.024038
0 0.371888 0.808494 0.028008 0.027244
0 0.369813 0.778045 0.028008 0.024038
0 0.381743 0.754808 0.024896 0.028846
0 0.351660 0.741987 0.026971 0.025641
0 0.334025 0.727564 0.022822 0.032051
0 0.465768 0.767628 0.020747 0.032051
0 0.442946 0.761218 0.029046 0.028846
0 0.426867 0.765224 0.030083 0.030449
0 0.493776 0.730769 0.026971 0.028846
0 0.485477 0.736378 0.020747 0.020833
0 0.506224 0.747596 0.026971 0.027244
0 0.533714 0.730769 0.025934 0.025641
0 0.544606 0.726763 0.020747 0.030449
0 0.351660 0.695513 0.020747 0.025641
0 0.368776 0.695513 0.025934 0.032051
0 0.381224 0.669872 0.028008 0.022436
0 0.344917 0.659455 0.023859 0.030449
0 0.319502 0.634615 0.022822 0.022436
0 0.413900 0.673077 0.024896 0.028846
0 0.405602 0.666667 0.022822 0.025641
0 0.414938 0.657051 0.020747 0.025641
0 0.409751 0.646635 0.020747 0.024038
0 0.344917 0.624199 0.025934 0.027244
0 0.320539 0.610577 0.024896 0.028846
0 0.365145 0.612179 0.024896 0.022436
0 0.322095 0.548878 0.028008 0.024038
0 0.337656 0.563301 0.023859 0.027244
0 0.391079 0.608173 0.029046 0.027244
0 0.377075 0.594551 0.025934 0.025641
0 0.363589 0.566506 0.028008 0.024038
0 0.364627 0.550481 0.025934 0.027244
0 0.395747 0.559295 0.028008 0.028846
0 0.384336 0.545673 0.023859 0.027244
0 0.395228 0.511218 0.020747 0.028846
0 0.433610 0.542468 0.029046 0.020833
0 0.404564 0.600160 0.020747 0.024038
0 0.414938 0.586538 0.020747 0.028846
0 0.421162 0.601763 0.020747 0.024038
0 0.437759 0.580128 0.020747 0.022436
0 0.431535 0.612179 0.029046 0.028846
0 0.445021 0.617788 0.020747 0.030449
0 0.461618 0.592147 0.024896 0.024038
0 0.464730 0.582532 0.020747 0.027244
0 0.473548 0.612981 0.028008 0.027244
0 0.471992 0.635417 0.020747 0.024038
0 0.480809 0.647436 0.028008 0.028846
0 0.500000 0.665064 0.020747 0.032051
0 0.538900 0.670673 0.028008 0.027244
0 0.518154 0.662660 0.023859 0.027244
0 0.521784 0.645833 0.020747 0.022436
0 0.525934 0.631410 0.026971 0.022436
0 0.507780 0.633013 0.025934 0.028846
0 0.508817 0.606571 0.025934 0.024038
0 0.523340 0.603365 0.028008 0.027244
0 0.571577 0.688301 0.024896 0.030449
0 0.632261 0.727564 0.030083 0.028846
0 0.619295 0.701923 0.029046 0.032051
0 0.603216 0.697917 0.032158 0.027244
0 0.608402 0.668269 0.030083 0.028846
0 0.585581 0.662660 0.028008 0.024038
0 0.567427 0.651442 0.029046 0.030449
0 0.641079 0.677885 0.020747 0.028846
0 0.637967 0.657853 0.024896 0.027244
0 0.711618 0.759615 0.026971 0.028846
0 0.812241 0.775641 0.029046 0.028846
0 0.789419 0.769231 0.026971 0.028846
0 0.806535 0.739583 0.028008 0.030449
0 0.764523 0.733974 0.029046 0.032051
0 0.738589 0.717147 0.024896 0.030449
0 0.690871 0.711538 0.026971 0.028846
0 0.690353 0.667468 0.032158 0.024038
0 0.705394 0.650641 0.031120 0.028846
0 0.734440 0.669872 0.020747 0.032051
0 0.771784 0.674679 0.029046 0.028846
0 0.804979 0.690705 0.029046 0.032051
0 0.865664 0.707532 0.028008 0.027244
0 0.904046 0.712340 0.030083 0.027244
0 0.945021 0.713942 0.033195 0.027244
0 0.957469 0.718750 0.033195 0.027244
0 0.918568 0.663462 0.028008 0.028846
0 0.851660 0.697115 0.029046 0.032051
0 0.836100 0.673077 0.024896 0.028846
0 0.820021 0.651442 0.032158 0.027244
0 0.890560 0.643429 0.028008 0.024038
0 0.979772 0.660256 0.032158 0.028846
0 0.929461 0.624199 0.031120 0.024038
0 0.974585 0.641827 0.030083 0.020833
0 0.974585 0.635417 0.030083 0.020833
0 0.740145 0.645833 0.028008 0.022436
0 0.743776 0.639423 0.020747 0.028846
0 0.763485 0.626603 0.020747 0.028846
0 0.792531 0.620192 0.026971 0.035256
0 0.803423 0.595353 0.025934 0.024038
0 0.814315 0.591346 0.024896 0.022436
0 0.872925 0.592949 0.032158 0.019231
0 0.842324 0.584135 0.031120 0.024038
0 0.819502 0.588141 0.020747 0.044872
0 0.775415 0.572115 0.032158 0.028846
0 0.731846 0.590545 0.025934 0.024038
0 0.721473 0.604968 0.028008 0.027244
0 0.691390 0.600962 0.028008 0.032051
0 0.653008 0.620994 0.032158 0.027244
0 0.646266 0.608974 0.020747 0.028846
0 0.609959 0.613782 0.020747 0.028846
0 0.600622 0.619391 0.020747 0.027244
0 0.588693 0.596154 0.025934 0.028846
0 0.574689 0.602564 0.026971 0.025641
0 0.561203 0.592147 0.026971 0.024038
0 0.540456 0.587340 0.026971 0.027244
0 0.561722 0.568109 0.028008 0.024038
0 0.532158 0.562500 0.020747 0.025641
0 0.485996 0.562500 0.023859 0.025641
0 0.557054 0.546474 0.024896 0.025641
0 0.426349 0.500801 0.020747 0.024038
0 0.414938 0.506410 0.020747 0.028846
0 0.432054 0.479167 0.025934 0.022436
0 0.414938 0.475962 0.020747 0.025641
0 0.395228 0.464744 0.026971 0.025641
0 0.399896 0.439904 0.030083 0.027244
0 0.382780 0.433494 0.024896 0.024038
0 0.985477 0.568910 0.029046 0.032051
0 0.991701 0.506410 0.016598 0.028846
0 0.936722 0.548077 0.020747 0.032051
0 0.872925 0.567308 0.030083 0.022436
0 0.848548 0.557692 0.022822 0.022436
0 0.867739 0.546474 0.028008 0.028846
0 0.895747 0.547276 0.030083 0.030449
0 0.837656 0.538462 0.030083 0.028846
0 0.807573 0.534455 0.028008 0.030449
0 0.930498 0.535256 0.026971 0.025641
0 0.941390 0.526442 0.032158 0.024038
0 0.943983 0.503205 0.022822 0.028846
0 0.924274 0.500801 0.029046 0.027244
0 0.937759 0.485577 0.020747 0.032051
0 0.876556 0.502404 0.020747 0.024038
0 0.960581 0.454327 0.026971 0.027244
0 0.967324 0.429487 0.028008 0.025641
0 0.995332 0.427885 0.009336 0.025641
0 0.994295 0.411058 0.011411 0.024038
0 0.987552 0.414263 0.024896 0.030449
0 0.961100 0.376603 0.025934 0.028846
0 0.997407 0.319712 0.005187 0.024038
0 0.996888 0.292468 0.006224 0.024038
0 0.958506 0.334936 0.022822 0.025641
0 0.952282 0.316506 0.020747 0.020833
0 0.973548 0.294071 0.025934 0.024038
0 0.971992 0.283654 0.031120 0.025641
0 0.989108 0.257212 0.021784 0.024038
0 0.968361 0.266827 0.023859 0.024038
0 0.985477 0.240385 0.022822 0.025641
0 0.979253 0.222756 0.018672 0.028846
0 0.988071 0.192308 0.023859 0.022436
0 0.993257 0.180288 0.013485 0.030449
0 0.988589 0.146635 0.020747 0.030449
0 0.976660 0.157853 0.023859 0.024038
0 0.958506 0.158654 0.020747 0.025641
0 0.980809 0.122596 0.023859 0.024038
0 0.994295 0.094551 0.011411 0.032051
0 0.996888 0.032051 0.006224 0.025641
0 0.936203 0.071314 0.017635 0.024038
0 0.952282 0.028846 0.020747 0.032051
0 0.940871 0.022436 0.020747 0.025641
0 0.858921 0.035256 0.020747 0.025641
0 0.837656 0.030449 0.019710 0.028846
0 0.856846 0.068910 0.020747 0.025641
0 0.847510 0.075321 0.020747 0.028846
0 0.890041 0.139423 0.020747 0.025641
0 0.910788 0.170673 0.024896 0.027244
0 0.915975 0.179487 0.020747 0.022436
0 0.799793 0.066506 0.020747 0.027244
0 0.769710 0.048878 0.020747 0.027244
0 0.725104 0.032051 0.020747 0.022436
0 0.634336 0.041667 0.023859 0.028846
0 0.587137 0.022436 0.020747 0.019231
0 0.571577 0.023237 0.020747 0.024038
0 0.575726 0.033654 0.016598 0.016026
0 0.470954 0.035256 0.022822 0.022436
0 0.425311 0.048878 0.020747 0.024038
0 0.412863 0.078526 0.020747 0.025641
0 0.436203 0.072115 0.023859 0.022436
0 0.499481 0.045673 0.025934 0.024038
0 0.514004 0.041667 0.015560 0.022436
0 0.512448 0.066506 0.018672 0.024038
0 0.484440 0.078526 0.020747 0.025641
0 0.496888 0.094551 0.020747 0.028846
0 0.511411 0.104167 0.020747 0.022436
0 0.528008 0.113782 0.020747 0.032051
0 0.539419 0.129006 0.020747 0.027244
0 0.526971 0.106571 0.020747 0.020833
0 0.531120 0.113782 0.020747 0.025641
0 0.589212 0.114583 0.020747 0.027244
0 0.613071 0.100160 0.016598 0.024038
0 0.619295 0.088141 0.016598 0.022436
0 0.643154 0.087340 0.020747 0.030449
0 0.668050 0.084936 0.020747 0.028846
0 0.700207 0.067308 0.022822 0.022436
0 0.703320 0.095353 0.022822 0.027244
0 0.737552 0.074519 0.024896 0.027244
0 0.789419 0.091346 0.026971 0.022436
0 0.806535 0.116987 0.023859 0.025641
0 0.745851 0.120192 0.020747 0.025641
0 0.705394 0.126603 0.026971 0.025641
0 0.679979 0.158654 0.028008 0.028846
0 0.642116 0.157853 0.026971 0.027244
0 0.615145 0.157853 0.026971 0.024038
0 0.604772 0.169071 0.026971 0.027244
0 0.563278 0.168269 0.024896 0.025641
0 0.563797 0.207532 0.028008 0.027244
0 0.503112 0.185096 0.020747 0.027244
0 0.429461 0.112981 0.020747 0.024038
0 0.436722 0.125801 0.029046 0.027244
0 0.418568 0.145833 0.025934 0.025641
0 0.406639 0.158654 0.026971 0.025641
0 0.446058 0.167468 0.020747 0.024038
0 0.417012 0.185897 0.020747 0.025641
0 0.389004 0.189904 0.026971 0.024038
0 0.379149 0.210737 0.017635 0.024038
0 0.398340 0.221154 0.020747 0.022436
0 0.391079 0.235577 0.024896 0.025641
0 0.398340 0.246795 0.029046 0.025641
0 0.383299 0.266026 0.028008 0.025641
0 0.389004 0.262019 0.020747 0.020833
0 0.392116 0.276442 0.026971 0.024038
0 0.396266 0.296474 0.029046 0.022436
0 0.379668 0.330128 0.024896 0.025641
0 0.368776 0.340545 0.025934 0.027244
0 0.345436 0.347756 0.020747 0.025641
0 0.354253 0.362981 0.025934 0.027244
0 0.348029 0.384615 0.023859 0.028846
0 0.373444 0.377404 0.024896 0.030449
0 0.395747 0.371795 0.028008 0.028846
0 0.390560 0.389423 0.023859 0.025641
0 0.406639 0.367788 0.020747 0.030449
0 0.400415 0.395833 0.020747 0.022436
0 0.413900 0.399038 0.020747 0.032051
0 0.421162 0.423077 0.020747 0.028846
0 0.435685 0.417468 0.020747 0.030449
0 0.440871 0.360577 0.020747 0.025641
0 0.466805 0.350962 0.020747 0.028846
0 0.434647 0.313301 0.026971 0.027244
0 0.441909 0.298878 0.020747 0.024038
0 0.420643 0.284455 0.025934 0.027244
0 0.434647 0.267628 0.024896 0.025641
0 0.438278 0.245994 0.028008 0.027244
0 0.429461 0.234776 0.020747 0.024038
0 0.458506 0.243590 0.026971 0.025641
0 0.482365 0.209135 0.024896 0.024038
0 0.476141 0.218750 0.020747 0.020833
0 0.486515 0.237981 0.026971 0.027244
0 0.494295 0.217949 0.021784 0.025641
0 0.504668 0.204327 0.028008 0.024038
0 0.526971 0.241987 0.020747 0.032051
0 0.476141 0.266026 0.020747 0.022436
0 0.469917 0.273237 0.020747 0.017628
0 0.469917 0.261218 0.020747 0.019231
0 0.468880 0.318910 0.020747 0.032051
0 0.497925 0.324519 0.026971 0.027244
0 0.496369 0.344551 0.028008 0.025641
0 0.467324 0.396635 0.025934 0.024038
0 0.459544 0.403846 0.020747 0.019231
0 0.465768 0.421474 0.020747 0.028846
0 0.454357 0.441506 0.024896 0.024038
0 0.461618 0.438301 0.020747 0.024038
0 0.459544 0.456731 0.029046 0.028846
0 0.471992 0.487981 0.026971 0.027244
0 0.480809 0.526442 0.025934 0.024038
0 0.489627 0.524840 0.020747 0.020833
0 0.498963 0.527244 0.020747 0.032051
0 0.480809 0.509615 0.028008 0.028846
0 0.501556 0.491987 0.028008 0.025641
0 0.483402 0.465545 0.020747 0.024038
0 0.482365 0.445513 0.020747 0.022436
0 0.493776 0.440705 0.020747 0.028846
0 0.543050 0.518429 0.023859 0.027244
0 0.532158 0.487981 0.029046 0.024038
0 0.523340 0.441506 0.028008 0.024038
0 0.552905 0.451122 0.031120 0.030449
0 0.560166 0.455128 0.020747 0.025641
0 0.578838 0.504808 0.026971 0.028846
0 0.577801 0.491186 0.026971 0.024038
0 0.586618 0.471154 0.028008 0.025641
0 0.613589 0.498397 0.028008 0.022436
0 0.597510 0.520833 0.020747 0.032051
0 0.589730 0.548878 0.028008 0.027244
0 0.615664 0.546474 0.030083 0.028846
0 0.593880 0.557692 0.030083 0.025641
0 0.624481 0.579327 0.026971 0.027244
0 0.648340 0.582532 0.029046 0.027244
0 0.661826 0.562500 0.026971 0.022436
0 0.652490 0.556090 0.024896 0.025641
0 0.682054 0.544071 0.025934 0.027244
0 0.707469 0.552885 0.029046 0.032051
0 0.742220 0.516026 0.023859 0.028846
0 0.769710 0.505609 0.020747 0.027244
0 0.765560 0.491987 0.020747 0.025641
0 0.753112 0.494391 0.020747 0.024038
0 0.750000 0.476763 0.029046 0.027244
0 0.731846 0.489583 0.030083 0.030449
0 0.673237 0.511218 0.029046 0.028846
0 0.640041 0.520032 0.024896 0.027244
0 0.630705 0.511218 0.029046 0.028846
0 0.682573 0.491987 0.026971 0.025641
0 0.705394 0.483974 0.026971 0.025641
0 0.696058 0.478365 0.031120 0.027244
0 0.707988 0.471154 0.028008 0.028846
0 0.738589 0.448718 0.031120 0.025641
0 0.664938 0.477564 0.029046 0.025641
0 0.676349 0.454327 0.026971 0.024038
0 0.641079 0.459936 0.029046 0.022436
0 0.609959 0.439904 0.026971 0.024038
0 0.595436 0.443109 0.026971 0.020833
0 0.579357 0.439103 0.030083 0.028846
0 0.601141 0.421474 0.030083 0.025641
0 0.500519 0.403045 0.028008 0.027244
0 0.486515 0.396635 0.020747 0.027244
0 0.534232 0.439103 0.020747 0.028846
0 0.554461 0.415865 0.030083 0.024038
0 0.563278 0.400641 0.029046 0.022436
0 0.528527 0.404647 0.028008 0.024038
0 0.531639 0.391827 0.023859 0.027244
0 0.564315 0.384615 0.026971 0.025641
0 0.559129 0.382212 0.037344 0.030449
0 0.571577 0.367788 0.026971 0.027244
0 0.513485 0.375000 0.020747 0.025641
0 0.532158 0.348558 0.020747 0.027244
0 0.532158 0.325321 0.026971 0.025641
0 0.528008 0.309295 0.026971 0.025641
0 0.531120 0.286058 0.026971 0.027244
0 0.507261 0.282051 0.024896 0.028846
0 0.560685 0.257212 0.028008 0.024038
0 0.577801 0.245192 0.020747 0.025641
0 0.597510 0.229167 0.020747 0.022436
0 0.633817 0.213942 0.029046 0.024038
0 0.661826 0.217147 0.020747 0.020833
0 0.670124 0.216346 0.020747 0.022436
0 0.686722 0.215545 0.020747 0.027244
0 0.682573 0.231571 0.020747 0.027244
0 0.712656 0.169071 0.020747 0.030449
0 0.735477 0.196314 0.020747 0.030449
0 0.791494 0.153045 0.020747 0.020833
0 0.778008 0.159455 0.020747 0.027244
0 0.771784 0.171474 0.020747 0.025641
0 0.767116 0.192308 0.028008 0.025641
0 0.799793 0.180288 0.020747 0.020833
0 0.858921 0.168269 0.020747 0.025641
0 0.815353 0.203526 0.020747 0.032051
0 0.810166 0.196314 0.020747 0.027244
0 0.839730 0.191506 0.025934 0.020833
0 0.792531 0.221955 0.026971 0.024038
0 0.801867 0.238782 0.022822 0.025641
0 0.819502 0.244391 0.020747 0.024038
0 0.839212 0.253205 0.020747 0.025641
0 0.847510 0.261218 0.020747 0.025641
0 0.860477 0.245192 0.023859 0.025641
0 0.875519 0.247596 0.018672 0.024038
0 0.908195 0.243590 0.023859 0.028846
0 0.926349 0.227564 0.020747 0.028846
0 0.927386 0.256410 0.020747 0.028846
0 0.947095 0.237179 0.026971 0.025641
0 0.952801 0.247596 0.021784 0.027244
0 0.943983 0.322115 0.026971 0.028846
0 0.934647 0.354968 0.020747 0.027244
0 0.928942 0.383013 0.028008 0.025641
0 0.910788 0.465545 0.024896 0.030449
0 0.885892 0.475962 0.026971 0.028846
0 0.907158 0.439904 0.025934 0.030449
0 0.901971 0.420673 0.023859 0.030449
0 0.886929 0.423878 0.024896 0.024038
0 0.868776 0.466346 0.028008 0.032051
0 0.845436 0.504808 0.033195 0.032051
0 0.838693 0.495192 0.025934 0.032051
0 0.830913 0.487981 0.020747 0.027244
0 0.795643 0.482372 0.020747 0.032051
0 0.802905 0.483974 0.022822 0.028846
0 0.798237 0.456731 0.025934 0.032051
0 0.866183 0.439103 0.029046 0.028846
0 0.873444 0.415064 0.020747 0.025641
0 0.871888 0.407853 0.030083 0.030449
0 0.868257 0.379808 0.026971 0.028846
0 0.882780 0.351763 0.026971 0.024038
0 0.889004 0.346154 0.020747 0.022436
0 0.891598 0.334936 0.028008 0.025641
0 0.900415 0.311699 0.026971 0.024038
0 0.906639 0.288462 0.020747 0.025641
0 0.906120 0.274840 0.030083 0.024038
0 0.887967 0.270833 0.020747 0.022436
0 0.867220 0.273237 0.022822 0.024038
0 0.871369 0.294071 0.026971 0.027244
0 0.855809 0.284455 0.020747 0.024038
0 0.847510 0.290865 0.020747 0.020833
0 0.864108 0.325321 0.020747 0.028846
0 0.850622 0.340545 0.026971 0.027244
0 0.848548 0.324519 0.029046 0.024038
0 0.830394 0.333333 0.025934 0.025641
0 0.834025 0.314103 0.024896 0.028846
0 0.829876 0.397436 0.029046 0.025641
0 0.815871 0.419071 0.028008 0.027244
0 0.799274 0.411859 0.028008 0.028846
0 0.767116 0.408654 0.025934 0.032051
0 0.737552 0.407051 0.026971 0.025641
0 0.759855 0.391026 0.025934 0.025641
0 0.756224 0.386218 0.026971 0.025641
0 0.801349 0.348558 0.028008 0.027244
0 0.792012 0.329327 0.023859 0.024038
0 0.804979 0.298077 0.026971 0.025641
0 0.801867 0.289263 0.026971 0.024038
0 0.764523 0.320513 0.020747 0.025641
0 0.769710 0.301282 0.024896 0.025641
0 0.750519 0.349359 0.023859 0.028846
0 0.717324 0.383814 0.028008 0.027244
0 0.729772 0.355769 0.028008 0.022436
0 0.711100 0.351763 0.025934 0.027244
0 0.681017 0.379808 0.028008 0.028846
0 0.676349 0.354968 0.022822 0.030449
0 0.693465 0.326923 0.017635 0.028846
0 0.685166 0.313301 0.023859 0.030449
0 0.735477 0.294071 0.022822 0.027244
0 0.725104 0.288462 0.029046 0.032051
0 0.738589 0.247596 0.020747 0.024038
0 0.740145 0.232372 0.021784 0.028846
0 0.708506 0.241987 0.020747 0.028846
0 0.635373 0.248397 0.021784 0.025641
0 0.655602 0.239583 0.020747 0.024038
0 0.663900 0.254006 0.026971 0.027244
0 0.609959 0.254006 0.020747 0.020833
0 0.604772 0.261218 0.020747 0.019231
0 0.598548 0.264423 0.020747 0.019231
0 0.589212 0.270833 0.020747 0.025641
0 0.571058 0.278846 0.025934 0.032051
0 0.563278 0.306891 0.020747 0.024038
0 0.566390 0.323718 0.026971 0.028846
0 0.599066 0.356571 0.023859 0.024038
0 0.605809 0.370192 0.026971 0.025641
0 0.616183 0.393429 0.026971 0.024038
0 0.635892 0.423077 0.022822 0.025641
0 0.657676 0.423878 0.026971 0.027244
0 0.657676 0.411058 0.024896 0.027244
0 0.648859 0.387821 0.028008 0.028846
0 0.662863 0.373397 0.026971 0.028846
0 0.621369 0.342147 0.022822 0.024038
0 0.608402 0.336538 0.025934 0.019231
0 0.608921 0.326122 0.022822 0.027244
0 0.614108 0.330128 0.024896 0.022436
0 0.625519 0.281250 0.020747 0.027244
0 0.633817 0.266827 0.020747 0.020833
0 0.653527 0.278846 0.024896 0.022436
0 0.655083 0.288462 0.025934 0.022436
0 0.647303 0.296474 0.026971 0.022436