2 0.121875 0.239583 0.062500 0.045833
2 0.050781 0.439583 0.042188 0.079167
2 0.201563 0.561458 0.062500 0.064583
2 0.048438 0.867708 0.040625 0.077083
2 0.104688 0.811458 0.059375 0.060417
2 0.175000 0.838542 0.043750 0.068750
2 0.137500 0.840625 0.062500 0.052083
2 0.314844 0.792708 0.048438 0.064583
2 0.267969 0.648958 0.057813 0.068750
2 0.390625 0.676042 0.062500 0.072917
2 0.417969 0.933333 0.048438 0.083333
2 0.562500 0.986458 0.056250 0.027083
2 0.499219 0.821875 0.045312 0.068750
2 0.450781 0.748958 0.054688 0.068750
2 0.652344 0.881250 0.054688 0.083333
2 0.691406 0.842708 0.054688 0.077083
2 0.763281 0.892708 0.042188 0.060417
2 0.991406 0.850000 0.017188 0.079167
2 0.860156 0.656250 0.039062 0.062500
2 0.942187 0.556250 0.062500 0.070833
2 0.895312 0.467708 0.062500 0.068750
2 0.991406 0.389583 0.017188 0.050000
2 0.787500 0.375000 0.043750 0.070833
2 0.702344 0.420833 0.042188 0.075000
2 0.629687 0.542708 0.059375 0.052083
2 0.585156 0.628125 0.039062 0.052083
2 0.455469 0.668750 0.039062 0.083333
2 0.474219 0.745833 0.051562 0.070833
2 0.423438 0.531250 0.062500 0.058333
2 0.512500 0.525000 0.059375 0.066667
2 0.460156 0.452083 0.054688 0.070833
2 0.607031 0.064583 0.042188 0.058333
2 0.542188 0.088542 0.046875 0.060417
2 0.523438 0.060417 0.081250 0.054167
2 0.392969 0.059375 0.067187 0.072917