2 0.139063 0.069792 0.062500 0.052083
2 0.160938 0.161458 0.046875 0.077083
2 0.332813 0.058333 0.062500 0.083333
2 0.421875 0.055208 0.062500 0.077083
2 0.628125 0.078125 0.053125 0.081250
2 0.491406 0.120833 0.045312 0.058333
2 0.611719 0.133333 0.045312 0.054167
2 0.517188 0.229167 0.056250 0.050000
2 0.537500 0.362500 0.050000 0.083333
2 0.719531 0.258333 0.045312 0.058333
2 0.821094 0.711458 0.042188 0.072917
2 0.884375 0.870833 0.034375 0.070833
2 0.881250 0.983333 0.037500 0.033333
2 0.298438 0.347917 0.062500 0.066667
2 0.328125 0.548958 0.062500 0.068750
2 0.203906 0.462500 0.039062 0.079167
2 0.164062 0.398958 0.046875 0.052083
2 0.139063 0.525000 0.059375 0.075000
2 0.086719 0.734375 0.042188 0.081250
2 0.117188 0.920833 0.050000 0.091667
2 0.176563 0.909375 0.046875 0.068750
2 0.246094 0.970833 0.067187 0.058333
2 0.030469 0.991667 0.032813 0.016667
2 0.449219 0.820833 0.048438 0.083333
2 0.763281 0.878125 0.051562 0.047917
2 0.425781 0.484375 0.032813 0.047917