0 0.007716 0.319444 0.009259 0.111111
0 0.024691 0.402778 0.012346 0.166667
0 0.013889 0.583333 0.015432 0.166667
0 0.037037 0.652778 0.024691 0.111111
0 0.013889 0.847222 0.018519 0.138889
0 0.047840 0.847222 0.018519 0.138889
0 0.072531 0.708333 0.024691 0.138889
0 0.095679 0.666667 0.024691 0.194444
0 0.087963 0.555556 0.024691 0.111111
0 0.072531 0.486111 0.021605 0.111111
0 0.060185 0.458333 0.021605 0.138889
0 0.128086 0.555556 0.021605 0.138889
0 0.137346 0.416667 0.024691 0.111111
0 0.148148 0.388889 0.015432 0.166667
0 0.171296 0.319444 0.024691 0.111111
0 0.152778 0.430556 0.015432 0.138889
0 0.138889 0.569444 0.018519 0.111111
0 0.137346 0.638889 0.018519 0.138889
0 0.148148 0.722222 0.021605 0.138889
0 0.166667 0.750000 0.015432 0.194444
0 0.171296 0.847222 0.018519 0.138889
0 0.191358 0.763889 0.021605 0.138889
0 0.206790 0.833333 0.018519 0.138889
0 0.217593 0.777778 0.015432 0.166667
0 0.175926 0.597222 0.015432 0.194444
0 0.191358 0.472222 0.021605 0.111111
0 0.194444 0.541667 0.018519 0.111111
0 0.155864 0.597222 0.018519 0.111111
0 0.163580 0.541667 0.024691 0.111111
0 0.253086 0.527778 0.024691 0.138889
0 0.262346 0.680556 0.018519 0.166667
0 0.277778 0.458333 0.024691 0.111111
0 0.285494 0.555556 0.021605 0.111111
0 0.283951 0.777778 0.021605 0.138889
0 0.300926 0.791667 0.021605 0.111111
0 0.305556 0.694444 0.021605 0.111111
0 0.320988 0.597222 0.021605 0.111111
0 0.316358 0.458333 0.021605 0.111111
0 0.336420 0.444444 0.018519 0.166667
0 0.331790 0.527778 0.021605 0.138889
0 0.344136 0.694444 0.021605 0.111111
0 0.358025 0.805556 0.027778 0.138889
0 0.353395 0.555556 0.015432 0.194444
0 0.382716 0.555556 0.021605 0.111111
0 0.388889 0.638889 0.024691 0.111111
0 0.384259 0.694444 0.024691 0.111111
0 0.379630 0.791667 0.024691 0.111111
0 0.430556 0.805556 0.024691 0.138889
0 0.412037 0.625000 0.021605 0.138889
0 0.405864 0.486111 0.021605 0.111111
0 0.436728 0.652778 0.015432 0.166667
0 0.442901 0.583333 0.012346 0.166667
0 0.461420 0.638889 0.018519 0.194444
0 0.461420 0.500000 0.018519 0.138889
0 0.476852 0.541667 0.018519 0.138889
0 0.481481 0.472222 0.015432 0.166667
0 0.493827 0.388889 0.018519 0.111111
0 0.498457 0.486111 0.021605 0.111111
0 0.490741 0.666667 0.018519 0.111111
0 0.490741 0.777778 0.018519 0.166667
0 0.530864 0.847222 0.021605 0.111111
0 0.507716 0.569444 0.018519 0.111111
0 0.530864 0.583333 0.021605 0.111111
0 0.547840 0.638889 0.018519 0.166667
0 0.578704 0.430556 0.015432 0.138889
0 0.583333 0.763889 0.021605 0.138889
0 0.612654 0.430556 0.015432 0.166667
0 0.611111 0.541667 0.018519 0.111111
0 0.609568 0.708333 0.018519 0.111111
0 0.621914 0.638889 0.018519 0.166667
0 0.645062 0.652778 0.018519 0.138889
0 0.691358 0.777778 0.021605 0.138889
0 0.671296 0.541667 0.018519 0.138889
0 0.694444 0.486111 0.015432 0.194444
0 0.685185 0.500000 0.018519 0.111111
0 0.700617 0.569444 0.021605 0.138889
0 0.706790 0.666667 0.018519 0.166667
0 0.723765 0.708333 0.018519 0.166667
0 0.779321 0.902778 0.018519 0.111111
0 0.777778 0.847222 0.018519 0.166667
0 0.773148 0.694444 0.018519 0.138889
0 0.780864 0.652778 0.018519 0.166667
0 0.759259 0.458333 0.021605 0.111111
0 0.796296 0.597222 0.021605 0.138889
0 0.822531 0.805556 0.024691 0.166667
0 0.828704 0.500000 0.024691 0.111111
0 0.797840 0.444444 0.012346 0.166667
0 0.811728 0.444444 0.012346 0.166667
0 0.827160 0.416667 0.012346 0.166667
0 0.850309 0.388889 0.012346 0.111111
0 0.898148 0.500000 0.018519 0.166667
0 0.865741 0.416667 0.012346 0.138889
0 0.748457 0.597222 0.024691 0.111111
0 0.770062 0.541667 0.024691 0.111111
0 0.912037 0.666667 0.021605 0.111111
0 0.905864 0.791667 0.018519 0.138889
0 0.918210 0.847222 0.012346 0.194444
0 0.929012 0.861111 0.012346 0.138889
0 0.930556 0.763889 0.012346 0.194444
0 0.936728 0.597222 0.021605 0.138889
0 0.986111 0.916667 0.018519 0.138889
0 0.945988 0.486111 0.009259 0.166667
0 0.975309 0.541667 0.018519 0.138889
0 0.984568 0.472222 0.015432 0.166667
0 0.996914 0.625000 0.024691 0.138889
0 1.000000 0.375000 0.015432 0.111111
0 1.003086 0.875000 0.009259 0.166667
0 0.674383 0.611111 0.027778 0.138889