0 1.004630 0.916667 0.018519 0.138889
0 1.004630 0.833333 0.015432 0.111111
0 0.949074 0.888889 0.027778 0.138889
0 0.998457 0.375000 0.021605 0.111111
0 0.967593 0.416667 0.021605 0.138889
0 0.944444 0.388889 0.018519 0.138889
0 0.882716 0.500000 0.021605 0.138889
0 0.858025 0.430556 0.027778 0.111111
0 0.804012 0.402778 0.024691 0.138889
0 0.711420 0.375000 0.015432 0.111111
0 0.560185 0.875000 0.015432 0.166667
0 0.415123 0.708333 0.015432 0.250000
0 0.222222 0.708333 0.024691 0.111111
0 0.155864 0.333333 0.027778 0.111111
0 0.075617 0.861111 0.018519 0.222222
0 0.060185 0.833333 0.018519 0.111111
0 0.080247 0.638889 0.018519 0.111111
0 0.052469 0.444444 0.012346 0.194444
0 0.020062 0.347222 0.015432 0.138889
0 0.024691 0.416667 0.018519 0.138889