0 0.981481 0.902778 0.018519 0.138889
0 0.983025 0.777778 0.015432 0.166667
0 0.966049 0.777778 0.015432 0.138889
0 1.003086 0.861111 0.018519 0.111111
0 1.000000 0.750000 0.018519 0.138889
0 0.993827 0.652778 0.018519 0.138889
0 0.972222 0.694444 0.021605 0.138889
0 0.969136 0.583333 0.018519 0.138889
0 0.955247 0.472222 0.024691 0.111111
0 0.984568 0.555556 0.015432 0.166667
0 0.952160 0.652778 0.018519 0.138889
0 0.944444 0.763889 0.018519 0.166667
0 0.944444 0.861111 0.018519 0.111111
0 0.932099 0.625000 0.027778 0.111111
0 0.910494 0.694444 0.018519 0.111111
0 0.913580 0.833333 0.024691 0.111111
0 0.888889 0.763889 0.018519 0.138889
0 0.896605 0.652778 0.024691 0.111111
0 0.878086 0.569444 0.018519 0.138889
0 0.861111 0.541667 0.021605 0.138889
0 0.859568 0.611111 0.021605 0.111111
0 0.868827 0.708333 0.021605 0.111111
0 0.868827 0.805556 0.015432 0.111111
0 0.859568 0.875000 0.015432 0.138889
0 0.836420 0.736111 0.021605 0.138889
0 0.816358 0.791667 0.024691 0.111111
0 0.824074 0.625000 0.021605 0.111111
0 0.822531 0.513889 0.021605 0.138889
0 0.797840 0.597222 0.018519 0.166667
0 0.793210 0.680556 0.018519 0.111111
0 0.799383 0.750000 0.024691 0.111111
0 0.779321 0.611111 0.018519 0.166667
0 0.774691 0.444444 0.021605 0.111111
0 0.753086 0.583333 0.018519 0.111111
0 0.753086 0.694444 0.024691 0.111111
0 0.733025 0.666667 0.024691 0.138889
0 0.728395 0.791667 0.024691 0.111111
0 0.706790 0.861111 0.024691 0.138889
0 0.683642 0.611111 0.021605 0.138889
0 0.646605 0.722222 0.024691 0.111111
0 0.631173 0.611111 0.018519 0.166667
0 0.600309 0.569444 0.018519 0.111111
0 0.609568 0.444444 0.021605 0.111111
0 0.572531 0.763889 0.021605 0.138889
0 0.554012 0.527778 0.024691 0.111111
0 0.566358 0.541667 0.018519 0.111111
0 0.425926 0.694444 0.018519 0.166667
0 0.427469 0.347222 0.012346 0.138889
0 0.390432 0.722222 0.021605 0.111111
0 0.367284 0.708333 0.018519 0.111111
0 0.370370 0.597222 0.015432 0.138889
0 0.353395 0.555556 0.021605 0.111111
0 0.350309 0.430556 0.021605 0.138889
0 0.322531 0.708333 0.018519 0.138889
0 0.291667 0.666667 0.018519 0.138889
0 0.231481 0.777778 0.024691 0.138889
0 0.242284 0.666667 0.015432 0.166667
0 0.233025 0.652778 0.018519 0.138889
0 0.220679 0.597222 0.021605 0.111111
0 0.219136 0.527778 0.021605 0.138889
0 0.236111 0.527778 0.024691 0.111111
0 0.182099 0.708333 0.018519 0.138889
0 0.168210 0.583333 0.021605 0.138889
0 0.135802 0.597222 0.018519 0.111111
0 0.132716 0.694444 0.021605 0.111111
0 0.145062 0.805556 0.021605 0.138889
0 0.111111 0.486111 0.021605 0.111111
0 0.100309 0.416667 0.024691 0.138889
0 0.094136 0.513889 0.015432 0.138889
0 0.087963 0.583333 0.012346 0.111111
0 0.075617 0.569444 0.018519 0.138889
0 0.074074 0.680556 0.021605 0.111111
0 0.069444 0.513889 0.018519 0.166667
0 0.061728 0.625000 0.015432 0.138889
0 0.057099 0.708333 0.021605 0.111111
0 0.033951 0.805556 0.015432 0.166667
0 0.015432 0.777778 0.012346 0.166667
0 0.044753 0.625000 0.018519 0.111111
0 0.029321 0.652778 0.018519 0.111111
0 0.027778 0.555556 0.015432 0.138889
0 0.015432 0.541667 0.015432 0.111111
0 0.027778 0.486111 0.015432 0.138889
0 0.047840 0.458333 0.024691 0.222222