0 0.032407 0.347222 0.024691 0.138889
0 0.018519 0.652778 0.015432 0.222222
0 0.074074 0.750000 0.021605 0.222222
0 0.118827 0.597222 0.024691 0.111111
0 0.089506 0.638889 0.024691 0.194444
0 0.125000 0.805556 0.024691 0.138889
0 0.126543 0.722222 0.012346 0.222222
0 0.155864 0.847222 0.015432 0.138889
0 0.165123 0.750000 0.027778 0.138889
0 0.138889 0.541667 0.018519 0.166667
0 0.154321 0.375000 0.018519 0.166667
0 0.157407 0.416667 0.018519 0.111111
0 0.166667 0.472222 0.015432 0.166667
0 0.180556 0.611111 0.024691 0.138889
0 0.200617 0.763889 0.015432 0.222222
0 0.211420 0.486111 0.024691 0.138889
0 0.228395 0.402778 0.018519 0.111111
0 0.228395 0.500000 0.018519 0.111111
0 0.219136 0.527778 0.021605 0.111111
0 0.239198 0.569444 0.021605 0.111111
0 0.231481 0.638889 0.024691 0.111111
0 0.225309 0.736111 0.021605 0.111111
0 0.268519 0.444444 0.012346 0.166667
0 0.274691 0.513889 0.024691 0.083333
0 0.256173 0.680556 0.024691 0.222222
0 0.263889 0.736111 0.030864 0.138889
0 0.277778 0.666667 0.015432 0.166667
0 0.270062 0.736111 0.024691 0.166667
0 0.270062 0.791667 0.024691 0.111111
0 0.274691 0.888889 0.012346 0.138889
0 0.304012 0.791667 0.021605 0.111111
0 0.300926 0.694444 0.018519 0.083333
0 0.293210 0.541667 0.018519 0.111111
0 0.310185 0.569444 0.018519 0.138889
0 0.311728 0.625000 0.018519 0.111111
0 0.319444 0.861111 0.015432 0.166667
0 0.339506 0.847222 0.018519 0.111111
0 0.334877 0.777778 0.018519 0.138889
0 0.368827 0.861111 0.018519 0.111111
0 0.356481 0.805556 0.021605 0.111111
0 0.373457 0.777778 0.012346 0.166667
0 0.361111 0.666667 0.021605 0.111111
0 0.333333 0.666667 0.018519 0.138889
0 0.325617 0.597222 0.015432 0.166667
0 0.334877 0.555556 0.012346 0.166667
0 0.347222 0.486111 0.012346 0.166667
0 0.358025 0.625000 0.015432 0.166667
0 0.379630 0.652778 0.018519 0.166667
0 0.376543 0.527778 0.015432 0.111111
0 0.368827 0.486111 0.018519 0.138889
0 0.354938 0.388889 0.021605 0.111111
0 0.413580 0.472222 0.018519 0.138889
0 0.404321 0.708333 0.015432 0.111111
0 0.419753 0.555556 0.018519 0.111111
0 0.425926 0.652778 0.018519 0.138889
0 0.433642 0.805556 0.018519 0.138889
0 0.445988 0.861111 0.021605 0.111111
0 0.461420 0.750000 0.018519 0.111111
0 0.472222 0.847222 0.015432 0.111111
0 0.445988 0.694444 0.021605 0.138889
0 0.445988 0.611111 0.021605 0.138889
0 0.441358 0.486111 0.015432 0.166667
0 0.459877 0.486111 0.021605 0.083333
0 0.452160 0.680556 0.015432 0.166667
0 0.481481 0.444444 0.012346 0.111111
0 0.500000 0.444444 0.021605 0.111111
0 0.500000 0.625000 0.012346 0.194444
0 0.518519 0.833333 0.018519 0.111111
0 0.512346 0.722222 0.012346 0.194444
0 0.537037 0.791667 0.015432 0.166667
0 0.527778 0.708333 0.018519 0.166667
0 0.530864 0.527778 0.021605 0.138889
0 0.549383 0.541667 0.015432 0.166667
0 0.552469 0.388889 0.015432 0.138889
0 0.558642 0.444444 0.015432 0.111111
0 0.563272 0.527778 0.018519 0.111111
0 0.574074 0.472222 0.015432 0.166667
0 0.581790 0.500000 0.021605 0.138889
0 0.577160 0.611111 0.012346 0.166667
0 0.566358 0.777778 0.015432 0.138889
0 0.584877 0.708333 0.018519 0.111111
0 0.586420 0.791667 0.021605 0.111111
0 0.597222 0.861111 0.018519 0.111111
0 0.603395 0.583333 0.015432 0.138889
0 0.612654 0.527778 0.018519 0.166667
0 0.623457 0.833333 0.018519 0.111111
0 0.645062 0.888889 0.018519 0.166667
0 0.675926 0.833333 0.018519 0.111111
0 0.655864 0.791667 0.018519 0.138889
0 0.671296 0.708333 0.018519 0.111111
0 0.648148 0.486111 0.018519 0.111111
0 0.635802 0.416667 0.012346 0.166667
0 0.645062 0.638889 0.012346 0.166667
0 0.662037 0.680556 0.018519 0.138889
0 0.722222 0.861111 0.015432 0.138889
0 0.709877 0.763889 0.021605 0.111111
0 0.695988 0.652778 0.021605 0.138889
0 0.703704 0.513889 0.021605 0.138889
0 0.712963 0.597222 0.015432 0.166667
0 0.731481 0.666667 0.021605 0.138889
0 0.743827 0.722222 0.018519 0.166667
0 0.768519 0.819444 0.024691 0.138889
0 0.785494 0.875000 0.012346 0.111111
0 0.637346 0.666667 0.024691 0.111111
0 0.634259 0.777778 0.018519 0.138889
0 0.751543 0.513889 0.021605 0.138889
0 0.766975 0.611111 0.021605 0.111111
0 0.777778 0.458333 0.021605 0.138889
0 0.783951 0.694444 0.021605 0.111111
0 0.797840 0.708333 0.018519 0.166667
0 0.807099 0.638889 0.018519 0.111111
0 0.811728 0.569444 0.021605 0.138889
0 0.836420 0.458333 0.021605 0.138889
0 0.833333 0.638889 0.021605 0.138889
0 0.837963 0.722222 0.021605 0.111111
0 0.847222 0.805556 0.021605 0.111111
0 0.858025 0.736111 0.021605 0.138889
0 0.867284 0.861111 0.024691 0.138889
0 0.881173 0.777778 0.021605 0.138889
0 0.915123 0.722222 0.015432 0.194444
0 0.936728 0.541667 0.024691 0.138889
0 0.950617 0.708333 0.015432 0.222222
0 0.976852 0.763889 0.024691 0.138889
0 0.992284 0.819444 0.021605 0.166667
0 0.995370 0.875000 0.015432 0.138889
0 0.884259 0.444444 0.024691 0.111111
0 0.930556 0.722222 0.018519 0.166667