0 0.040123 0.347222 0.015432 0.138889
0 0.035494 0.527778 0.024691 0.111111
0 0.066358 0.416667 0.021605 0.194444
0 0.052469 0.694444 0.018519 0.138889
0 0.128086 0.569444 0.021605 0.138889
0 0.137346 0.666667 0.021605 0.138889
0 0.141975 0.777778 0.024691 0.138889
0 0.192901 0.875000 0.021605 0.138889
0 0.186728 0.708333 0.021605 0.138889
0 0.174383 0.611111 0.021605 0.111111
0 0.165123 0.500000 0.024691 0.138889
0 0.188272 0.555556 0.018519 0.138889
0 0.214506 0.625000 0.018519 0.138889
0 0.226852 0.430556 0.024691 0.138889
0 0.243827 0.527778 0.024691 0.111111
0 0.242284 0.680556 0.024691 0.194444
0 0.257716 0.722222 0.021605 0.138889
0 0.262346 0.611111 0.021605 0.138889
0 0.260802 0.444444 0.024691 0.138889
0 0.268519 0.347222 0.021605 0.111111
0 0.270062 0.500000 0.021605 0.111111
0 0.283951 0.722222 0.018519 0.166667
0 0.282407 0.597222 0.018519 0.166667
0 0.296296 0.555556 0.015432 0.166667
0 0.305556 0.736111 0.015432 0.166667
0 0.316358 0.583333 0.024691 0.166667
0 0.294753 0.625000 0.012346 0.111111
0 0.342593 0.361111 0.021605 0.111111
0 0.337963 0.486111 0.021605 0.138889
0 0.339506 0.666667 0.015432 0.166667
0 0.337963 0.777778 0.018519 0.138889
0 0.344136 0.861111 0.021605 0.111111
0 0.353395 0.805556 0.012346 0.166667
0 0.350309 0.708333 0.012346 0.166667
0 0.365741 0.569444 0.015432 0.222222
0 0.382716 0.416667 0.021605 0.138889
0 0.384259 0.500000 0.021605 0.111111
0 0.379630 0.625000 0.015432 0.166667
0 0.390432 0.652778 0.012346 0.194444
0 0.387346 0.736111 0.018519 0.138889
0 0.385802 0.847222 0.018519 0.166667
0 0.399691 0.777778 0.018519 0.111111
0 0.404321 0.625000 0.012346 0.166667
0 0.418210 0.680556 0.018519 0.111111
0 0.432099 0.805556 0.012346 0.166667
0 0.439815 0.861111 0.021605 0.111111
0 0.470679 0.875000 0.021605 0.138889
0 0.449074 0.819444 0.018519 0.111111
0 0.449074 0.750000 0.018519 0.111111
0 0.461420 0.722222 0.012346 0.166667
0 0.436728 0.694444 0.012346 0.166667
0 0.425926 0.500000 0.021605 0.111111
0 0.436728 0.430556 0.024691 0.111111
0 0.432099 0.333333 0.018519 0.111111
0 0.442901 0.361111 0.018519 0.111111
0 0.449074 0.569444 0.018519 0.111111
0 0.453704 0.458333 0.024691 0.111111
0 0.470679 0.347222 0.012346 0.111111
0 0.487654 0.375000 0.012346 0.111111
0 0.478395 0.430556 0.018519 0.111111
0 0.469136 0.555556 0.012346 0.194444
0 0.473765 0.736111 0.012346 0.166667
0 0.486111 0.638889 0.018519 0.111111
0 0.489198 0.805556 0.018519 0.166667
0 0.503086 0.680556 0.015432 0.194444
0 0.495370 0.513889 0.018519 0.111111
0 0.501543 0.500000 0.012346 0.166667
0 0.512346 0.375000 0.018519 0.111111
0 0.521605 0.472222 0.018519 0.138889
0 0.512346 0.555556 0.018519 0.111111
0 0.521605 0.819444 0.018519 0.166667
0 0.529321 0.819444 0.012346 0.166667
0 0.546296 0.833333 0.018519 0.138889
0 0.538580 0.694444 0.012346 0.166667
0 0.550926 0.638889 0.012346 0.166667
0 0.563272 0.750000 0.021605 0.111111
0 0.544753 0.736111 0.009259 0.166667
0 0.561728 0.375000 0.018519 0.111111
0 0.569444 0.500000 0.018519 0.111111
0 0.597222 0.388889 0.018519 0.111111
0 0.594136 0.472222 0.018519 0.111111
0 0.594136 0.541667 0.018519 0.111111
0 0.594136 0.777778 0.015432 0.138889
0 0.597222 0.875000 0.024691 0.138889
0 0.618827 0.652778 0.012346 0.222222
0 0.617284 0.458333 0.018519 0.138889
0 0.618827 0.847222 0.012346 0.166667
0 0.628086 0.736111 0.018519 0.138889
0 0.635802 0.652778 0.012346 0.222222
0 0.649691 0.750000 0.021605 0.111111
0 0.657407 0.888889 0.012346 0.111111
0 0.669753 0.875000 0.015432 0.166667
0 0.692901 0.888889 0.018519 0.138889
0 0.712963 0.833333 0.018519 0.111111
0 0.712963 0.722222 0.021605 0.111111
0 0.703704 0.680556 0.018519 0.166667
0 0.683642 0.666667 0.018519 0.138889
0 0.680556 0.569444 0.021605 0.138889
0 0.663580 0.444444 0.012346 0.166667
0 0.662037 0.486111 0.024691 0.138889
0 0.742284 0.500000 0.021605 0.138889
0 0.722222 0.722222 0.012346 0.222222
0 0.757716 0.597222 0.021605 0.138889
0 0.780864 0.680556 0.024691 0.138889
0 0.811728 0.763889 0.024691 0.138889
0 0.820988 0.694444 0.024691 0.166667
0 0.839506 0.583333 0.021605 0.138889
0 0.850309 0.652778 0.024691 0.138889
0 0.873457 0.708333 0.024691 0.138889
0 0.902778 0.847222 0.027778 0.138889
0 0.972222 0.652778 0.024691 0.138889
0 0.996914 0.875000 0.015432 0.138889