0 0.967593 0.416667 0.015432 0.138889
0 0.998457 0.555556 0.018519 0.111111
0 1.003086 0.902778 0.018519 0.111111
0 0.966049 0.902778 0.018519 0.111111
0 0.912037 0.680556 0.018519 0.222222
0 0.908951 0.902778 0.024691 0.111111
0 0.828704 0.805556 0.024691 0.138889
0 0.827160 0.916667 0.024691 0.138889
0 0.763889 0.694444 0.021605 0.222222
0 0.705247 0.388889 0.018519 0.166667
0 0.222222 0.597222 0.024691 0.138889
0 0.162037 0.513889 0.015432 0.194444
0 0.120370 0.583333 0.015432 0.222222
0 0.114198 0.694444 0.024691 0.138889
0 0.114198 0.861111 0.021605 0.138889
0 0.074074 0.805556 0.018519 0.222222
0 0.106481 0.527778 0.015432 0.166667
0 0.095679 0.527778 0.015432 0.166667
0 0.086420 0.472222 0.018519 0.166667
0 0.010802 0.694444 0.015432 0.166667
0 0.020062 0.527778 0.024691 0.111111