0 0.066358 0.416667 0.018519 0.194444
0 0.052469 0.513889 0.015432 0.222222
0 0.069444 0.680556 0.024691 0.166667
0 0.086420 0.541667 0.024691 0.138889
0 0.109568 0.583333 0.024691 0.138889
0 0.115741 0.500000 0.027778 0.138889
0 0.123457 0.680556 0.027778 0.138889
0 0.132716 0.666667 0.018519 0.222222
0 0.152778 0.347222 0.018519 0.138889
0 0.165123 0.430556 0.024691 0.138889
0 0.171296 0.402778 0.012346 0.194444
0 0.151235 0.555556 0.018519 0.138889
0 0.152778 0.652778 0.018519 0.138889
0 0.168210 0.736111 0.018519 0.166667
0 0.165123 0.777778 0.027778 0.138889
0 0.177469 0.597222 0.018519 0.111111
0 0.199074 0.472222 0.024691 0.138889
0 0.189815 0.611111 0.015432 0.166667
0 0.194444 0.791667 0.018519 0.194444
0 0.203704 0.638889 0.021605 0.111111
0 0.180556 0.680556 0.015432 0.111111
0 0.223765 0.833333 0.021605 0.111111
0 0.223765 0.763889 0.021605 0.111111
0 0.220679 0.527778 0.021605 0.111111
0 0.243827 0.416667 0.024691 0.111111
0 0.256173 0.361111 0.015432 0.138889
0 0.254630 0.500000 0.021605 0.111111
0 0.233025 0.611111 0.015432 0.166667
0 0.220679 0.666667 0.021605 0.083333
0 0.243827 0.638889 0.024691 0.111111
0 0.242284 0.722222 0.018519 0.138889
0 0.250000 0.819444 0.027778 0.138889
0 0.276235 0.847222 0.021605 0.111111
0 0.256173 0.777778 0.012346 0.138889
0 0.256173 0.694444 0.018519 0.138889
0 0.268519 0.750000 0.015432 0.194444
0 0.282407 0.652778 0.018519 0.166667
0 0.287037 0.402778 0.018519 0.138889
0 0.304012 0.416667 0.018519 0.138889
0 0.288580 0.472222 0.021605 0.138889
0 0.300926 0.555556 0.015432 0.166667
0 0.302469 0.680556 0.012346 0.166667
0 0.296296 0.541667 0.021605 0.111111
0 0.316358 0.652778 0.018519 0.138889
0 0.322531 0.777778 0.012346 0.166667
0 0.334877 0.638889 0.015432 0.166667
0 0.359568 0.666667 0.021605 0.111111
0 0.367284 0.763889 0.021605 0.111111
0 0.359568 0.833333 0.018519 0.111111
0 0.384259 0.625000 0.015432 0.166667
0 0.401235 0.625000 0.018519 0.111111
0 0.405864 0.722222 0.018519 0.111111
0 0.427469 0.861111 0.021605 0.138889
0 0.425926 0.763889 0.015432 0.166667
0 0.419753 0.680556 0.018519 0.111111
0 0.425926 0.569444 0.018519 0.111111
0 0.416667 0.402778 0.018519 0.111111
0 0.432099 0.541667 0.024691 0.222222
0 0.447531 0.347222 0.012346 0.111111
0 0.450617 0.666667 0.024691 0.111111
0 0.472222 0.805556 0.021605 0.111111
0 0.472222 0.708333 0.024691 0.111111
0 0.462963 0.569444 0.018519 0.138889
0 0.475309 0.597222 0.018519 0.111111
0 0.489198 0.416667 0.024691 0.111111
0 0.498457 0.611111 0.015432 0.138889
0 0.495370 0.736111 0.015432 0.138889
0 0.510802 0.541667 0.015432 0.138889
0 0.515432 0.694444 0.018519 0.111111
0 0.538580 0.444444 0.021605 0.138889
0 0.533951 0.652778 0.018519 0.111111
0 0.532407 0.750000 0.018519 0.111111
0 0.537037 0.833333 0.018519 0.111111
0 0.544753 0.694444 0.015432 0.166667
0 0.570988 0.861111 0.018519 0.111111
0 0.594136 0.833333 0.018519 0.111111
0 0.560185 0.638889 0.012346 0.166667
0 0.567901 0.458333 0.018519 0.111111
0 0.567901 0.694444 0.012346 0.166667
0 0.583333 0.694444 0.018519 0.083333
0 0.598765 0.736111 0.012346 0.166667
0 0.609568 0.763889 0.012346 0.166667
0 0.609568 0.583333 0.018519 0.138889
0 0.615741 0.652778 0.012346 0.166667
0 0.631173 0.736111 0.018519 0.111111
0 0.646605 0.736111 0.015432 0.166667
0 0.638889 0.555556 0.015432 0.166667
0 0.632716 0.625000 0.018519 0.083333
0 0.634259 0.402778 0.021605 0.111111
0 0.665123 0.402778 0.018519 0.111111
0 0.654321 0.513889 0.018519 0.166667
0 0.665123 0.611111 0.018519 0.138889
0 0.668210 0.472222 0.018519 0.138889
0 0.683642 0.680556 0.024691 0.111111
0 0.692901 0.680556 0.018519 0.222222
0 0.703704 0.569444 0.018519 0.111111
0 0.716049 0.527778 0.018519 0.166667
0 0.702160 0.777778 0.018519 0.111111
0 0.695988 0.888889 0.018519 0.138889
0 0.717593 0.763889 0.012346 0.166667
0 0.729938 0.638889 0.018519 0.111111
0 0.736111 0.694444 0.018519 0.111111
0 0.731481 0.805556 0.015432 0.138889
0 0.745370 0.777778 0.015432 0.138889
0 0.762346 0.736111 0.024691 0.111111
0 0.783951 0.708333 0.021605 0.111111
0 0.804012 0.680556 0.021605 0.111111
0 0.802469 0.597222 0.021605 0.111111
0 0.799383 0.500000 0.018519 0.111111
0 0.816358 0.430556 0.024691 0.111111
0 0.836420 0.555556 0.021605 0.111111
0 0.836420 0.708333 0.021605 0.111111
0 0.828704 0.805556 0.009259 0.166667
0 0.856481 0.902778 0.021605 0.111111
0 0.902778 0.875000 0.021605 0.111111
0 0.901235 0.750000 0.027778 0.111111
0 0.888889 0.652778 0.030864 0.138889
0 0.901235 0.569444 0.012346 0.194444
0 0.915123 0.402778 0.021605 0.111111
0 0.947531 0.402778 0.012346 0.111111
0 0.922840 0.694444 0.027778 0.111111
0 0.941358 0.805556 0.021605 0.111111
0 0.956790 0.888889 0.024691 0.138889
0 0.998457 0.875000 0.015432 0.138889
0 0.981481 0.680556 0.024691 0.111111
0 0.961420 0.750000 0.015432 0.166667
0 0.945988 0.722222 0.018519 0.138889
0 0.947531 0.555556 0.021605 0.111111
0 0.956790 0.486111 0.015432 0.138889
0 0.975309 0.472222 0.021605 0.138889
0 0.964506 0.597222 0.018519 0.111111