0 0.996914 0.875000 0.018519 0.111111
0 0.992284 0.694444 0.021605 0.138889
0 0.998457 0.569444 0.018519 0.138889
0 0.955247 0.444444 0.015432 0.166667
0 0.967593 0.569444 0.021605 0.138889
0 0.947531 0.583333 0.012346 0.194444
0 0.941358 0.625000 0.018519 0.194444
0 0.944444 0.833333 0.024691 0.138889
0 0.933642 0.777778 0.024691 0.111111
0 0.918210 0.722222 0.024691 0.138889
0 0.899691 0.486111 0.015432 0.166667
0 0.885802 0.597222 0.021605 0.138889
0 0.896605 0.652778 0.021605 0.111111
0 0.878086 0.708333 0.018519 0.138889
0 0.887346 0.763889 0.024691 0.111111
0 0.881173 0.902778 0.018519 0.111111
0 0.864198 0.847222 0.027778 0.138889
0 0.845679 0.763889 0.024691 0.138889
0 0.833333 0.680556 0.021605 0.111111
0 0.833333 0.500000 0.018519 0.138889
0 0.816358 0.611111 0.024691 0.138889
0 0.800926 0.708333 0.018519 0.166667
0 0.791667 0.888889 0.015432 0.111111
0 0.779321 0.472222 0.021605 0.138889
0 0.780864 0.638889 0.018519 0.111111
0 0.774691 0.805556 0.021605 0.138889
0 0.774691 0.888889 0.021605 0.111111
0 0.759259 0.680556 0.024691 0.138889
0 0.762346 0.597222 0.018519 0.166667
0 0.742284 0.569444 0.024691 0.138889
0 0.708333 0.388889 0.012346 0.111111
0 0.695988 0.388889 0.015432 0.111111
0 0.723765 0.750000 0.024691 0.111111
0 0.702160 0.694444 0.018519 0.138889
0 0.709877 0.597222 0.021605 0.111111
0 0.685185 0.625000 0.018519 0.111111
0 0.675926 0.708333 0.021605 0.111111
0 0.654321 0.777778 0.021605 0.111111
0 0.654321 0.430556 0.015432 0.166667
0 0.618827 0.375000 0.021605 0.111111
0 0.620370 0.472222 0.018519 0.138889
0 0.638889 0.555556 0.018519 0.138889
0 0.631173 0.694444 0.018519 0.138889
0 0.632716 0.805556 0.018519 0.194444
0 0.620370 0.847222 0.021605 0.138889
0 0.614198 0.708333 0.018519 0.111111
0 0.603395 0.611111 0.015432 0.138889
0 0.608025 0.513889 0.015432 0.138889
0 0.598765 0.500000 0.018519 0.111111
0 0.595679 0.833333 0.021605 0.111111
0 0.581790 0.694444 0.018519 0.111111
0 0.581790 0.805556 0.021605 0.138889
0 0.563272 0.888889 0.018519 0.138889
0 0.549383 0.791667 0.021605 0.138889
0 0.564815 0.583333 0.021605 0.138889
0 0.544753 0.736111 0.012346 0.166667
0 0.544753 0.625000 0.018519 0.111111
0 0.540123 0.513889 0.018519 0.138889
0 0.520062 0.694444 0.018519 0.138889
0 0.510802 0.763889 0.021605 0.111111
0 0.492284 0.597222 0.018519 0.111111
0 0.476852 0.875000 0.015432 0.111111
0 0.473765 0.763889 0.012346 0.166667
0 0.483025 0.638889 0.018519 0.111111
0 0.466049 0.680556 0.018519 0.111111
0 0.469136 0.555556 0.021605 0.111111
0 0.483025 0.444444 0.012346 0.166667
0 0.459877 0.458333 0.021605 0.138889
0 0.449074 0.513889 0.018519 0.111111
0 0.444444 0.333333 0.018519 0.083333
0 0.427469 0.833333 0.018519 0.111111
0 0.416667 0.750000 0.018519 0.111111
0 0.415123 0.680556 0.018519 0.111111
0 0.407407 0.611111 0.018519 0.111111
0 0.401235 0.444444 0.018519 0.111111
0 0.390432 0.402778 0.015432 0.138889
0 0.401235 0.847222 0.018519 0.138889
0 0.393519 0.736111 0.012346 0.166667
0 0.384259 0.805556 0.015432 0.138889
0 0.367284 0.847222 0.021605 0.138889
0 0.379630 0.680556 0.018519 0.111111
0 0.388889 0.583333 0.018519 0.111111
0 0.378086 0.583333 0.018519 0.138889
0 0.359568 0.541667 0.018519 0.138889
0 0.348765 0.722222 0.018519 0.111111
0 0.327160 0.777778 0.012346 0.166667
0 0.342593 0.638889 0.018519 0.111111
0 0.337963 0.541667 0.018519 0.111111
0 0.327160 0.666667 0.018519 0.166667
0 0.313272 0.583333 0.021605 0.111111
0 0.317901 0.527778 0.015432 0.166667
0 0.310185 0.819444 0.012346 0.166667
0 0.297840 0.458333 0.021605 0.138889
0 0.293210 0.833333 0.021605 0.138889
0 0.256173 0.805556 0.021605 0.138889
0 0.265432 0.583333 0.015432 0.194444
0 0.253086 0.430556 0.024691 0.111111
0 0.234568 0.333333 0.021605 0.111111
0 0.229938 0.527778 0.018519 0.138889
0 0.246914 0.597222 0.021605 0.138889
0 0.256173 0.500000 0.024691 0.138889
0 0.256173 0.680556 0.015432 0.194444
0 0.277778 0.680556 0.024691 0.166667
0 0.276235 0.833333 0.027778 0.166667
0 0.245370 0.736111 0.015432 0.194444
0 0.239198 0.625000 0.024691 0.138889
0 0.234568 0.805556 0.024691 0.111111
0 0.219136 0.861111 0.024691 0.138889
0 0.225309 0.763889 0.021605 0.138889
0 0.206790 0.708333 0.024691 0.111111
0 0.206790 0.527778 0.021605 0.194444
0 0.208333 0.375000 0.027778 0.111111
0 0.192901 0.541667 0.021605 0.138889
0 0.169753 0.527778 0.012346 0.222222
0 0.168210 0.375000 0.018519 0.138889
0 0.157407 0.333333 0.021605 0.111111
0 0.160494 0.541667 0.015432 0.166667
0 0.163580 0.597222 0.021605 0.111111
0 0.158951 0.680556 0.024691 0.111111
0 0.163580 0.777778 0.021605 0.138889
0 0.145062 0.763889 0.021605 0.138889
0 0.138889 0.638889 0.024691 0.138889
0 0.152778 0.500000 0.024691 0.111111
0 0.126543 0.444444 0.024691 0.138889
0 0.091049 0.694444 0.021605 0.194444
0 0.032407 0.861111 0.015432 0.138889
0 0.018519 0.625000 0.018519 0.166667