0 1.000000 0.791667 0.018519 0.166667
0 0.992284 0.638889 0.018519 0.166667
0 0.966049 0.708333 0.018519 0.166667
0 0.961420 0.597222 0.018519 0.138889
0 0.945988 0.472222 0.024691 0.138889
0 0.950617 0.750000 0.018519 0.111111
0 0.939815 0.833333 0.018519 0.138889
0 0.941358 0.680556 0.018519 0.111111
0 0.929012 0.736111 0.018519 0.111111
0 0.918210 0.708333 0.018519 0.138889
0 0.918210 0.611111 0.018519 0.138889
0 0.895062 0.875000 0.021605 0.138889
0 0.890432 0.777778 0.018519 0.138889
0 0.901235 0.666667 0.024691 0.166667
0 0.896605 0.527778 0.024691 0.138889
0 0.873457 0.486111 0.024691 0.111111
0 0.871914 0.625000 0.018519 0.166667
0 0.879630 0.666667 0.015432 0.166667
0 0.873457 0.708333 0.021605 0.111111
0 0.868827 0.805556 0.018519 0.138889
0 0.851852 0.694444 0.018519 0.111111
0 0.844136 0.611111 0.018519 0.138889
0 0.837963 0.861111 0.021605 0.138889
0 0.817901 0.902778 0.015432 0.111111
0 0.807099 0.805556 0.018519 0.111111
0 0.833333 0.750000 0.018519 0.111111
0 0.827160 0.694444 0.018519 0.138889
0 0.800926 0.694444 0.018519 0.166667
0 0.808642 0.597222 0.018519 0.111111
0 0.807099 0.527778 0.021605 0.138889
0 0.802469 0.375000 0.018519 0.111111
0 0.774691 0.583333 0.021605 0.138889
0 0.787037 0.666667 0.018519 0.138889
0 0.776235 0.708333 0.018519 0.138889
0 0.757716 0.708333 0.024691 0.111111
0 0.754630 0.486111 0.027778 0.138889
0 0.725309 0.611111 0.021605 0.111111
0 0.702160 0.680556 0.024691 0.138889
0 0.695988 0.805556 0.021605 0.111111
0 0.688272 0.611111 0.024691 0.138889
0 0.668210 0.666667 0.021605 0.138889
0 0.665123 0.527778 0.021605 0.111111
0 0.635802 0.555556 0.015432 0.166667
0 0.638889 0.694444 0.018519 0.138889
0 0.601852 0.694444 0.018519 0.166667
0 0.603395 0.791667 0.018519 0.138889
0 0.618827 0.708333 0.018519 0.166667
0 0.578704 0.527778 0.018519 0.111111
0 0.563272 0.569444 0.021605 0.138889
0 0.549383 0.763889 0.018519 0.166667
0 0.537037 0.638889 0.024691 0.111111
0 0.518519 0.722222 0.021605 0.138889
0 0.500000 0.694444 0.012346 0.194444
0 0.489198 0.694444 0.018519 0.166667
0 0.473765 0.611111 0.018519 0.138889
0 0.467593 0.416667 0.018519 0.138889
0 0.447531 0.611111 0.021605 0.138889
0 0.456790 0.777778 0.021605 0.111111
0 0.430556 0.569444 0.018519 0.138889
0 0.404321 0.569444 0.021605 0.138889
0 0.402778 0.847222 0.021605 0.111111
0 0.324074 0.527778 0.021605 0.138889
0 0.297840 0.666667 0.021605 0.138889
0 0.282407 0.791667 0.024691 0.138889
0 0.259259 0.680556 0.021605 0.111111
0 0.279321 0.652778 0.021605 0.138889
0 0.271605 0.611111 0.021605 0.138889
0 0.279321 0.527778 0.021605 0.111111
0 0.277778 0.444444 0.021605 0.111111
0 0.260802 0.486111 0.021605 0.111111
0 0.242284 0.527778 0.021605 0.111111
0 0.256173 0.430556 0.021605 0.111111
0 0.242284 0.402778 0.015432 0.166667
0 0.214506 0.569444 0.021605 0.138889
0 0.169753 0.708333 0.012346 0.166667
0 0.162037 0.541667 0.021605 0.111111
0 0.162037 0.333333 0.015432 0.111111
0 0.151235 0.638889 0.021605 0.111111
0 0.152778 0.736111 0.021605 0.083333
0 0.125000 0.736111 0.015432 0.111111
0 0.129630 0.638889 0.018519 0.166667
0 0.134259 0.541667 0.012346 0.083333
0 0.128086 0.486111 0.021605 0.111111
0 0.112654 0.527778 0.021605 0.111111
0 0.118827 0.638889 0.021605 0.111111
0 0.111111 0.736111 0.021605 0.111111
0 0.100309 0.597222 0.024691 0.111111
0 0.087963 0.791667 0.018519 0.166667
0 0.101852 0.680556 0.018519 0.111111
0 0.072531 0.708333 0.018519 0.138889
0 0.078704 0.583333 0.015432 0.166667
0 0.050926 0.708333 0.015432 0.222222
0 0.035494 0.722222 0.018519 0.111111
0 0.033951 0.611111 0.018519 0.111111
0 0.024691 0.555556 0.021605 0.138889
0 0.050926 0.486111 0.015432 0.166667
0 0.047840 0.333333 0.021605 0.111111
0 0.033951 0.486111 0.015432 0.166667
0 0.013889 0.486111 0.015432 0.166667
0 0.016975 0.638889 0.018519 0.111111