0 0.987654 0.875000 0.018519 0.138889
0 0.998457 0.736111 0.021605 0.138889
0 0.998457 0.500000 0.018519 0.138889
0 1.000000 0.402778 0.018519 0.138889
0 0.924383 0.388889 0.018519 0.138889
0 0.910494 0.902778 0.018519 0.138889
0 0.882716 0.916667 0.018519 0.138889
0 0.550926 0.388889 0.018519 0.138889
0 0.199074 0.402778 0.018519 0.138889
0 0.220679 0.583333 0.024691 0.138889
0 0.134259 0.486111 0.018519 0.138889
0 0.115741 0.694444 0.021605 0.138889
0 0.098765 0.694444 0.018519 0.138889
0 0.070988 0.736111 0.018519 0.138889
0 0.061728 0.569444 0.018519 0.138889
0 0.024691 0.347222 0.018519 0.138889
0 0.012346 0.444444 0.018519 0.138889
0 0.016975 0.763889 0.015432 0.166667