0 0.040123 0.347222 0.015432 0.138889
0 0.035494 0.430556 0.024691 0.111111
0 0.030864 0.611111 0.024691 0.138889
0 0.084877 0.486111 0.021605 0.138889
0 0.103395 0.472222 0.018519 0.111111
0 0.162037 0.666667 0.018519 0.166667
0 0.182099 0.513889 0.024691 0.111111
0 0.175926 0.388889 0.024691 0.111111
0 0.220679 0.541667 0.021605 0.166667
0 0.209877 0.583333 0.024691 0.111111
0 0.209877 0.680556 0.021605 0.111111
0 0.197531 0.805556 0.015432 0.194444
0 0.236111 0.833333 0.024691 0.111111
0 0.239198 0.694444 0.021605 0.138889
0 0.236111 0.583333 0.015432 0.222222
0 0.253086 0.597222 0.018519 0.166667
0 0.274691 0.513889 0.024691 0.166667
0 0.299383 0.458333 0.024691 0.111111
0 0.280864 0.611111 0.021605 0.166667
0 0.265432 0.750000 0.024691 0.138889
0 0.271605 0.833333 0.015432 0.194444
0 0.285494 0.652778 0.015432 0.138889
0 0.271605 0.750000 0.012346 0.194444
0 0.291667 0.805556 0.015432 0.194444
0 0.283951 0.708333 0.018519 0.111111
0 0.299383 0.638889 0.018519 0.111111
0 0.305556 0.513889 0.021605 0.111111
0 0.310185 0.597222 0.021605 0.138889
0 0.334877 0.319444 0.018519 0.083333
0 0.344136 0.416667 0.021605 0.111111
0 0.324074 0.458333 0.021605 0.111111
0 0.334877 0.541667 0.021605 0.138889
0 0.330247 0.777778 0.015432 0.138889
0 0.317901 0.819444 0.012346 0.111111
0 0.342593 0.680556 0.018519 0.166667
0 0.351852 0.583333 0.018519 0.138889
0 0.370370 0.541667 0.021605 0.138889
0 0.364198 0.430556 0.015432 0.166667
0 0.379630 0.472222 0.018519 0.138889
0 0.358025 0.750000 0.012346 0.166667
0 0.350309 0.736111 0.018519 0.111111
0 0.339506 0.875000 0.018519 0.111111
0 0.365741 0.819444 0.015432 0.138889
0 0.379630 0.861111 0.015432 0.166667
0 0.381173 0.708333 0.018519 0.111111
0 0.388889 0.666667 0.015432 0.166667
0 0.398148 0.527778 0.018519 0.083333
0 0.405864 0.611111 0.018519 0.111111
0 0.395062 0.763889 0.021605 0.111111
0 0.401235 0.875000 0.015432 0.111111
0 0.436728 0.861111 0.018519 0.111111
0 0.435185 0.763889 0.021605 0.111111
0 0.439815 0.583333 0.018519 0.111111
0 0.461420 0.847222 0.021605 0.138889
0 0.447531 0.694444 0.018519 0.111111
0 0.456790 0.652778 0.018519 0.111111
0 0.458333 0.541667 0.012346 0.138889
0 0.470679 0.680556 0.012346 0.166667
0 0.483025 0.763889 0.021605 0.111111
0 0.493827 0.833333 0.015432 0.166667
0 0.498457 0.875000 0.018519 0.138889
0 0.518519 0.888889 0.018519 0.166667
0 0.500000 0.736111 0.012346 0.166667
0 0.507716 0.625000 0.018519 0.083333
0 0.481481 0.597222 0.015432 0.166667
0 0.479938 0.472222 0.018519 0.111111
0 0.487654 0.361111 0.021605 0.111111
0 0.498457 0.430556 0.018519 0.138889
0 0.501543 0.527778 0.018519 0.138889
0 0.526235 0.472222 0.018519 0.111111
0 0.498457 0.555556 0.018519 0.111111
0 0.541667 0.375000 0.018519 0.111111
0 0.547840 0.555556 0.018519 0.111111
0 0.544753 0.791667 0.018519 0.111111
0 0.557099 0.861111 0.018519 0.111111
0 0.560185 0.791667 0.018519 0.111111
0 0.560185 0.680556 0.018519 0.111111
0 0.552469 0.611111 0.018519 0.111111
0 0.560185 0.541667 0.012346 0.166667
0 0.560185 0.347222 0.012346 0.111111
0 0.515432 0.527778 0.018519 0.111111
0 0.530864 0.569444 0.018519 0.083333
0 0.538580 0.680556 0.018519 0.111111
0 0.572531 0.652778 0.012346 0.166667
0 0.584877 0.736111 0.012346 0.194444
0 0.581790 0.833333 0.018519 0.111111
0 0.583333 0.444444 0.015432 0.166667
0 0.589506 0.388889 0.012346 0.138889
0 0.598765 0.472222 0.015432 0.138889
0 0.591049 0.569444 0.015432 0.111111
0 0.604938 0.527778 0.018519 0.111111
0 0.601852 0.777778 0.012346 0.166667
0 0.623457 0.597222 0.015432 0.166667
0 0.615741 0.694444 0.012346 0.166667
0 0.621914 0.805556 0.018519 0.111111
0 0.640432 0.875000 0.018519 0.166667
0 0.646605 0.444444 0.015432 0.166667
0 0.646605 0.680556 0.018519 0.111111
0 0.672840 0.902778 0.018519 0.111111
0 0.695988 0.833333 0.018519 0.111111
0 0.697531 0.736111 0.015432 0.166667
0 0.672840 0.763889 0.018519 0.166667
0 0.677469 0.583333 0.024691 0.111111
0 0.695988 0.625000 0.018519 0.166667
0 0.686728 0.458333 0.021605 0.111111
0 0.788580 0.652778 0.024691 0.138889
0 0.771605 0.722222 0.021605 0.138889
0 0.770062 0.805556 0.018519 0.111111
0 0.793210 0.833333 0.021605 0.138889
0 0.762346 0.875000 0.018519 0.111111
0 0.722222 0.902778 0.015432 0.111111
0 0.745370 0.861111 0.012346 0.111111
0 0.875000 0.708333 0.018519 0.138889
0 0.882716 0.888889 0.021605 0.166667
0 0.884259 0.638889 0.018519 0.138889
0 0.902778 0.708333 0.021605 0.138889
0 0.912037 0.791667 0.027778 0.194444
0 0.929012 0.694444 0.021605 0.138889
0 0.945988 0.763889 0.021605 0.166667
0 0.955247 0.833333 0.024691 0.111111
0 0.996914 0.875000 0.015432 0.138889