0 0.998457 0.861111 0.021605 0.166667
0 0.995370 0.555556 0.018519 0.166667
0 0.969136 0.736111 0.024691 0.194444
0 0.935185 0.888889 0.012346 0.194444
0 0.899691 0.416667 0.027778 0.111111
0 0.890432 0.541667 0.027778 0.138889
0 0.884259 0.736111 0.024691 0.138889
0 0.853395 0.708333 0.024691 0.138889
0 0.817901 0.444444 0.024691 0.138889
0 0.811728 0.569444 0.018519 0.166667
0 0.810185 0.652778 0.021605 0.138889
0 0.825617 0.763889 0.024691 0.138889
0 0.797840 0.805556 0.021605 0.138889
0 0.787037 0.694444 0.021605 0.138889
0 0.788580 0.902778 0.021605 0.166667
0 0.766975 0.833333 0.018519 0.166667
0 0.759259 0.777778 0.015432 0.166667
0 0.759259 0.638889 0.021605 0.138889
0 0.725309 0.736111 0.021605 0.138889
0 0.725309 0.833333 0.021605 0.138889
0 0.702160 0.458333 0.021605 0.138889
0 0.686728 0.375000 0.021605 0.138889
0 0.686728 0.472222 0.018519 0.138889
0 0.683642 0.652778 0.015432 0.194444
0 0.686728 0.763889 0.021605 0.138889
0 0.682099 0.861111 0.018519 0.166667
0 0.666667 0.819444 0.018519 0.111111
0 0.658951 0.722222 0.024691 0.111111
0 0.595679 0.402778 0.024691 0.111111
0 0.614198 0.888889 0.018519 0.111111
0 0.549383 0.875000 0.018519 0.111111
0 0.533951 0.847222 0.018519 0.166667
0 0.535494 0.722222 0.021605 0.138889
0 0.541667 0.638889 0.018519 0.194444
0 0.530864 0.375000 0.015432 0.138889
0 0.516975 0.458333 0.018519 0.166667
0 0.509259 0.583333 0.018519 0.166667
0 0.516975 0.694444 0.021605 0.138889
0 0.515432 0.819444 0.024691 0.138889
0 0.496914 0.625000 0.021605 0.138889
0 0.493827 0.486111 0.024691 0.111111
0 0.495370 0.388889 0.015432 0.138889
0 0.450617 0.583333 0.012346 0.166667
0 0.447531 0.861111 0.018519 0.166667
0 0.433642 0.694444 0.018519 0.111111
0 0.430556 0.611111 0.018519 0.111111
0 0.418210 0.444444 0.018519 0.166667
0 0.388889 0.361111 0.021605 0.111111
0 0.408951 0.833333 0.012346 0.166667
0 0.399691 0.736111 0.024691 0.111111
0 0.395062 0.847222 0.024691 0.138889
0 0.371914 0.583333 0.015432 0.166667
0 0.358025 0.388889 0.018519 0.138889
0 0.371914 0.472222 0.018519 0.166667
0 0.345679 0.652778 0.018519 0.166667
0 0.361111 0.763889 0.018519 0.166667
0 0.324074 0.847222 0.021605 0.111111
0 0.320988 0.680556 0.018519 0.138889
0 0.333333 0.736111 0.018519 0.138889
0 0.337963 0.513889 0.024691 0.166667
0 0.333333 0.583333 0.018519 0.138889
0 0.311728 0.361111 0.018519 0.138889
0 0.291667 0.472222 0.018519 0.166667
0 0.291667 0.569444 0.018519 0.166667
0 0.293210 0.777778 0.021605 0.138889
0 0.290123 0.861111 0.021605 0.111111
0 0.270062 0.750000 0.018519 0.138889
0 0.279321 0.819444 0.018519 0.111111
0 0.277778 0.625000 0.024691 0.111111
0 0.262346 0.847222 0.021605 0.111111
0 0.225309 0.847222 0.018519 0.111111
0 0.253086 0.638889 0.024691 0.111111
0 0.257716 0.458333 0.024691 0.138889
0 0.242284 0.375000 0.024691 0.138889
0 0.208333 0.375000 0.021605 0.138889
0 0.212963 0.527778 0.021605 0.111111
0 0.197531 0.666667 0.018519 0.250000
0 0.192901 0.763889 0.024691 0.111111
0 0.171296 0.652778 0.021605 0.111111
0 0.180556 0.416667 0.021605 0.138889
0 0.157407 0.555556 0.021605 0.194444
0 0.140432 0.347222 0.027778 0.138889
0 0.123457 0.444444 0.024691 0.111111
0 0.121914 0.652778 0.021605 0.138889
0 0.145062 0.750000 0.024691 0.194444
0 0.086420 0.847222 0.024691 0.138889
0 0.035494 0.569444 0.024691 0.194444
0 0.037037 0.347222 0.015432 0.166667
0 0.013889 0.319444 0.015432 0.111111