1 0.586667 0.996341 0.066667 0.007317
1 0.093333 0.987805 0.053333 0.024390
1 0.053333 0.917073 0.060000 0.039024
1 0.336667 0.943902 0.060000 0.043902
1 0.320000 0.982927 0.080000 0.034146
1 0.995000 0.907317 0.010000 0.034146
1 0.716667 0.734146 0.073333 0.048780
1 0.070000 0.741463 0.073333 0.053659
1 0.086667 0.678049 0.060000 0.043902
1 0.040000 0.682927 0.053333 0.043902
1 0.240000 0.685366 0.080000 0.043902
1 0.520000 0.665854 0.080000 0.048780
1 0.490000 0.621951 0.066667 0.058537
1 0.593333 0.563415 0.060000 0.053659
1 0.406667 0.590244 0.053333 0.043902
1 0.096667 0.470732 0.073333 0.048780
1 0.156667 0.390244 0.053333 0.053659
1 0.346667 0.546341 0.073333 0.058537
1 0.416667 0.517073 0.066667 0.043902
1 0.433333 0.500000 0.053333 0.048780
1 0.390000 0.478049 0.080000 0.043902
1 0.526667 0.439024 0.066667 0.058537
1 0.693333 0.436585 0.086667 0.048780
1 0.693333 0.375610 0.080000 0.048780
1 0.620000 0.363415 0.066667 0.048780
1 0.566667 0.356098 0.080000 0.043902
1 0.533333 0.373171 0.080000 0.043902
1 0.356667 0.387805 0.086667 0.048780
1 0.240000 0.334146 0.080000 0.043902
1 0.300000 0.334146 0.080000 0.043902
1 0.636667 0.312195 0.066667 0.063415
1 0.766667 0.248780 0.060000 0.048780
1 0.980000 0.221951 0.040000 0.043902
1 0.700000 0.141463 0.066667 0.048780
1 0.636667 0.036585 0.080000 0.043902
1 0.460000 0.256098 0.080000 0.039024
1 0.453333 0.290244 0.080000 0.039024
1 0.380000 0.236585 0.073333 0.048780
1 0.236667 0.287805 0.086667 0.043902
1 0.266667 0.253659 0.066667 0.048780
1 0.153333 0.263415 0.060000 0.043902
1 0.206667 0.209756 0.073333 0.053659
1 0.323333 0.180488 0.073333 0.048780
1 0.063333 0.239024 0.073333 0.043902
1 0.100000 0.073171 0.080000 0.039024