1 0.036667 0.948780 0.033333 0.039024
1 0.100000 0.939024 0.053333 0.048780
1 0.143333 0.973171 0.060000 0.034146
1 0.300000 0.963415 0.066667 0.058537
1 0.766667 0.974390 0.073333 0.051220
1 0.536667 0.980488 0.066667 0.039024
1 0.983333 0.900000 0.033333 0.043902
1 0.993333 0.824390 0.013333 0.053659
1 0.856667 0.839024 0.080000 0.048780
1 0.240000 0.870732 0.053333 0.058537
1 0.263333 0.860976 0.046667 0.053659
1 0.050000 0.787805 0.060000 0.043902
1 0.166667 0.804878 0.073333 0.043902
1 0.180000 0.778049 0.046667 0.053659
1 0.146667 0.741463 0.066667 0.053659
1 0.320000 0.697561 0.073333 0.048780
1 0.666667 0.717073 0.060000 0.043902
1 0.786667 0.634146 0.073333 0.043902
1 0.786667 0.687805 0.073333 0.048780
1 0.706667 0.678049 0.060000 0.063415
1 0.580000 0.658537 0.080000 0.048780
1 0.580000 0.607317 0.080000 0.048780
1 0.220000 0.587805 0.080000 0.039024
1 0.220000 0.565854 0.080000 0.034146
1 0.293333 0.548780 0.066667 0.053659
1 0.933333 0.500000 0.080000 0.048780
1 0.120000 0.451220 0.080000 0.043902
1 0.596667 0.412195 0.073333 0.053659
1 0.870000 0.292683 0.060000 0.039024
1 0.790000 0.373171 0.060000 0.053659
1 0.226667 0.473171 0.060000 0.039024
1 0.283333 0.460976 0.066667 0.048780
1 0.380000 0.436585 0.066667 0.048780
1 0.160000 0.426829 0.073333 0.043902
1 0.176667 0.387805 0.073333 0.048780
1 0.096667 0.292683 0.066667 0.043902
1 0.283333 0.346341 0.073333 0.053659
1 0.353333 0.302439 0.073333 0.048780
1 0.683333 0.326829 0.073333 0.048780
1 0.583333 0.314634 0.073333 0.048780
1 0.533333 0.307317 0.053333 0.053659
1 0.900000 0.119512 0.073333 0.058537
1 0.820000 0.173171 0.073333 0.058537
1 0.690000 0.192683 0.073333 0.058537
1 0.606667 0.202439 0.073333 0.048780
1 0.653333 0.139024 0.066667 0.043902
1 0.696667 0.065854 0.066667 0.048780
1 0.626667 0.043902 0.066667 0.048780
1 0.513333 0.070732 0.073333 0.043902
1 0.456667 0.146341 0.066667 0.053659
1 0.490000 0.224390 0.073333 0.053659
1 0.366667 0.243902 0.073333 0.053659
1 0.160000 0.243902 0.073333 0.053659
1 0.233333 0.224390 0.080000 0.053659
1 0.103333 0.185366 0.053333 0.043902
1 0.330000 0.190244 0.060000 0.053659
1 0.400000 0.200000 0.053333 0.053659
1 0.396667 0.151220 0.060000 0.048780
1 0.376667 0.104878 0.060000 0.043902
1 0.333333 0.131707 0.060000 0.039024
1 0.320000 0.082927 0.040000 0.034146
1 0.243333 0.097561 0.053333 0.039024
1 0.203333 0.095122 0.066667 0.039024
1 0.160000 0.131707 0.053333 0.034146
1 0.113333 0.151220 0.073333 0.039024
1 0.096667 0.124390 0.080000 0.034146
1 0.130000 0.080488 0.066667 0.048780