1 0.195000 0.990244 0.056667 0.019512
1 0.443333 0.982927 0.066667 0.034146
1 0.916667 0.900000 0.066667 0.048780
1 0.953333 0.891463 0.066667 0.056098
1 0.350000 0.934146 0.080000 0.048780
1 0.201667 0.858537 0.070000 0.053659
1 0.448333 0.848780 0.063333 0.053659
1 0.341667 0.813415 0.043333 0.036585
1 0.360000 0.752439 0.040000 0.041463
1 0.496667 0.743902 0.073333 0.048780
1 0.076667 0.690244 0.066667 0.048780
1 0.128333 0.590244 0.056667 0.048780
1 0.355000 0.602439 0.056667 0.043902
1 0.301667 0.587805 0.036667 0.043902
1 0.308333 0.506098 0.050000 0.041463
1 0.518333 0.604878 0.070000 0.048780
1 0.885000 0.619512 0.070000 0.053659
1 0.976667 0.507317 0.046667 0.048780
1 0.546667 0.563415 0.060000 0.039024
1 0.586667 0.517073 0.066667 0.048780
1 0.803333 0.382927 0.066667 0.053659
1 0.780000 0.339024 0.073333 0.053659
1 0.458333 0.521951 0.063333 0.048780
1 0.480000 0.492683 0.066667 0.048780
1 0.616667 0.359756 0.066667 0.051220
1 0.606667 0.296341 0.060000 0.046341
1 0.438333 0.434146 0.070000 0.048780
1 0.470000 0.359756 0.080000 0.051220
1 0.056667 0.400000 0.066667 0.048780
1 0.133333 0.379268 0.066667 0.041463
1 0.235000 0.402439 0.076667 0.048780
1 0.366667 0.402439 0.073333 0.048780
1 0.308333 0.378049 0.050000 0.048780
1 0.380000 0.360976 0.066667 0.053659
1 0.303333 0.336585 0.060000 0.048780
1 0.280000 0.309756 0.066667 0.048780
1 0.280000 0.267073 0.066667 0.051220
1 0.470000 0.224390 0.080000 0.048780
1 0.903333 0.207317 0.066667 0.048780
1 0.810000 0.131707 0.080000 0.053659
1 0.945000 0.131707 0.070000 0.053659
1 0.220000 0.195122 0.060000 0.048780
1 0.421667 0.163415 0.056667 0.043902
1 0.408333 0.142683 0.056667 0.041463
1 0.175000 0.178049 0.056667 0.048780
1 0.110000 0.153659 0.066667 0.048780
1 0.165000 0.136585 0.076667 0.048780
1 0.083333 0.103659 0.053333 0.041463
1 0.366667 0.092683 0.053333 0.039024
1 0.325000 0.041463 0.056667 0.039024
1 0.860000 0.043902 0.066667 0.048780