1 0.776667 0.790244 0.093333 0.048780
1 0.660000 0.721951 0.066667 0.048780
1 0.770000 0.682927 0.086667 0.053659
1 0.670000 0.995122 0.060000 0.009756
1 0.526667 0.986585 0.053333 0.026829
1 0.216667 0.979268 0.073333 0.041463
1 0.046667 0.951220 0.040000 0.034146
1 0.086667 0.936585 0.053333 0.039024
1 0.233333 0.900000 0.073333 0.058537
1 0.113333 0.841463 0.066667 0.048780
1 0.100000 0.795122 0.066667 0.053659
1 0.200000 0.782927 0.046667 0.053659
1 0.036667 0.770732 0.046667 0.043902
1 0.036667 0.673171 0.046667 0.034146
1 0.273333 0.629268 0.073333 0.043902
1 0.173333 0.582927 0.093333 0.053659
1 0.650000 0.595122 0.060000 0.058537
1 0.723333 0.560976 0.066667 0.043902
1 0.506667 0.639024 0.080000 0.043902
1 0.503333 0.565854 0.080000 0.053659
1 0.836667 0.482927 0.080000 0.048780
1 0.763333 0.436585 0.060000 0.053659
1 0.523333 0.434146 0.080000 0.043902
1 0.303333 0.531707 0.086667 0.039024
1 0.320000 0.509756 0.066667 0.053659
1 0.383333 0.485366 0.080000 0.048780
1 0.120000 0.473171 0.053333 0.043902
1 0.183333 0.487805 0.073333 0.053659
1 0.186667 0.448780 0.053333 0.043902
1 0.130000 0.368293 0.080000 0.048780
1 0.170000 0.395122 0.066667 0.043902
1 0.953333 0.214634 0.060000 0.053659
1 0.910000 0.258537 0.073333 0.053659
1 0.766667 0.270732 0.073333 0.053659
1 0.636667 0.295122 0.073333 0.053659
1 0.493333 0.346341 0.073333 0.048780
1 0.556667 0.312195 0.060000 0.043902
1 0.606667 0.231707 0.053333 0.043902
1 0.673333 0.131707 0.073333 0.043902
1 0.723333 0.053659 0.060000 0.039024
1 0.183333 0.304878 0.073333 0.053659
1 0.220000 0.336585 0.066667 0.043902
1 0.286667 0.309756 0.080000 0.043902
1 0.310000 0.268293 0.080000 0.039024
1 0.430000 0.212195 0.060000 0.053659
1 0.093333 0.180488 0.053333 0.043902
1 0.053333 0.151220 0.073333 0.043902
1 0.403333 0.112195 0.066667 0.048780
1 0.210000 0.195122 0.080000 0.048780
1 0.190000 0.148780 0.060000 0.043902
1 0.333333 0.148780 0.066667 0.043902
1 0.180000 0.056098 0.080000 0.043902
1 0.280000 0.051220 0.066667 0.043902
1 0.190000 0.080488 0.053333 0.034146
1 0.296667 0.117073 0.080000 0.043902
1 0.320000 0.107317 0.046667 0.053659