0 0.043210 0.333333 0.012346 0.111111
0 0.035494 0.513889 0.021605 0.111111
0 0.015432 0.638889 0.015432 0.166667
0 0.032407 0.652778 0.018519 0.138889
0 0.072531 0.666667 0.024691 0.111111
0 0.083333 0.486111 0.012346 0.166667
0 0.089506 0.597222 0.021605 0.111111
0 0.115741 0.652778 0.024691 0.138889
0 0.137346 0.500000 0.021605 0.138889
0 0.128086 0.597222 0.021605 0.138889
0 0.131173 0.361111 0.024691 0.138889
0 0.157407 0.319444 0.018519 0.111111
0 0.168210 0.375000 0.018519 0.138889
0 0.160494 0.513889 0.018519 0.166667
0 0.148148 0.597222 0.018519 0.111111
0 0.141975 0.708333 0.018519 0.166667
0 0.141975 0.763889 0.024691 0.138889
0 0.155864 0.777778 0.015432 0.166667
0 0.177469 0.833333 0.021605 0.138889
0 0.192901 0.805556 0.021605 0.138889
0 0.214506 0.847222 0.021605 0.138889
0 0.174383 0.750000 0.018519 0.111111
0 0.171296 0.666667 0.018519 0.166667
0 0.189815 0.472222 0.018519 0.138889
0 0.186728 0.527778 0.018519 0.111111
0 0.194444 0.569444 0.021605 0.111111
0 0.212963 0.513889 0.021605 0.111111
0 0.206790 0.583333 0.024691 0.083333
0 0.209877 0.680556 0.021605 0.111111
0 0.237654 0.777778 0.021605 0.111111
0 0.240741 0.652778 0.018519 0.111111
0 0.226852 0.708333 0.018519 0.111111
0 0.225309 0.597222 0.018519 0.083333
0 0.231481 0.583333 0.012346 0.222222
0 0.245370 0.388889 0.018519 0.138889
0 0.257716 0.444444 0.024691 0.111111
0 0.263889 0.638889 0.015432 0.166667
0 0.280864 0.625000 0.021605 0.194444
0 0.260802 0.555556 0.024691 0.111111
0 0.274691 0.750000 0.018519 0.166667
0 0.304012 0.750000 0.018519 0.111111
0 0.294753 0.694444 0.015432 0.138889
0 0.313272 0.597222 0.024691 0.111111
0 0.324074 0.694444 0.018519 0.138889
0 0.337963 0.763889 0.018519 0.138889
0 0.356481 0.708333 0.015432 0.166667
0 0.330247 0.472222 0.018519 0.166667
0 0.310185 0.388889 0.012346 0.166667
0 0.302469 0.333333 0.012346 0.111111
0 0.388889 0.625000 0.018519 0.138889
0 0.401235 0.458333 0.021605 0.111111
0 0.408951 0.555556 0.018519 0.138889
0 0.410494 0.680556 0.018519 0.138889
0 0.429012 0.875000 0.021605 0.111111
0 0.436728 0.847222 0.018519 0.166667
0 0.447531 0.875000 0.018519 0.111111
0 0.455247 0.708333 0.018519 0.138889
0 0.447531 0.625000 0.018519 0.138889
0 0.435185 0.638889 0.018519 0.138889
0 0.439815 0.527778 0.024691 0.111111
0 0.486111 0.444444 0.021605 0.111111
0 0.486111 0.527778 0.018519 0.111111
0 0.490741 0.625000 0.018519 0.111111
0 0.486111 0.708333 0.018519 0.111111
0 0.486111 0.833333 0.018519 0.111111
0 0.512346 0.847222 0.018519 0.111111
0 0.512346 0.750000 0.018519 0.111111
0 0.500000 0.527778 0.012346 0.166667
0 0.518519 0.444444 0.015432 0.138889
0 0.529321 0.444444 0.018519 0.111111
0 0.532407 0.763889 0.018519 0.111111
0 0.550926 0.833333 0.018519 0.111111
0 0.566358 0.805556 0.018519 0.138889
0 0.546296 0.708333 0.018519 0.111111
0 0.560185 0.666667 0.021605 0.111111
0 0.574074 0.722222 0.021605 0.111111
0 0.583333 0.708333 0.015432 0.138889
0 0.569444 0.611111 0.018519 0.138889
0 0.586420 0.597222 0.018519 0.138889
0 0.564815 0.430556 0.012346 0.166667
0 0.586420 0.375000 0.018519 0.111111
0 0.626543 0.791667 0.018519 0.138889
0 0.626543 0.902778 0.012346 0.138889
0 0.634259 0.861111 0.012346 0.111111
0 0.662037 0.722222 0.018519 0.111111
0 0.675926 0.861111 0.012346 0.166667
0 0.689815 0.805556 0.018519 0.166667
0 0.706790 0.763889 0.018519 0.138889
0 0.729938 0.791667 0.021605 0.111111
0 0.683642 0.680556 0.018519 0.111111
0 0.672840 0.625000 0.018519 0.138889
0 0.672840 0.527778 0.021605 0.111111
0 0.692901 0.486111 0.021605 0.138889
0 0.702160 0.416667 0.012346 0.166667
0 0.720679 0.361111 0.018519 0.111111
0 0.736111 0.513889 0.024691 0.111111
0 0.748457 0.416667 0.018519 0.111111
0 0.753086 0.513889 0.015432 0.166667
0 0.733025 0.625000 0.021605 0.111111
0 0.765432 0.694444 0.024691 0.138889
0 0.740741 0.597222 0.012346 0.138889
0 0.757716 0.861111 0.018519 0.111111
0 0.777778 0.902778 0.018519 0.166667
0 0.807099 0.902778 0.018519 0.111111
0 0.802469 0.847222 0.024691 0.138889
0 0.787037 0.750000 0.024691 0.111111
0 0.788580 0.666667 0.024691 0.138889
0 0.827160 0.625000 0.024691 0.138889
0 0.834877 0.430556 0.018519 0.111111
0 0.842593 0.388889 0.018519 0.138889
0 0.844136 0.722222 0.024691 0.138889
0 0.833333 0.736111 0.015432 0.166667
0 0.834877 0.888889 0.018519 0.166667
0 0.864198 0.888889 0.018519 0.166667
0 0.893519 0.902778 0.012346 0.111111
0 0.888889 0.430556 0.012346 0.138889
0 0.935185 0.722222 0.024691 0.138889
0 0.915123 0.777778 0.012346 0.138889
0 0.935185 0.888889 0.012346 0.111111
0 0.969136 0.916667 0.015432 0.138889
0 0.966049 0.638889 0.018519 0.222222
0 0.967593 0.472222 0.021605 0.138889
0 0.961420 0.375000 0.012346 0.111111
0 0.998457 0.902778 0.003086 0.194444
0 0.875000 0.708333 0.015432 0.222222