0 0.993827 0.888889 0.012346 0.138889
0 0.964506 0.833333 0.021605 0.138889
0 0.895062 0.777778 0.015432 0.166667
0 0.899691 0.680556 0.021605 0.194444
0 0.876543 0.638889 0.021605 0.138889
0 0.864198 0.736111 0.021605 0.138889
0 0.841049 0.708333 0.018519 0.138889
0 0.853395 0.541667 0.015432 0.138889
0 0.828704 0.861111 0.024691 0.166667
0 0.814815 0.694444 0.018519 0.138889
0 0.828704 0.583333 0.021605 0.138889
0 0.762346 0.861111 0.018519 0.166667
0 0.743827 0.777778 0.018519 0.138889
0 0.748457 0.666667 0.018519 0.138889
0 0.736111 0.708333 0.018519 0.138889
0 0.729938 0.597222 0.021605 0.138889
0 0.711420 0.819444 0.021605 0.138889
0 0.691358 0.625000 0.021605 0.166667
0 0.686728 0.722222 0.018519 0.111111
0 0.679012 0.847222 0.015432 0.166667
0 0.666667 0.763889 0.018519 0.111111
0 0.657407 0.888889 0.012346 0.166667
0 0.648148 0.694444 0.018519 0.111111
0 0.641975 0.888889 0.018519 0.194444
0 0.623457 0.888889 0.021605 0.111111
0 0.629630 0.708333 0.018519 0.111111
0 0.638889 0.597222 0.021605 0.111111
0 0.626543 0.500000 0.021605 0.138889
0 0.606481 0.472222 0.012346 0.194444
0 0.608025 0.555556 0.021605 0.111111
0 0.612654 0.819444 0.012346 0.166667
0 0.604938 0.805556 0.015432 0.166667
0 0.603395 0.680556 0.021605 0.138889
0 0.594136 0.527778 0.015432 0.194444
0 0.589506 0.638889 0.018519 0.138889
0 0.578704 0.583333 0.012346 0.166667
0 0.578704 0.388889 0.015432 0.138889
0 0.581790 0.805556 0.021605 0.138889
0 0.566358 0.875000 0.021605 0.166667
0 0.554012 0.708333 0.015432 0.166667
0 0.566358 0.638889 0.015432 0.166667
0 0.561728 0.597222 0.015432 0.222222
0 0.549383 0.361111 0.009259 0.083333
0 0.543210 0.486111 0.015432 0.166667
0 0.533951 0.763889 0.018519 0.111111
0 0.537037 0.861111 0.018519 0.111111
0 0.520062 0.875000 0.015432 0.111111
0 0.516975 0.750000 0.018519 0.166667
0 0.501543 0.805556 0.012346 0.194444
0 0.479938 0.847222 0.018519 0.166667
0 0.493827 0.652778 0.021605 0.111111
0 0.500000 0.555556 0.018519 0.083333
0 0.507716 0.513889 0.021605 0.111111
0 0.523148 0.458333 0.027778 0.166667
0 0.495370 0.361111 0.012346 0.111111
0 0.481481 0.361111 0.015432 0.111111
0 0.459877 0.375000 0.012346 0.111111
0 0.456790 0.805556 0.018519 0.111111
0 0.466049 0.500000 0.009259 0.166667
0 0.441358 0.541667 0.018519 0.111111
0 0.435185 0.750000 0.015432 0.138889
0 0.438272 0.847222 0.024691 0.138889
0 0.470679 0.680556 0.018519 0.111111
0 0.452160 0.625000 0.018519 0.111111
0 0.467593 0.583333 0.021605 0.111111
0 0.455247 0.694444 0.021605 0.111111
0 0.429012 0.513889 0.021605 0.138889
0 0.427469 0.638889 0.015432 0.138889
0 0.418210 0.777778 0.018519 0.166667
0 0.413580 0.680556 0.018519 0.138889
0 0.404321 0.583333 0.012346 0.166667
0 0.398148 0.527778 0.018519 0.166667
0 0.402778 0.819444 0.018519 0.138889
0 0.384259 0.680556 0.015432 0.194444
0 0.401235 0.722222 0.018519 0.111111
0 0.384259 0.833333 0.015432 0.138889
0 0.375000 0.777778 0.018519 0.111111
0 0.371914 0.861111 0.018519 0.111111
0 0.359568 0.722222 0.018519 0.111111
0 0.339506 0.708333 0.018519 0.111111
0 0.348765 0.527778 0.021605 0.111111
0 0.348765 0.444444 0.021605 0.111111
0 0.334877 0.333333 0.012346 0.111111
0 0.308642 0.333333 0.012346 0.111111
0 0.324074 0.472222 0.021605 0.138889
0 0.331790 0.597222 0.018519 0.166667
0 0.337963 0.805556 0.018519 0.111111
0 0.319444 0.833333 0.018519 0.166667
0 0.314815 0.708333 0.024691 0.111111
0 0.299383 0.666667 0.015432 0.138889
0 0.296296 0.819444 0.018519 0.166667
0 0.296296 0.555556 0.018519 0.166667
0 0.280864 0.402778 0.021605 0.166667
0 0.282407 0.527778 0.015432 0.166667
0 0.288580 0.652778 0.015432 0.166667
0 0.279321 0.625000 0.018519 0.166667
0 0.262346 0.513889 0.018519 0.111111
0 0.242284 0.361111 0.021605 0.111111
0 0.242284 0.555556 0.021605 0.111111
0 0.231481 0.458333 0.024691 0.111111
0 0.237654 0.875000 0.015432 0.138889
0 0.236111 0.652778 0.018519 0.111111
0 0.234568 0.750000 0.018519 0.138889
0 0.219136 0.666667 0.018519 0.166667
0 0.202160 0.875000 0.018519 0.138889
0 0.203704 0.611111 0.018519 0.194444
0 0.174383 0.750000 0.024691 0.138889
0 0.160494 0.666667 0.018519 0.166667
0 0.179012 0.638889 0.021605 0.111111
0 0.132716 0.625000 0.018519 0.166667
0 0.078704 0.666667 0.024691 0.138889
0 0.069444 0.513889 0.021605 0.138889
0 0.083333 0.347222 0.012346 0.138889
0 0.038580 0.347222 0.012346 0.138889
0 0.024691 0.527778 0.024691 0.111111