0 0.038580 0.347222 0.021605 0.138889
0 0.020062 0.333333 0.018519 0.111111
0 0.035494 0.527778 0.021605 0.111111
0 0.040123 0.611111 0.021605 0.111111
0 0.041667 0.708333 0.024691 0.111111
0 0.101852 0.333333 0.024691 0.111111
0 0.151235 0.847222 0.024691 0.111111
0 0.163580 0.583333 0.021605 0.111111
0 0.179012 0.625000 0.018519 0.111111
0 0.195988 0.680556 0.021605 0.111111
0 0.212963 0.708333 0.021605 0.111111
0 0.203704 0.597222 0.018519 0.111111
0 0.195988 0.541667 0.018519 0.111111
0 0.194444 0.472222 0.021605 0.166667
0 0.223765 0.402778 0.018519 0.111111
0 0.237654 0.527778 0.018519 0.111111
0 0.222222 0.597222 0.018519 0.111111
0 0.212963 0.638889 0.018519 0.111111
0 0.243827 0.791667 0.024691 0.138889
0 0.265432 0.861111 0.024691 0.111111
0 0.263889 0.722222 0.018519 0.111111
0 0.279321 0.402778 0.018519 0.111111
0 0.291667 0.375000 0.018519 0.138889
0 0.322531 0.458333 0.021605 0.138889
0 0.341049 0.583333 0.018519 0.166667
0 0.305556 0.611111 0.018519 0.111111
0 0.293210 0.875000 0.015432 0.194444
0 0.310185 0.805556 0.018519 0.111111
0 0.313272 0.888889 0.018519 0.111111
0 0.320988 0.819444 0.012346 0.166667
0 0.337963 0.819444 0.018519 0.111111
0 0.354938 0.861111 0.018519 0.111111
0 0.359568 0.763889 0.018519 0.111111
0 0.353395 0.694444 0.018519 0.166667
0 0.320988 0.638889 0.018519 0.166667
0 0.331790 0.472222 0.018519 0.111111
0 0.368827 0.458333 0.018519 0.166667
0 0.368827 0.513889 0.018519 0.111111
0 0.370370 0.611111 0.018519 0.138889
0 0.376543 0.722222 0.018519 0.166667
0 0.376543 0.847222 0.012346 0.166667
0 0.388889 0.777778 0.018519 0.166667
0 0.385802 0.333333 0.018519 0.083333
0 0.379630 0.458333 0.018519 0.111111
0 0.379630 0.555556 0.018519 0.166667
0 0.398148 0.666667 0.012346 0.138889
0 0.427469 0.861111 0.018519 0.111111
0 0.425926 0.736111 0.012346 0.166667
0 0.444444 0.750000 0.018519 0.083333
0 0.399691 0.347222 0.012346 0.111111
0 0.405864 0.430556 0.018519 0.111111
0 0.410494 0.527778 0.018519 0.111111
0 0.424383 0.611111 0.021605 0.111111
0 0.432099 0.541667 0.018519 0.111111
0 0.436728 0.458333 0.018519 0.111111
0 0.453704 0.472222 0.018519 0.111111
0 0.464506 0.375000 0.018519 0.111111
0 0.458333 0.722222 0.012346 0.166667
0 0.470679 0.583333 0.015432 0.166667
0 0.470679 0.736111 0.012346 0.166667
0 0.500000 0.444444 0.021605 0.111111
0 0.503086 0.527778 0.021605 0.111111
0 0.509259 0.763889 0.012346 0.166667
0 0.509259 0.833333 0.024691 0.111111
0 0.520062 0.847222 0.009259 0.166667
0 0.529321 0.777778 0.015432 0.138889
0 0.535494 0.888889 0.015432 0.166667
0 0.557099 0.861111 0.015432 0.111111
0 0.546296 0.722222 0.018519 0.166667
0 0.527778 0.625000 0.018519 0.166667
0 0.532407 0.444444 0.018519 0.083333
0 0.518519 0.388889 0.018519 0.166667
0 0.516975 0.486111 0.015432 0.166667
0 0.634259 0.750000 0.018519 0.111111
0 0.625000 0.819444 0.018519 0.166667
0 0.635802 0.375000 0.027778 0.138889
0 0.641975 0.708333 0.012346 0.166667
0 0.655864 0.791667 0.024691 0.111111
0 0.680556 0.444444 0.018519 0.111111
0 0.689815 0.638889 0.021605 0.138889
0 0.674383 0.611111 0.021605 0.111111
0 0.686728 0.750000 0.018519 0.111111
0 0.708333 0.680556 0.021605 0.111111
0 0.703704 0.805556 0.021605 0.111111
0 0.728395 0.750000 0.018519 0.111111
0 0.729938 0.902778 0.018519 0.138889
0 0.717593 0.875000 0.021605 0.111111
0 0.745370 0.861111 0.018519 0.166667
0 0.757716 0.694444 0.018519 0.166667
0 0.766975 0.500000 0.018519 0.138889
0 0.817901 0.444444 0.027778 0.166667
0 0.820988 0.500000 0.021605 0.111111
0 0.810185 0.638889 0.018519 0.194444
0 0.804012 0.722222 0.015432 0.250000
0 0.791667 0.638889 0.021605 0.111111
0 0.800926 0.763889 0.021605 0.138889
0 0.777778 0.791667 0.021605 0.138889
0 0.771605 0.875000 0.018519 0.138889
0 0.796296 0.888889 0.024691 0.166667
0 0.851852 0.791667 0.024691 0.138889
0 0.922840 0.833333 0.024691 0.138889
0 0.998457 0.888889 0.003086 0.166667