0 0.021605 0.430556 0.018519 0.111111
0 0.023148 0.569444 0.024691 0.111111
0 0.026235 0.680556 0.024691 0.138889
0 0.021605 0.777778 0.027778 0.111111
0 0.050926 0.833333 0.024691 0.111111
0 0.072531 0.777778 0.021605 0.111111
0 0.097222 0.652778 0.021605 0.111111
0 0.098765 0.513889 0.021605 0.138889
0 0.087963 0.458333 0.018519 0.138889
0 0.140432 0.333333 0.018519 0.111111
0 0.123457 0.527778 0.018519 0.111111
0 0.115741 0.611111 0.018519 0.111111
0 0.117284 0.680556 0.018519 0.111111
0 0.140432 0.750000 0.012346 0.166667
0 0.154321 0.750000 0.012346 0.166667
0 0.163580 0.763889 0.009259 0.166667
0 0.180556 0.722222 0.015432 0.166667
0 0.143519 0.611111 0.018519 0.138889
0 0.154321 0.527778 0.018519 0.166667
0 0.199074 0.541667 0.018519 0.111111
0 0.236111 0.430556 0.021605 0.138889
0 0.205247 0.625000 0.015432 0.166667
0 0.229938 0.527778 0.021605 0.111111
0 0.222222 0.680556 0.021605 0.111111
0 0.242284 0.638889 0.021605 0.111111
0 0.237654 0.708333 0.024691 0.083333
0 0.225309 0.847222 0.021605 0.111111
0 0.250000 0.763889 0.012346 0.194444
0 0.253086 0.555556 0.021605 0.111111
0 0.271605 0.527778 0.012346 0.111111
0 0.283951 0.583333 0.018519 0.111111
0 0.285494 0.680556 0.018519 0.111111
0 0.296296 0.555556 0.018519 0.111111
0 0.317901 0.555556 0.018519 0.138889
0 0.313272 0.666667 0.018519 0.111111
0 0.356481 0.527778 0.021605 0.138889
0 0.365741 0.402778 0.012346 0.138889
0 0.365741 0.583333 0.012346 0.166667
0 0.364198 0.625000 0.018519 0.111111
0 0.365741 0.750000 0.018519 0.111111
0 0.396605 0.833333 0.024691 0.194444
0 0.393519 0.652778 0.018519 0.111111
0 0.399691 0.541667 0.024691 0.138889
0 0.427469 0.513889 0.021605 0.111111
0 0.433642 0.611111 0.021605 0.111111
0 0.413580 0.694444 0.021605 0.138889
0 0.432099 0.791667 0.012346 0.166667
0 0.456790 0.666667 0.018519 0.111111
0 0.476852 0.708333 0.012346 0.194444
0 0.492284 0.722222 0.021605 0.111111
0 0.484568 0.486111 0.021605 0.138889
0 0.515432 0.486111 0.021605 0.111111
0 0.526235 0.541667 0.021605 0.111111
0 0.524691 0.625000 0.021605 0.111111
0 0.521605 0.861111 0.012346 0.111111
0 0.540123 0.736111 0.021605 0.111111
0 0.552469 0.555556 0.021605 0.111111
0 0.544753 0.513889 0.021605 0.111111
0 0.549383 0.402778 0.012346 0.166667
0 0.567901 0.458333 0.024691 0.111111
0 0.589506 0.694444 0.018519 0.138889
0 0.594136 0.569444 0.018519 0.111111
0 0.601852 0.361111 0.021605 0.111111
0 0.640432 0.638889 0.018519 0.111111
0 0.652778 0.666667 0.018519 0.111111
0 0.654321 0.750000 0.021605 0.111111
0 0.668210 0.444444 0.018519 0.166667
0 0.671296 0.569444 0.018519 0.111111
0 0.665123 0.500000 0.018519 0.111111
0 0.688272 0.472222 0.018519 0.111111
0 0.692901 0.680556 0.024691 0.194444
0 0.708333 0.527778 0.018519 0.111111
0 0.726852 0.652778 0.018519 0.138889
0 0.719136 0.736111 0.018519 0.138889
0 0.754630 0.652778 0.012346 0.222222
0 0.771605 0.555556 0.018519 0.111111
0 0.770062 0.652778 0.018519 0.111111
0 0.796296 0.583333 0.018519 0.111111
0 0.808642 0.680556 0.024691 0.138889
0 0.805556 0.902778 0.012346 0.111111
0 0.828704 0.597222 0.021605 0.111111
0 0.816358 0.569444 0.024691 0.111111
0 0.811728 0.402778 0.015432 0.111111
0 0.848765 0.444444 0.024691 0.111111
0 0.850309 0.555556 0.024691 0.138889
0 0.854938 0.597222 0.024691 0.111111
0 0.859568 0.777778 0.021605 0.111111
0 0.865741 0.875000 0.024691 0.111111
0 0.896605 0.888889 0.015432 0.083333
0 0.871914 0.680556 0.021605 0.111111
0 0.873457 0.375000 0.012346 0.111111
0 0.915123 0.375000 0.021605 0.111111
0 0.902778 0.555556 0.012346 0.166667
0 0.902778 0.763889 0.012346 0.166667
0 0.935185 0.638889 0.024691 0.083333
0 0.925926 0.541667 0.012346 0.166667
0 0.945988 0.472222 0.021605 0.111111
0 0.962963 0.361111 0.021605 0.083333
0 0.996142 0.361111 0.007716 0.083333
0 0.993827 0.486111 0.012346 0.111111
0 0.979938 0.569444 0.021605 0.138889
0 0.966049 0.722222 0.021605 0.194444
0 0.989198 0.652778 0.021605 0.111111
0 0.987654 0.888889 0.012346 0.222222