0 0.010802 0.250000 0.018519 0.138889
0 0.029321 0.250000 0.012346 0.138889
0 0.067901 0.402778 0.024691 0.138889
0 0.013889 0.500000 0.018519 0.138889
0 0.015432 0.597222 0.012346 0.166667
0 0.012346 0.722222 0.015432 0.138889
0 0.005401 0.708333 0.010802 0.166667
0 0.038580 0.694444 0.021605 0.138889
0 0.063272 0.694444 0.021605 0.138889
0 0.098765 0.722222 0.021605 0.111111
0 0.098765 0.375000 0.021605 0.138889
0 0.098765 0.277778 0.021605 0.138889
0 0.134259 0.277778 0.021605 0.138889
0 0.155864 0.222222 0.021605 0.111111
0 0.123457 0.486111 0.018519 0.111111
0 0.137346 0.583333 0.018519 0.111111
0 0.171296 0.666667 0.018519 0.111111
0 0.186728 0.708333 0.015432 0.111111
0 0.250000 0.611111 0.018519 0.166667
0 0.208333 0.458333 0.024691 0.111111
0 0.330247 0.263889 0.018519 0.111111
0 0.606481 0.694444 0.018519 0.138889
0 0.606481 0.361111 0.018519 0.111111
0 0.634259 0.444444 0.018519 0.194444
0 0.692901 0.680556 0.021605 0.194444
0 0.768519 0.638889 0.021605 0.194444
0 0.820988 0.430556 0.018519 0.194444
0 0.845679 0.500000 0.024691 0.138889
0 0.873457 0.763889 0.021605 0.194444
0 0.871914 0.416667 0.024691 0.138889
0 0.856481 0.291667 0.018519 0.083333
0 0.904321 0.277778 0.018519 0.111111
0 0.915123 0.388889 0.027778 0.111111
0 0.933642 0.763889 0.018519 0.194444
0 0.975309 0.763889 0.027778 0.138889
0 0.987654 0.791667 0.018519 0.111111
0 0.990741 0.652778 0.018519 0.111111
0 0.981481 0.611111 0.018519 0.138889
0 0.979938 0.486111 0.012346 0.166667
0 0.956790 0.541667 0.021605 0.138889
0 0.947531 0.319444 0.024691 0.138889
0 0.961420 0.305556 0.015432 0.138889
0 0.970679 0.291667 0.012346 0.111111
0 0.970679 0.375000 0.018519 0.111111