0 0.996142 0.402778 0.007716 0.083333
0 0.996142 0.611111 0.007716 0.166667
0 0.997685 0.666667 0.004630 0.083333
0 0.996914 0.750000 0.006173 0.111111
0 0.997685 0.861111 0.004630 0.166667
0 0.995370 0.902778 0.009259 0.111111
0 0.983025 0.750000 0.018519 0.083333
0 0.986111 0.680556 0.018519 0.111111
0 0.987654 0.625000 0.018519 0.166667
0 0.973765 0.513889 0.015432 0.111111
0 0.973765 0.402778 0.012346 0.111111
0 0.967593 0.625000 0.015432 0.166667
0 0.953704 0.680556 0.018519 0.111111
0 0.956790 0.791667 0.024691 0.111111
0 0.953704 0.888889 0.018519 0.138889
0 0.936728 0.888889 0.018519 0.166667
0 0.921296 0.902778 0.012346 0.111111
0 0.944444 0.500000 0.024691 0.111111
0 0.941358 0.597222 0.018519 0.111111
0 0.927469 0.638889 0.015432 0.194444
0 0.916667 0.652778 0.012346 0.222222
0 0.918210 0.708333 0.021605 0.138889
0 0.899691 0.777778 0.018519 0.166667
0 0.904321 0.569444 0.018519 0.194444
0 0.907407 0.430556 0.024691 0.138889
0 0.873457 0.750000 0.024691 0.138889
0 0.862654 0.902778 0.015432 0.111111
0 0.851852 0.652778 0.024691 0.111111
0 0.800926 0.638889 0.024691 0.138889
0 0.791667 0.777778 0.024691 0.138889
0 0.757716 0.750000 0.024691 0.138889
0 0.777778 0.500000 0.024691 0.138889
0 0.725309 0.652778 0.021605 0.138889
0 0.615741 0.694444 0.021605 0.138889
0 0.600309 0.652778 0.024691 0.138889
0 0.577160 0.805556 0.021605 0.138889
0 0.554012 0.430556 0.024691 0.138889
0 0.362654 0.777778 0.018519 0.138889
0 0.353395 0.666667 0.018519 0.138889
0 0.285494 0.694444 0.021605 0.138889
0 0.265432 0.347222 0.018519 0.138889
0 0.217593 0.708333 0.018519 0.166667
0 0.217593 0.597222 0.018519 0.138889
0 0.192901 0.763889 0.018519 0.166667
0 0.174383 0.583333 0.021605 0.166667
0 0.132716 0.611111 0.018519 0.138889
0 0.138889 0.694444 0.021605 0.111111
0 0.109568 0.416667 0.018519 0.166667
0 0.109568 0.513889 0.018519 0.166667
0 0.118827 0.750000 0.018519 0.111111
0 0.114198 0.833333 0.018519 0.138889
0 0.094136 0.847222 0.018519 0.138889
0 0.083333 0.736111 0.018519 0.138889
0 0.070988 0.555556 0.018519 0.138889
0 0.072531 0.430556 0.018519 0.138889
0 0.055556 0.500000 0.018519 0.138889
0 0.060185 0.652778 0.021605 0.138889
0 0.054012 0.791667 0.018519 0.138889
0 0.027778 0.791667 0.021605 0.138889
0 0.046296 0.708333 0.018519 0.111111
0 0.038580 0.541667 0.021605 0.138889
0 0.027778 0.500000 0.018519 0.166667
0 0.016975 0.541667 0.018519 0.138889
0 0.013889 0.333333 0.015432 0.111111