0 0.020062 0.236111 0.024691 0.138889
0 0.006944 0.541667 0.013889 0.222222
0 0.061728 0.638889 0.021605 0.222222
0 0.106481 0.486111 0.024691 0.111111
0 0.077160 0.527778 0.024691 0.194444
0 0.112654 0.694444 0.024691 0.138889
0 0.114198 0.611111 0.012346 0.222222
0 0.143519 0.736111 0.015432 0.138889
0 0.152778 0.638889 0.027778 0.138889
0 0.126543 0.430556 0.018519 0.166667
0 0.141975 0.263889 0.018519 0.166667
0 0.145062 0.305556 0.018519 0.111111
0 0.154321 0.361111 0.015432 0.166667
0 0.168210 0.500000 0.024691 0.138889
0 0.188272 0.652778 0.015432 0.222222
0 0.199074 0.375000 0.024691 0.138889
0 0.216049 0.291667 0.018519 0.111111
0 0.216049 0.388889 0.018519 0.111111
0 0.206790 0.416667 0.021605 0.111111
0 0.226852 0.458333 0.021605 0.111111
0 0.219136 0.527778 0.024691 0.111111
0 0.212963 0.625000 0.021605 0.111111
0 0.256173 0.333333 0.012346 0.166667
0 0.262346 0.402778 0.024691 0.083333
0 0.243827 0.569444 0.024691 0.222222
0 0.251543 0.625000 0.030864 0.138889
0 0.265432 0.555556 0.015432 0.166667
0 0.257716 0.625000 0.024691 0.166667
0 0.257716 0.680556 0.024691 0.111111
0 0.262346 0.777778 0.012346 0.138889
0 0.291667 0.680556 0.021605 0.111111
0 0.288580 0.583333 0.018519 0.083333
0 0.280864 0.430556 0.018519 0.111111
0 0.297840 0.458333 0.018519 0.138889
0 0.299383 0.513889 0.018519 0.111111
0 0.307099 0.750000 0.015432 0.166667
0 0.327160 0.736111 0.018519 0.111111
0 0.322531 0.666667 0.018519 0.138889
0 0.356481 0.750000 0.018519 0.111111
0 0.344136 0.694444 0.021605 0.111111
0 0.361111 0.666667 0.012346 0.166667
0 0.348765 0.555556 0.021605 0.111111
0 0.320988 0.555556 0.018519 0.138889
0 0.313272 0.486111 0.015432 0.166667
0 0.322531 0.444444 0.012346 0.166667
0 0.334877 0.375000 0.012346 0.166667
0 0.345679 0.513889 0.015432 0.166667
0 0.367284 0.541667 0.018519 0.166667
0 0.364198 0.416667 0.015432 0.111111
0 0.356481 0.375000 0.018519 0.138889
0 0.342593 0.277778 0.021605 0.111111
0 0.401235 0.361111 0.018519 0.138889
0 0.391975 0.597222 0.015432 0.111111
0 0.407407 0.444444 0.018519 0.111111
0 0.413580 0.541667 0.018519 0.138889
0 0.421296 0.694444 0.018519 0.138889
0 0.433642 0.750000 0.021605 0.111111
0 0.449074 0.638889 0.018519 0.111111
0 0.459877 0.736111 0.015432 0.111111
0 0.433642 0.583333 0.021605 0.138889
0 0.433642 0.500000 0.021605 0.138889
0 0.429012 0.375000 0.015432 0.166667
0 0.447531 0.375000 0.021605 0.083333
0 0.439815 0.569444 0.015432 0.166667
0 0.469136 0.333333 0.012346 0.111111
0 0.487654 0.333333 0.021605 0.111111
0 0.487654 0.513889 0.012346 0.194444
0 0.506173 0.722222 0.018519 0.111111
0 0.500000 0.611111 0.012346 0.194444
0 0.524691 0.680556 0.015432 0.166667
0 0.515432 0.597222 0.018519 0.166667
0 0.518519 0.416667 0.021605 0.138889
0 0.537037 0.430556 0.015432 0.166667
0 0.540123 0.277778 0.015432 0.138889
0 0.546296 0.333333 0.015432 0.111111
0 0.550926 0.416667 0.018519 0.111111
0 0.561728 0.361111 0.015432 0.166667
0 0.569444 0.388889 0.021605 0.138889
0 0.564815 0.500000 0.012346 0.166667
0 0.554012 0.666667 0.015432 0.138889
0 0.572531 0.597222 0.018519 0.111111
0 0.574074 0.680556 0.021605 0.111111
0 0.584877 0.750000 0.018519 0.111111
0 0.591049 0.472222 0.015432 0.138889
0 0.600309 0.416667 0.018519 0.166667
0 0.611111 0.722222 0.018519 0.111111
0 0.632716 0.777778 0.018519 0.166667
0 0.663580 0.722222 0.018519 0.111111
0 0.643519 0.680556 0.018519 0.138889
0 0.658951 0.597222 0.018519 0.111111
0 0.635802 0.375000 0.018519 0.111111
0 0.623457 0.305556 0.012346 0.166667
0 0.632716 0.527778 0.012346 0.166667
0 0.649691 0.569444 0.018519 0.138889
0 0.709877 0.750000 0.015432 0.138889
0 0.697531 0.652778 0.021605 0.111111
0 0.683642 0.541667 0.021605 0.138889
0 0.691358 0.402778 0.021605 0.138889
0 0.700617 0.486111 0.015432 0.166667
0 0.719136 0.555556 0.021605 0.138889
0 0.731481 0.611111 0.018519 0.166667
0 0.756173 0.708333 0.024691 0.138889
0 0.773148 0.763889 0.012346 0.111111
0 0.625000 0.555556 0.024691 0.111111
0 0.621914 0.666667 0.018519 0.138889
0 0.739198 0.402778 0.021605 0.138889
0 0.754630 0.500000 0.021605 0.111111
0 0.765432 0.347222 0.021605 0.138889
0 0.771605 0.583333 0.021605 0.111111
0 0.785494 0.597222 0.018519 0.166667
0 0.794753 0.527778 0.018519 0.111111
0 0.799383 0.458333 0.021605 0.138889
0 0.824074 0.347222 0.021605 0.138889
0 0.820988 0.527778 0.021605 0.138889
0 0.825617 0.611111 0.021605 0.111111
0 0.834877 0.694444 0.021605 0.111111
0 0.845679 0.625000 0.021605 0.138889
0 0.854938 0.750000 0.024691 0.138889
0 0.868827 0.666667 0.021605 0.138889
0 0.902778 0.611111 0.015432 0.194444
0 0.924383 0.430556 0.024691 0.138889
0 0.938272 0.597222 0.015432 0.222222
0 0.964506 0.652778 0.024691 0.138889
0 0.979938 0.708333 0.021605 0.166667
0 0.983025 0.763889 0.015432 0.138889
0 0.871914 0.333333 0.024691 0.111111
0 0.918210 0.611111 0.018519 0.166667