0 0.012346 0.291667 0.012346 0.166667
0 0.004630 0.472222 0.009259 0.166667
0 0.024691 0.541667 0.024691 0.111111
0 0.005401 0.736111 0.010802 0.138889
0 0.035494 0.736111 0.018519 0.138889
0 0.060185 0.597222 0.024691 0.138889
0 0.083333 0.555556 0.024691 0.194444
0 0.075617 0.444444 0.024691 0.111111
0 0.060185 0.375000 0.021605 0.111111
0 0.047840 0.347222 0.021605 0.138889
0 0.115741 0.444444 0.021605 0.138889
0 0.125000 0.305556 0.024691 0.111111
0 0.135802 0.277778 0.015432 0.166667
0 0.158951 0.208333 0.024691 0.111111
0 0.140432 0.319444 0.015432 0.138889
0 0.126543 0.458333 0.018519 0.111111
0 0.125000 0.527778 0.018519 0.138889
0 0.135802 0.611111 0.021605 0.138889
0 0.154321 0.638889 0.015432 0.194444
0 0.158951 0.736111 0.018519 0.138889
0 0.179012 0.652778 0.021605 0.138889
0 0.194444 0.722222 0.018519 0.138889
0 0.205247 0.666667 0.015432 0.166667
0 0.163580 0.486111 0.015432 0.194444
0 0.179012 0.361111 0.021605 0.111111
0 0.182099 0.430556 0.018519 0.111111
0 0.143519 0.486111 0.018519 0.111111
0 0.151235 0.430556 0.024691 0.111111
0 0.240741 0.416667 0.024691 0.138889
0 0.250000 0.569444 0.018519 0.166667
0 0.265432 0.347222 0.024691 0.111111
0 0.273148 0.444444 0.021605 0.111111
0 0.271605 0.666667 0.021605 0.138889
0 0.288580 0.680556 0.021605 0.111111
0 0.293210 0.583333 0.021605 0.111111
0 0.308642 0.486111 0.021605 0.111111
0 0.304012 0.347222 0.021605 0.111111
0 0.324074 0.333333 0.018519 0.166667
0 0.319444 0.416667 0.021605 0.138889
0 0.331790 0.583333 0.021605 0.111111
0 0.345679 0.694444 0.027778 0.138889
0 0.341049 0.444444 0.015432 0.194444
0 0.370370 0.444444 0.021605 0.111111
0 0.376543 0.527778 0.024691 0.111111
0 0.371914 0.583333 0.024691 0.111111
0 0.367284 0.680556 0.024691 0.111111
0 0.418210 0.694444 0.024691 0.138889
0 0.399691 0.513889 0.021605 0.138889
0 0.393519 0.375000 0.021605 0.111111
0 0.424383 0.541667 0.015432 0.166667
0 0.430556 0.472222 0.012346 0.166667
0 0.449074 0.527778 0.018519 0.194444
0 0.449074 0.388889 0.018519 0.138889
0 0.464506 0.430556 0.018519 0.138889
0 0.469136 0.361111 0.015432 0.166667
0 0.481481 0.277778 0.018519 0.111111
0 0.486111 0.375000 0.021605 0.111111
0 0.478395 0.555556 0.018519 0.111111
0 0.478395 0.666667 0.018519 0.166667
0 0.518519 0.736111 0.021605 0.111111
0 0.495370 0.458333 0.018519 0.111111
0 0.518519 0.472222 0.021605 0.111111
0 0.535494 0.527778 0.018519 0.166667
0 0.566358 0.319444 0.015432 0.138889
0 0.570988 0.652778 0.021605 0.138889
0 0.600309 0.319444 0.015432 0.166667
0 0.598765 0.430556 0.018519 0.111111
0 0.597222 0.597222 0.018519 0.111111
0 0.609568 0.527778 0.018519 0.166667
0 0.632716 0.541667 0.018519 0.138889
0 0.679012 0.666667 0.021605 0.138889
0 0.658951 0.430556 0.018519 0.138889
0 0.682099 0.375000 0.015432 0.194444
0 0.672840 0.388889 0.018519 0.111111
0 0.688272 0.458333 0.021605 0.138889
0 0.694444 0.555556 0.018519 0.166667
0 0.711420 0.597222 0.018519 0.166667
0 0.766975 0.791667 0.018519 0.111111
0 0.765432 0.736111 0.018519 0.166667
0 0.760802 0.583333 0.018519 0.138889
0 0.768519 0.541667 0.018519 0.166667
0 0.746914 0.347222 0.021605 0.111111
0 0.783951 0.486111 0.021605 0.138889
0 0.810185 0.694444 0.024691 0.166667
0 0.816358 0.388889 0.024691 0.111111
0 0.785494 0.333333 0.012346 0.166667
0 0.799383 0.333333 0.012346 0.166667
0 0.814815 0.305556 0.012346 0.166667
0 0.837963 0.277778 0.012346 0.111111
0 0.885802 0.388889 0.018519 0.166667
0 0.853395 0.305556 0.012346 0.138889
0 0.736111 0.486111 0.024691 0.111111
0 0.757716 0.430556 0.024691 0.111111
0 0.899691 0.555556 0.021605 0.111111
0 0.893519 0.680556 0.018519 0.138889
0 0.905864 0.736111 0.012346 0.194444
0 0.916667 0.750000 0.012346 0.138889
0 0.918210 0.652778 0.012346 0.194444
0 0.924383 0.486111 0.021605 0.138889
0 0.973765 0.805556 0.018519 0.138889
0 0.933642 0.375000 0.009259 0.166667
0 0.962963 0.430556 0.018519 0.138889
0 0.972222 0.361111 0.015432 0.166667
0 0.984568 0.513889 0.024691 0.138889
0 0.987654 0.263889 0.015432 0.111111
0 0.990741 0.763889 0.009259 0.166667
0 0.662037 0.500000 0.027778 0.138889