0 0.986111 0.750000 0.021605 0.166667
0 0.983025 0.444444 0.018519 0.166667
0 0.956790 0.625000 0.024691 0.194444
0 0.922840 0.777778 0.012346 0.194444
0 0.887346 0.305556 0.027778 0.111111
0 0.878086 0.430556 0.027778 0.138889
0 0.871914 0.625000 0.024691 0.138889
0 0.841049 0.597222 0.024691 0.138889
0 0.805556 0.333333 0.024691 0.138889
0 0.799383 0.458333 0.018519 0.166667
0 0.797840 0.541667 0.021605 0.138889
0 0.813272 0.652778 0.024691 0.138889
0 0.785494 0.694444 0.021605 0.138889
0 0.774691 0.583333 0.021605 0.138889
0 0.776235 0.791667 0.021605 0.166667
0 0.754630 0.722222 0.018519 0.166667
0 0.746914 0.666667 0.015432 0.166667
0 0.746914 0.527778 0.021605 0.138889
0 0.712963 0.625000 0.021605 0.138889
0 0.712963 0.722222 0.021605 0.138889
0 0.689815 0.347222 0.021605 0.138889
0 0.674383 0.263889 0.021605 0.138889
0 0.674383 0.361111 0.018519 0.138889
0 0.671296 0.541667 0.015432 0.194444
0 0.674383 0.652778 0.021605 0.138889
0 0.669753 0.750000 0.018519 0.166667
0 0.654321 0.708333 0.018519 0.111111
0 0.646605 0.611111 0.024691 0.111111
0 0.583333 0.291667 0.024691 0.111111
0 0.601852 0.777778 0.018519 0.111111
0 0.537037 0.763889 0.018519 0.111111
0 0.521605 0.736111 0.018519 0.166667
0 0.523148 0.611111 0.021605 0.138889
0 0.529321 0.527778 0.018519 0.194444
0 0.518519 0.263889 0.015432 0.138889
0 0.504630 0.347222 0.018519 0.166667
0 0.496914 0.472222 0.018519 0.166667
0 0.504630 0.583333 0.021605 0.138889
0 0.503086 0.708333 0.024691 0.138889
0 0.484568 0.513889 0.021605 0.138889
0 0.481481 0.375000 0.024691 0.111111
0 0.483025 0.277778 0.015432 0.138889
0 0.438272 0.472222 0.012346 0.166667
0 0.435185 0.750000 0.018519 0.166667
0 0.421296 0.583333 0.018519 0.111111
0 0.418210 0.500000 0.018519 0.111111
0 0.405864 0.333333 0.018519 0.166667
0 0.376543 0.250000 0.021605 0.111111
0 0.396605 0.722222 0.012346 0.166667
0 0.387346 0.625000 0.024691 0.111111
0 0.382716 0.736111 0.024691 0.138889
0 0.359568 0.472222 0.015432 0.166667
0 0.345679 0.277778 0.018519 0.138889
0 0.359568 0.361111 0.018519 0.166667
0 0.333333 0.541667 0.018519 0.166667
0 0.348765 0.652778 0.018519 0.166667
0 0.311728 0.736111 0.021605 0.111111
0 0.308642 0.569444 0.018519 0.138889
0 0.320988 0.625000 0.018519 0.138889
0 0.325617 0.402778 0.024691 0.166667
0 0.320988 0.472222 0.018519 0.138889
0 0.299383 0.250000 0.018519 0.138889
0 0.279321 0.361111 0.018519 0.166667
0 0.279321 0.458333 0.018519 0.166667
0 0.280864 0.666667 0.021605 0.138889
0 0.277778 0.750000 0.021605 0.111111
0 0.257716 0.638889 0.018519 0.138889
0 0.266975 0.708333 0.018519 0.111111
0 0.265432 0.513889 0.024691 0.111111
0 0.250000 0.736111 0.021605 0.111111
0 0.212963 0.736111 0.018519 0.111111
0 0.240741 0.527778 0.024691 0.111111
0 0.245370 0.347222 0.024691 0.138889
0 0.229938 0.263889 0.024691 0.138889
0 0.195988 0.263889 0.021605 0.138889
0 0.200617 0.416667 0.021605 0.111111
0 0.185185 0.555556 0.018519 0.250000
0 0.180556 0.652778 0.024691 0.111111
0 0.158951 0.541667 0.021605 0.111111
0 0.168210 0.305556 0.021605 0.138889
0 0.145062 0.444444 0.021605 0.194444
0 0.128086 0.236111 0.027778 0.138889
0 0.111111 0.333333 0.024691 0.111111
0 0.109568 0.541667 0.021605 0.138889
0 0.132716 0.638889 0.024691 0.194444
0 0.074074 0.736111 0.024691 0.138889
0 0.023148 0.458333 0.024691 0.194444
0 0.024691 0.236111 0.015432 0.166667
0 0.004630 0.208333 0.009259 0.111111