0 0.029321 0.222222 0.018519 0.111111
0 0.026235 0.333333 0.024691 0.111111
0 0.023148 0.416667 0.024691 0.111111
0 0.010802 0.527778 0.018519 0.166667
0 0.049383 0.277778 0.018519 0.111111
0 0.080247 0.236111 0.021605 0.138889
0 0.081790 0.375000 0.021605 0.111111
0 0.067901 0.458333 0.018519 0.166667
0 0.084877 0.555556 0.024691 0.138889
0 0.128086 0.333333 0.021605 0.138889
0 0.129630 0.541667 0.018519 0.222222
0 0.174383 0.569444 0.018519 0.111111
0 0.180556 0.750000 0.021605 0.111111
0 0.199074 0.736111 0.024691 0.138889
0 0.211420 0.666667 0.024691 0.138889
0 0.211420 0.527778 0.024691 0.111111
0 0.211420 0.430556 0.018519 0.166667
0 0.192901 0.444444 0.021605 0.138889
0 0.236111 0.611111 0.021605 0.138889
0 0.240741 0.513889 0.009259 0.194444
0 0.239198 0.291667 0.018519 0.166667
0 0.257716 0.569444 0.024691 0.111111
0 0.270062 0.500000 0.024691 0.166667
0 0.283951 0.527778 0.018519 0.111111
0 0.285494 0.430556 0.021605 0.111111
0 0.290123 0.388889 0.018519 0.166667
0 0.302469 0.375000 0.018519 0.111111
0 0.296296 0.597222 0.015432 0.194444
0 0.308642 0.708333 0.018519 0.111111
0 0.311728 0.597222 0.024691 0.111111
0 0.311728 0.513889 0.018519 0.138889
0 0.316358 0.472222 0.015432 0.166667
0 0.328704 0.305556 0.024691 0.138889
0 0.324074 0.402778 0.009259 0.166667
0 0.342593 0.416667 0.018519 0.111111
0 0.342593 0.569444 0.024691 0.111111
0 0.325617 0.652778 0.018519 0.138889
0 0.334877 0.694444 0.018519 0.138889
0 0.359568 0.750000 0.015432 0.111111
0 0.365741 0.361111 0.015432 0.166667
0 0.381173 0.236111 0.024691 0.138889
0 0.375000 0.375000 0.009259 0.166667
0 0.367284 0.500000 0.012346 0.166667
0 0.379630 0.638889 0.018519 0.111111
0 0.382716 0.708333 0.018519 0.111111
0 0.401235 0.666667 0.018519 0.111111
0 0.407407 0.750000 0.012346 0.166667
0 0.421296 0.750000 0.018519 0.111111
0 0.433642 0.763889 0.012346 0.111111
0 0.421296 0.680556 0.012346 0.111111
0 0.412037 0.638889 0.018519 0.111111
0 0.398148 0.597222 0.018519 0.111111
0 0.404321 0.500000 0.018519 0.111111
0 0.385802 0.555556 0.015432 0.166667
0 0.388889 0.430556 0.018519 0.138889
0 0.399691 0.305556 0.018519 0.111111
0 0.410494 0.375000 0.018519 0.111111
0 0.416667 0.277778 0.021605 0.111111
0 0.416667 0.444444 0.015432 0.166667
0 0.433642 0.555556 0.015432 0.166667
0 0.430556 0.305556 0.018519 0.111111
0 0.438272 0.236111 0.018519 0.111111
0 0.461420 0.361111 0.012346 0.222222
0 0.478395 0.250000 0.012346 0.111111
0 0.453704 0.416667 0.018519 0.083333
0 0.462963 0.513889 0.015432 0.166667
0 0.470679 0.694444 0.018519 0.194444
0 0.481481 0.638889 0.012346 0.166667
0 0.490741 0.722222 0.015432 0.166667
0 0.492284 0.763889 0.021605 0.111111
0 0.507716 0.750000 0.012346 0.111111
0 0.506173 0.638889 0.018519 0.083333
0 0.504630 0.597222 0.012346 0.166667
0 0.516975 0.416667 0.018519 0.111111
0 0.527778 0.375000 0.012346 0.166667
0 0.538580 0.291667 0.018519 0.111111
0 0.543210 0.486111 0.018519 0.111111
0 0.543210 0.597222 0.012346 0.166667
0 0.544753 0.652778 0.018519 0.138889
0 0.527778 0.652778 0.012346 0.166667
0 0.515432 0.500000 0.018519 0.111111
0 0.567901 0.458333 0.012346 0.166667
0 0.600309 0.416667 0.015432 0.166667
0 0.586420 0.611111 0.018519 0.166667
0 0.583333 0.722222 0.018519 0.111111
0 0.601852 0.625000 0.018519 0.111111
0 0.615741 0.666667 0.012346 0.166667
0 0.626543 0.777778 0.024691 0.111111
0 0.635802 0.722222 0.018519 0.166667
0 0.654321 0.694444 0.018519 0.166667
0 0.675926 0.750000 0.021605 0.138889
0 0.652778 0.777778 0.015432 0.166667
0 0.632716 0.486111 0.012346 0.166667
0 0.643519 0.458333 0.018519 0.111111
0 0.660494 0.597222 0.018519 0.166667
0 0.672840 0.541667 0.018519 0.166667
0 0.694444 0.638889 0.018519 0.111111
0 0.703704 0.597222 0.018519 0.166667
0 0.728395 0.541667 0.018519 0.166667
0 0.736111 0.625000 0.021605 0.138889
0 0.729938 0.763889 0.018519 0.166667
0 0.751543 0.805556 0.018519 0.166667
0 0.762346 0.708333 0.018519 0.166667
0 0.740741 0.500000 0.012346 0.222222
0 0.682099 0.402778 0.024691 0.111111
0 0.651235 0.361111 0.018519 0.111111
0 0.668210 0.319444 0.021605 0.111111
0 0.680556 0.263889 0.018519 0.111111
0 0.800926 0.500000 0.018519 0.138889
0 0.825617 0.541667 0.024691 0.138889
0 0.896605 0.541667 0.024691 0.166667
0 0.918210 0.347222 0.024691 0.138889
0 0.992284 0.527778 0.015432 0.166667
0 0.983025 0.805556 0.015432 0.166667