0 0.986111 0.763889 0.018519 0.138889
0 0.950617 0.666667 0.021605 0.138889
0 0.845679 0.347222 0.024691 0.138889
0 0.756173 0.263889 0.021605 0.111111
0 0.783951 0.416667 0.021605 0.138889
0 0.797840 0.500000 0.018519 0.166667
0 0.796296 0.638889 0.024691 0.138889
0 0.808642 0.736111 0.024691 0.138889
0 0.782407 0.694444 0.021605 0.166667
0 0.760802 0.708333 0.018519 0.138889
0 0.743827 0.777778 0.021605 0.138889
0 0.736111 0.652778 0.021605 0.111111
0 0.717593 0.694444 0.021605 0.111111
0 0.708333 0.625000 0.018519 0.166667
0 0.709877 0.500000 0.018519 0.138889
0 0.691358 0.388889 0.021605 0.138889
0 0.682099 0.486111 0.024691 0.138889
0 0.694444 0.680556 0.018519 0.111111
0 0.679012 0.722222 0.018519 0.166667
0 0.677469 0.791667 0.018519 0.138889
0 0.663580 0.680556 0.018519 0.138889
0 0.652778 0.513889 0.018519 0.166667
0 0.668210 0.361111 0.024691 0.166667
0 0.626543 0.611111 0.012346 0.166667
0 0.626543 0.777778 0.012346 0.166667
0 0.618827 0.791667 0.018519 0.138889
0 0.589506 0.680556 0.018519 0.194444
0 0.587963 0.486111 0.015432 0.166667
0 0.570988 0.500000 0.012346 0.166667
0 0.566358 0.694444 0.015432 0.222222
0 0.552469 0.708333 0.012346 0.166667
0 0.567901 0.277778 0.012346 0.138889
0 0.538580 0.486111 0.018519 0.111111
0 0.532407 0.333333 0.018519 0.111111
0 0.500000 0.347222 0.018519 0.138889
0 0.510802 0.402778 0.018519 0.111111
0 0.510802 0.611111 0.018519 0.166667
0 0.523148 0.750000 0.012346 0.166667
0 0.513889 0.263889 0.018519 0.111111
0 0.483025 0.250000 0.018519 0.111111
0 0.486111 0.402778 0.015432 0.166667
0 0.496914 0.611111 0.015432 0.166667
0 0.512346 0.763889 0.015432 0.111111
0 0.504630 0.750000 0.018519 0.138889
0 0.486111 0.694444 0.018519 0.111111
0 0.479938 0.597222 0.018519 0.111111
0 0.475309 0.472222 0.018519 0.166667
0 0.461420 0.750000 0.018519 0.138889
0 0.453704 0.666667 0.012346 0.166667
0 0.461420 0.472222 0.018519 0.166667
0 0.445988 0.388889 0.018519 0.138889
0 0.429012 0.513889 0.018519 0.111111
0 0.429012 0.625000 0.018519 0.111111
0 0.390432 0.777778 0.018519 0.111111
0 0.402778 0.750000 0.018519 0.111111
0 0.405864 0.666667 0.024691 0.083333
0 0.410494 0.611111 0.018519 0.166667
0 0.396605 0.611111 0.015432 0.166667
0 0.407407 0.513889 0.012346 0.166667
0 0.416667 0.472222 0.012346 0.166667
0 0.430556 0.388889 0.012346 0.166667
0 0.415123 0.263889 0.018519 0.138889
0 0.393519 0.319444 0.012346 0.166667
0 0.379630 0.361111 0.009259 0.166667
0 0.381173 0.638889 0.009259 0.166667
0 0.381173 0.750000 0.018519 0.111111
0 0.368827 0.680556 0.009259 0.166667
0 0.356481 0.694444 0.012346 0.166667
0 0.361111 0.500000 0.012346 0.194444
0 0.358025 0.361111 0.009259 0.166667
0 0.371914 0.263889 0.021605 0.111111
0 0.351852 0.402778 0.018519 0.166667
0 0.336420 0.694444 0.018519 0.083333
0 0.316358 0.638889 0.018519 0.138889
0 0.305556 0.763889 0.018519 0.166667
0 0.287037 0.750000 0.012346 0.194444
0 0.293210 0.611111 0.012346 0.166667
0 0.302469 0.555556 0.012346 0.166667
0 0.307099 0.388889 0.018519 0.166667
0 0.319444 0.263889 0.018519 0.111111
0 0.273148 0.541667 0.018519 0.111111
0 0.262346 0.708333 0.018519 0.166667
0 0.250000 0.750000 0.018519 0.111111
0 0.234568 0.611111 0.018519 0.111111
0 0.260802 0.486111 0.018519 0.166667
0 0.268519 0.402778 0.018519 0.166667
0 0.246914 0.388889 0.018519 0.138889
0 0.228395 0.430556 0.018519 0.166667
0 0.216049 0.305556 0.021605 0.166667
0 0.189815 0.444444 0.018519 0.138889
0 0.202160 0.486111 0.018519 0.138889
0 0.206790 0.611111 0.012346 0.138889
0 0.209877 0.527778 0.018519 0.111111
0 0.189815 0.583333 0.018519 0.166667
0 0.180556 0.777778 0.018519 0.166667
0 0.101852 0.736111 0.021605 0.138889
0 0.089506 0.638889 0.021605 0.111111
0 0.106481 0.569444 0.024691 0.111111
0 0.080247 0.236111 0.024691 0.138889
0 0.057099 0.305556 0.021605 0.111111
0 0.043210 0.263889 0.021605 0.111111
0 0.026235 0.222222 0.021605 0.111111
0 0.029321 0.305556 0.024691 0.111111
0 0.026235 0.416667 0.024691 0.111111
0 0.007716 0.527778 0.015432 0.111111
0 0.007716 0.222222 0.015432 0.111111