0 0.910494 0.763889 0.030864 0.138889
0 0.966049 0.805556 0.018519 0.138889
0 0.950617 0.833333 0.018519 0.138889
0 0.964506 0.430556 0.012346 0.166667
0 0.961420 0.291667 0.024691 0.138889
0 0.981481 0.541667 0.015432 0.166667
0 0.895062 0.319444 0.018519 0.138889
0 0.881173 0.263889 0.018519 0.111111
0 0.858025 0.569444 0.015432 0.222222
0 0.868827 0.277778 0.018519 0.111111
0 0.848765 0.277778 0.018519 0.111111
0 0.743827 0.583333 0.024691 0.111111
0 0.771605 0.736111 0.027778 0.083333
0 0.433642 0.763889 0.024691 0.111111
0 0.401235 0.263889 0.021605 0.111111
0 0.228395 0.638889 0.024691 0.111111
0 0.052469 0.236111 0.021605 0.138889
0 0.055556 0.430556 0.018519 0.194444