0 0.421296 0.458333 0.018519 0.194444
0 0.521605 0.902778 0.021605 0.138889
0 0.192901 0.416667 0.021605 0.166667
0 0.112654 0.513889 0.021605 0.138889
0 0.108025 0.597222 0.021605 0.166667
0 0.091049 0.680556 0.015432 0.166667
0 0.046296 0.819444 0.015432 0.166667
0 0.070988 0.638889 0.021605 0.138889
0 0.060185 0.527778 0.018519 0.194444
0 0.023148 0.625000 0.018519 0.194444
0 0.015432 0.513889 0.018519 0.166667
0 0.038580 0.375000 0.024691 0.138889
0 0.038580 0.458333 0.018519 0.166667
0 0.013889 0.763889 0.018519 0.138889
0 0.804012 0.388889 0.018519 0.111111
0 0.837963 0.430556 0.018519 0.138889
0 0.885802 0.736111 0.015432 0.166667
0 0.912037 0.930556 0.021605 0.138889
0 0.975309 0.888889 0.018519 0.138889
0 0.972222 0.777778 0.021605 0.138889
0 0.925926 0.375000 0.018519 0.111111
0 0.989969 0.708333 0.020062 0.138889