0 0.015432 0.444444 0.018519 0.138889
0 0.027778 0.583333 0.015432 0.194444
0 0.061728 0.680556 0.024691 0.194444
0 0.121914 0.500000 0.024691 0.166667
0 0.199074 0.736111 0.021605 0.166667
0 0.277778 0.416667 0.024691 0.166667
0 0.552469 0.902778 0.021605 0.138889
0 0.691358 0.458333 0.012346 0.166667
0 0.708333 0.375000 0.021605 0.138889
0 0.756173 0.375000 0.018519 0.111111
0 0.746914 0.472222 0.012346 0.166667
0 0.831790 0.750000 0.024691 0.138889
0 0.908951 0.875000 0.024691 0.138889
0 0.936728 0.902778 0.024691 0.138889
0 0.935185 0.694444 0.024691 0.138889
0 0.910494 0.666667 0.015432 0.194444
0 0.936728 0.402778 0.021605 0.138889