0 0.043210 0.333333 0.018519 0.111111
0 0.033951 0.527778 0.021605 0.111111
0 0.066358 0.402778 0.021605 0.111111
0 0.092593 0.319444 0.021605 0.111111
0 0.086420 0.555556 0.021605 0.194444
0 0.084877 0.652778 0.021605 0.138889
0 0.055556 0.666667 0.018519 0.138889
0 0.141975 0.680556 0.024691 0.138889
0 0.145062 0.583333 0.024691 0.138889
0 0.182099 0.486111 0.021605 0.138889
0 0.200617 0.583333 0.015432 0.194444
0 0.180556 0.583333 0.024691 0.111111
0 0.188272 0.694444 0.015432 0.194444
0 0.171296 0.861111 0.018519 0.138889
0 0.192901 0.875000 0.021605 0.138889
0 0.246914 0.694444 0.021605 0.111111
0 0.248457 0.638889 0.015432 0.166667
0 0.243827 0.472222 0.018519 0.111111
0 0.250000 0.472222 0.018519 0.166667
0 0.257716 0.319444 0.018519 0.111111
0 0.270062 0.500000 0.021605 0.111111
0 0.287037 0.722222 0.021605 0.111111
0 0.279321 0.652778 0.012346 0.166667
0 0.276235 0.569444 0.018519 0.111111
0 0.294753 0.472222 0.021605 0.111111
0 0.290123 0.652778 0.012346 0.111111
0 0.310185 0.652778 0.024691 0.111111
0 0.311728 0.819444 0.012346 0.166667
0 0.322531 0.875000 0.021605 0.138889
0 0.334877 0.708333 0.012346 0.166667
0 0.319444 0.611111 0.018519 0.138889
0 0.314815 0.486111 0.021605 0.111111
0 0.314815 0.388889 0.021605 0.138889
0 0.328704 0.402778 0.015432 0.166667
0 0.336420 0.444444 0.012346 0.138889
0 0.330247 0.513889 0.018519 0.111111
0 0.378086 0.402778 0.021605 0.138889
0 0.362654 0.430556 0.021605 0.111111
0 0.362654 0.555556 0.018519 0.138889
0 0.364198 0.625000 0.018519 0.111111
0 0.367284 0.750000 0.024691 0.111111
0 0.358025 0.694444 0.012346 0.111111
0 0.358025 0.847222 0.009259 0.138889
0 0.354938 0.875000 0.018519 0.138889
0 0.376543 0.791667 0.018519 0.111111
0 0.385802 0.722222 0.015432 0.138889
0 0.391975 0.847222 0.018519 0.111111
0 0.401235 0.805556 0.018519 0.111111
0 0.405864 0.750000 0.018519 0.111111
0 0.381173 0.486111 0.018519 0.111111
0 0.407407 0.458333 0.018519 0.138889
0 0.398148 0.611111 0.018519 0.166667
0 0.424383 0.708333 0.018519 0.138889
0 0.402778 0.541667 0.012346 0.111111
0 0.390432 0.486111 0.012346 0.138889
0 0.441358 0.861111 0.012346 0.083333
0 0.455247 0.875000 0.015432 0.138889
0 0.445988 0.791667 0.018519 0.111111
0 0.435185 0.805556 0.015432 0.138889
0 0.432099 0.611111 0.012346 0.166667
0 0.452160 0.611111 0.018519 0.111111
0 0.462963 0.694444 0.018519 0.138889
0 0.473765 0.638889 0.018519 0.111111
0 0.486111 0.875000 0.021605 0.138889
0 0.500000 0.861111 0.018519 0.138889
0 0.516975 0.888889 0.018519 0.111111
0 0.513889 0.805556 0.021605 0.138889
0 0.530864 0.819444 0.021605 0.138889
0 0.521605 0.722222 0.015432 0.138889
0 0.510802 0.680556 0.018519 0.138889
0 0.481481 0.513889 0.012346 0.138889
0 0.459877 0.472222 0.012346 0.083333
0 0.447531 0.458333 0.009259 0.138889
0 0.449074 0.333333 0.018519 0.083333
0 0.462963 0.402778 0.012346 0.166667
0 0.496914 0.375000 0.012346 0.111111
0 0.521605 0.444444 0.018519 0.111111
0 0.533951 0.625000 0.009259 0.166667
0 0.541667 0.694444 0.009259 0.166667
0 0.547840 0.805556 0.018519 0.111111
0 0.567901 0.722222 0.018519 0.083333
0 0.544753 0.569444 0.012346 0.166667
0 0.558642 0.513889 0.018519 0.138889
0 0.560185 0.416667 0.018519 0.138889
0 0.595679 0.833333 0.018519 0.111111
0 0.583333 0.569444 0.018519 0.111111
0 0.595679 0.750000 0.015432 0.166667
0 0.564815 0.625000 0.012346 0.138889
0 0.560185 0.694444 0.018519 0.166667
0 0.484568 0.708333 0.018519 0.111111
0 0.504630 0.569444 0.018519 0.111111
0 0.504630 0.527778 0.012346 0.194444
0 0.615741 0.763889 0.012346 0.166667
0 0.634259 0.750000 0.021605 0.111111
0 0.632716 0.638889 0.021605 0.111111
0 0.623457 0.555556 0.015432 0.166667
0 0.641975 0.361111 0.015432 0.111111
0 0.643519 0.513889 0.018519 0.166667
0 0.643519 0.652778 0.012346 0.166667
0 0.660494 0.666667 0.018519 0.138889
0 0.671296 0.652778 0.015432 0.166667
0 0.660494 0.527778 0.015432 0.111111
0 0.666667 0.458333 0.018519 0.138889
0 0.695988 0.569444 0.018519 0.138889
0 0.691358 0.791667 0.018519 0.111111
0 0.691358 0.888889 0.018519 0.111111
0 0.712963 0.847222 0.021605 0.083333
0 0.706790 0.777778 0.018519 0.111111
0 0.694444 0.708333 0.018519 0.138889
0 0.712963 0.680556 0.021605 0.111111
0 0.731481 0.805556 0.015432 0.250000
0 0.742284 0.597222 0.024691 0.166667
0 0.723765 0.555556 0.018519 0.138889
0 0.776235 0.694444 0.021605 0.138889
0 0.800926 0.763889 0.021605 0.194444
0 0.831790 0.833333 0.024691 0.166667
0 0.844136 0.666667 0.021605 0.111111
0 0.850309 0.555556 0.027778 0.138889
0 0.902778 0.708333 0.024691 0.166667
0 0.953704 0.875000 0.021605 0.138889
0 0.993827 0.875000 0.012346 0.138889
0 0.990741 0.416667 0.018519 0.138889
0 0.817901 0.555556 0.012346 0.166667