1 0.056667 0.904878 0.060000 0.039024
1 0.013333 0.924390 0.026667 0.039024
1 0.023333 0.965854 0.046667 0.043902
1 0.156667 0.956098 0.066667 0.048780
1 0.496667 0.965854 0.060000 0.043902
1 0.670000 0.976829 0.073333 0.046341
1 0.973333 0.865854 0.053333 0.043902
1 0.763333 0.785366 0.086667 0.053659
1 0.213333 0.856098 0.073333 0.053659
1 0.093333 0.797561 0.073333 0.053659
1 0.086667 0.753659 0.073333 0.053659
1 0.021667 0.753659 0.043333 0.039024
1 0.153333 0.743902 0.046667 0.043902
1 0.626667 0.692683 0.066667 0.048780
1 0.740000 0.656098 0.086667 0.048780
1 0.256667 0.624390 0.080000 0.048780
1 0.493333 0.617073 0.080000 0.048780
1 0.636667 0.595122 0.066667 0.058537
1 0.700000 0.558537 0.066667 0.043902
1 0.826667 0.465854 0.080000 0.048780
1 0.490000 0.553659 0.080000 0.048780
1 0.146667 0.558537 0.080000 0.048780
1 0.740000 0.395122 0.060000 0.053659
1 0.506667 0.402439 0.073333 0.048780
1 0.240000 0.519512 0.066667 0.048780
1 0.270000 0.480488 0.060000 0.043902
1 0.316667 0.451220 0.073333 0.039024
1 0.336667 0.424390 0.060000 0.039024
1 0.176667 0.424390 0.066667 0.039024
1 0.130000 0.451220 0.066667 0.039024
1 0.083333 0.434146 0.053333 0.039024
1 0.136667 0.380488 0.066667 0.043902
1 0.113333 0.346341 0.086667 0.039024
1 0.206667 0.317073 0.066667 0.048780
1 0.896667 0.158537 0.066667 0.058537
1 0.840000 0.197561 0.066667 0.053659
1 0.856667 0.236585 0.066667 0.043902
1 0.706667 0.219512 0.073333 0.053659
1 0.613333 0.275610 0.073333 0.048780
1 0.490000 0.309756 0.080000 0.043902
1 0.516667 0.278049 0.060000 0.034146
1 0.273333 0.282927 0.080000 0.043902
1 0.130000 0.256098 0.066667 0.058537
1 0.073333 0.263415 0.066667 0.039024
1 0.296667 0.236585 0.080000 0.048780
1 0.450000 0.234146 0.073333 0.058537
1 0.570000 0.200000 0.066667 0.053659
1 0.623333 0.104878 0.066667 0.043902
1 0.680000 0.026829 0.060000 0.034146
1 0.586667 0.017073 0.053333 0.034146
1 0.036667 0.124390 0.073333 0.043902
1 0.063333 0.156098 0.060000 0.043902
1 0.183333 0.173171 0.073333 0.053659
1 0.403333 0.160976 0.060000 0.053659
1 0.360000 0.175610 0.046667 0.053659
1 0.363333 0.053659 0.073333 0.039024
1 0.126667 0.036585 0.073333 0.043902
1 0.230000 0.036585 0.060000 0.043902
1 0.163333 0.056098 0.060000 0.039024
1 0.146667 0.117073 0.066667 0.043902
1 0.303333 0.090244 0.093333 0.039024
1 0.366667 0.107317 0.073333 0.053659
1 0.296667 0.124390 0.066667 0.043902