1 0.566667 0.995122 0.066667 0.009756
1 0.306667 0.995122 0.060000 0.009756
1 0.303333 0.970732 0.060000 0.048780
1 0.263333 0.953659 0.073333 0.053659
1 0.196667 0.995122 0.060000 0.009756
1 0.096667 0.993902 0.073333 0.012195
1 0.696667 0.729268 0.066667 0.043902
1 0.576667 0.712195 0.080000 0.053659
1 0.303333 0.680488 0.080000 0.043902
1 0.056667 0.729268 0.073333 0.043902
1 0.073333 0.687805 0.060000 0.039024
1 0.610000 0.597561 0.080000 0.053659
1 0.490000 0.590244 0.073333 0.053659
1 0.750000 0.392683 0.080000 0.048780
1 0.726667 0.421951 0.080000 0.043902
1 0.970000 0.236585 0.060000 0.039024
1 0.066667 0.539024 0.060000 0.048780
1 0.143333 0.504878 0.080000 0.043902
1 0.156667 0.434146 0.046667 0.034146
1 0.163333 0.412195 0.053333 0.043902
1 0.543333 0.468293 0.060000 0.048780
1 0.386667 0.570732 0.053333 0.039024
1 0.433333 0.521951 0.046667 0.048780
1 0.393333 0.519512 0.060000 0.048780
1 0.323333 0.495122 0.073333 0.053659
1 0.416667 0.470732 0.066667 0.043902
1 0.570000 0.404878 0.060000 0.043902
1 0.610000 0.392683 0.066667 0.043902
1 0.606667 0.353659 0.073333 0.043902
1 0.386667 0.409756 0.086667 0.048780
1 0.283333 0.375610 0.060000 0.053659
1 0.343333 0.346341 0.080000 0.043902
1 0.756667 0.207317 0.060000 0.053659
1 0.733333 0.029268 0.080000 0.043902
1 0.690000 0.141463 0.060000 0.048780
1 0.623333 0.236585 0.073333 0.063415
1 0.513333 0.265854 0.086667 0.043902
1 0.490000 0.297561 0.080000 0.043902
1 0.296667 0.295122 0.086667 0.043902
1 0.360000 0.243902 0.073333 0.053659
1 0.343333 0.178049 0.060000 0.043902
1 0.253333 0.214634 0.060000 0.043902
1 0.146667 0.265854 0.066667 0.043902
1 0.093333 0.256098 0.066667 0.043902
1 0.060000 0.275610 0.073333 0.048780
1 0.053333 0.217073 0.073333 0.053659
1 0.206667 0.180488 0.073333 0.048780
1 0.060000 0.114634 0.066667 0.043902
1 0.183333 0.080488 0.066667 0.039024
1 0.166667 0.104878 0.073333 0.043902
1 0.163333 0.029268 0.066667 0.039024
1 0.036667 0.136585 0.053333 0.043902