1 0.040000 0.980488 0.066667 0.039024
1 0.268333 0.971951 0.083333 0.046341
1 0.585000 0.958537 0.076667 0.048780
1 0.603333 0.943902 0.073333 0.048780
1 0.923333 0.860976 0.066667 0.048780
1 0.415000 0.875610 0.063333 0.048780
1 0.440000 0.841463 0.073333 0.053659
1 0.323333 0.839024 0.066667 0.048780
1 0.271667 0.718293 0.063333 0.046341
1 0.706667 0.692683 0.086667 0.053659
1 0.840000 0.673171 0.066667 0.058537
1 0.896667 0.641463 0.053333 0.048780
1 0.046667 0.619512 0.053333 0.048780
1 0.083333 0.660976 0.066667 0.058537
1 0.280000 0.629268 0.080000 0.048780
1 0.336667 0.619512 0.066667 0.048780
1 0.830000 0.507317 0.086667 0.053659
1 0.636667 0.548780 0.080000 0.048780
1 0.553333 0.526829 0.066667 0.048780
1 0.453333 0.519512 0.066667 0.048780
1 0.043333 0.543902 0.066667 0.058537
1 0.953333 0.309756 0.066667 0.068293
1 0.893333 0.302439 0.066667 0.063415
1 0.133333 0.495122 0.080000 0.048780
1 0.243333 0.504878 0.080000 0.048780
1 0.303333 0.475610 0.086667 0.053659
1 0.380000 0.441463 0.060000 0.053659
1 0.576667 0.414634 0.086667 0.053659
1 0.600000 0.346341 0.100000 0.053659
1 0.140000 0.436585 0.080000 0.053659
1 0.756667 0.221951 0.073333 0.048780
1 0.636667 0.226829 0.080000 0.053659
1 0.503333 0.263415 0.060000 0.048780
1 0.343333 0.331707 0.066667 0.048780
1 0.166667 0.353659 0.080000 0.053659
1 0.210000 0.334146 0.080000 0.048780
1 0.200000 0.309756 0.086667 0.053659
1 0.043333 0.229268 0.080000 0.048780
1 0.076667 0.263415 0.080000 0.053659
1 0.643333 0.051220 0.086667 0.048780
1 0.510000 0.117073 0.066667 0.053659
1 0.440000 0.236585 0.093333 0.053659
1 0.550000 0.024390 0.066667 0.048780
1 0.500000 0.065854 0.066667 0.048780
1 0.440000 0.114634 0.080000 0.048780
1 0.343333 0.197561 0.066667 0.048780
1 0.306667 0.182927 0.073333 0.053659
1 0.370000 0.170732 0.066667 0.048780
1 0.326667 0.102439 0.066667 0.048780
1 0.153333 0.163415 0.080000 0.048780
1 0.166667 0.195122 0.086667 0.048780
1 0.220000 0.075610 0.066667 0.043902
1 0.240000 0.139024 0.086667 0.048780
1 0.021667 0.051220 0.043333 0.048780
1 0.040000 0.065854 0.066667 0.048780
1 0.103333 0.065854 0.066667 0.048780
1 0.133333 0.041463 0.066667 0.048780
1 0.066667 0.024390 0.080000 0.048780