1 0.020000 0.976829 0.040000 0.041463
1 0.526667 0.980488 0.066667 0.039024
1 0.906667 0.863415 0.066667 0.048780
1 0.341667 0.875610 0.063333 0.043902
1 0.423333 0.834146 0.066667 0.048780
1 0.361667 0.808537 0.050000 0.041463
1 0.870000 0.750000 0.060000 0.051220
1 0.920000 0.715854 0.046667 0.041463
1 0.280000 0.729268 0.046667 0.039024
1 0.118333 0.732927 0.056667 0.056098
1 0.373333 0.673171 0.073333 0.048780
1 0.790000 0.700000 0.073333 0.048780
1 0.885000 0.495122 0.070000 0.048780
1 0.023333 0.631707 0.046667 0.039024
1 0.046667 0.580488 0.066667 0.048780
1 0.028333 0.471951 0.056667 0.046341
1 0.210000 0.552439 0.066667 0.041463
1 0.303333 0.603659 0.046667 0.036585
1 0.263333 0.507317 0.053333 0.043902
1 0.363333 0.506098 0.080000 0.051220
1 0.465000 0.506098 0.050000 0.041463
1 0.526667 0.540244 0.073333 0.046341
1 0.563333 0.506098 0.053333 0.041463
1 0.683333 0.430488 0.073333 0.046341
1 0.665000 0.364634 0.076667 0.051220
1 0.271667 0.445122 0.076667 0.041463
1 0.290000 0.419512 0.073333 0.039024
1 0.355000 0.395122 0.063333 0.048780
1 0.303333 0.379268 0.073333 0.046341
1 0.258333 0.337805 0.076667 0.051220
1 0.110000 0.284146 0.080000 0.051220
1 0.960000 0.173171 0.060000 0.053659
1 0.903333 0.218293 0.060000 0.056098
1 0.796667 0.209756 0.060000 0.043902
1 0.705000 0.174390 0.076667 0.051220
1 0.445000 0.291463 0.056667 0.041463
1 0.288333 0.310976 0.063333 0.051220
1 0.215000 0.259756 0.063333 0.046341
1 0.146667 0.226829 0.066667 0.048780
1 0.516667 0.170732 0.053333 0.048780
1 0.475000 0.248780 0.083333 0.053659
1 0.361667 0.237805 0.070000 0.051220
1 0.291667 0.224390 0.070000 0.048780
1 0.283333 0.192683 0.060000 0.039024
1 0.390000 0.190244 0.066667 0.043902
1 0.728333 0.059756 0.070000 0.051220
1 0.625000 0.095122 0.083333 0.048780
1 0.400000 0.121951 0.073333 0.048780
1 0.340000 0.090244 0.066667 0.043902
1 0.336667 0.052439 0.060000 0.041463
1 0.263333 0.129268 0.066667 0.053659
1 0.041667 0.159756 0.070000 0.051220
1 0.175000 0.090244 0.076667 0.048780
1 0.143333 0.134146 0.060000 0.039024
1 0.196667 0.136585 0.053333 0.039024
1 0.061667 0.018293 0.063333 0.036585