1 0.033333 0.802439 0.066667 0.048780
1 0.043333 0.878049 0.060000 0.053659
1 0.008333 0.943902 0.016667 0.043902
1 0.046667 0.924390 0.053333 0.043902
1 0.170000 0.797561 0.053333 0.043902
1 0.140000 0.907317 0.066667 0.048780
1 0.176667 0.904878 0.053333 0.053659
1 0.200000 0.968293 0.073333 0.053659
1 0.506667 0.975610 0.066667 0.043902
1 0.966667 0.868293 0.060000 0.039024
1 0.673333 0.741463 0.080000 0.048780
1 0.620000 0.702439 0.066667 0.048780
1 0.686667 0.648780 0.086667 0.048780
1 0.018333 0.656098 0.036667 0.039024
1 0.420000 0.621951 0.086667 0.048780
1 0.213333 0.582927 0.066667 0.048780
1 0.063333 0.551220 0.093333 0.048780
1 0.786667 0.439024 0.080000 0.048780
1 0.083333 0.460976 0.053333 0.039024
1 0.146667 0.407317 0.053333 0.034146
1 0.166667 0.463415 0.066667 0.043902
1 0.276667 0.465854 0.053333 0.058537
1 0.306667 0.500000 0.066667 0.043902
1 0.323333 0.473171 0.040000 0.039024
1 0.390000 0.482927 0.066667 0.043902
1 0.443333 0.512195 0.080000 0.043902
1 0.456667 0.424390 0.073333 0.039024
1 0.873333 0.197561 0.060000 0.043902
1 0.960000 0.270732 0.053333 0.053659
1 0.916667 0.304878 0.060000 0.053659
1 0.733333 0.300000 0.060000 0.058537
1 0.553333 0.226829 0.053333 0.039024
1 0.533333 0.292683 0.066667 0.043902
1 0.573333 0.260976 0.080000 0.043902
1 0.420000 0.358537 0.073333 0.053659
1 0.036667 0.317073 0.066667 0.048780
1 0.106667 0.351220 0.060000 0.039024
1 0.203333 0.241463 0.080000 0.043902
1 0.216667 0.280488 0.086667 0.039024
1 0.126667 0.300000 0.066667 0.043902
1 0.180000 0.343902 0.066667 0.053659
1 0.413333 0.280488 0.093333 0.043902
1 0.366667 0.234146 0.073333 0.053659
1 0.153333 0.180488 0.080000 0.048780
1 0.053333 0.131707 0.046667 0.043902
1 0.353333 0.168293 0.053333 0.043902
1 0.290000 0.131707 0.060000 0.039024
1 0.156667 0.131707 0.060000 0.039024
1 0.170000 0.095122 0.080000 0.043902
1 0.253333 0.080488 0.086667 0.048780
1 0.643333 0.109756 0.066667 0.048780
1 0.706667 0.060976 0.066667 0.048780
1 0.600000 0.060976 0.066667 0.048780
1 0.150000 0.024390 0.073333 0.048780
1 0.250000 0.012195 0.060000 0.024390
1 0.706667 0.007317 0.060000 0.014634
1 0.346667 0.051220 0.073333 0.053659
1 0.686667 0.424390 0.066667 0.048780
1 0.640000 0.487805 0.066667 0.048780
1 0.576667 0.529268 0.060000 0.058537