1 0.028333 0.939024 0.056667 0.053659
1 0.063333 0.970732 0.066667 0.053659
1 0.193333 0.924390 0.086667 0.053659
1 0.460000 0.936585 0.060000 0.053659
1 0.936667 0.858537 0.073333 0.048780
1 0.633333 0.892683 0.080000 0.063415
1 0.580000 0.873171 0.066667 0.058537
1 0.446667 0.856098 0.073333 0.058537
1 0.273333 0.770732 0.066667 0.053659
1 0.266667 0.697561 0.060000 0.048780
1 0.353333 0.631707 0.066667 0.048780
1 0.606667 0.621951 0.086667 0.053659
1 0.816667 0.575610 0.066667 0.058537
1 0.870000 0.553659 0.066667 0.053659
1 0.756667 0.560976 0.080000 0.053659
1 0.025000 0.580488 0.050000 0.048780
1 0.025000 0.614634 0.050000 0.048780
1 0.186667 0.587805 0.080000 0.048780
1 0.526667 0.548780 0.086667 0.053659
1 0.733333 0.465854 0.086667 0.053659
1 0.446667 0.531707 0.060000 0.043902
1 0.406667 0.507317 0.066667 0.058537
1 0.180000 0.504878 0.066667 0.058537
1 0.025000 0.492683 0.050000 0.058537
1 0.510000 0.370732 0.073333 0.053659
1 0.860000 0.353659 0.073333 0.063415
1 0.046667 0.424390 0.080000 0.043902
1 0.076667 0.395122 0.080000 0.043902
1 0.230000 0.400000 0.086667 0.058537
1 0.360000 0.346341 0.066667 0.048780
1 0.970000 0.390244 0.060000 0.048780
1 0.853333 0.056098 0.066667 0.048780
1 0.716667 0.226829 0.080000 0.048780
1 0.556667 0.302439 0.086667 0.053659
1 0.483333 0.260976 0.066667 0.048780
1 0.563333 0.224390 0.093333 0.048780
1 0.356667 0.285366 0.093333 0.053659
1 0.070000 0.297561 0.080000 0.048780
1 0.133333 0.265854 0.080000 0.048780
1 0.096667 0.278049 0.080000 0.039024
1 0.510000 0.107317 0.053333 0.063415
1 0.466667 0.109756 0.080000 0.048780
1 0.433333 0.034146 0.073333 0.048780
1 0.346667 0.121951 0.053333 0.048780
1 0.340000 0.158537 0.066667 0.048780
1 0.280000 0.153659 0.080000 0.039024
1 0.296667 0.129268 0.080000 0.043902
1 0.233333 0.082927 0.066667 0.048780
1 0.180000 0.134146 0.073333 0.068293
1 0.026667 0.202439 0.053333 0.048780
1 0.103333 0.170732 0.086667 0.048780
1 0.063333 0.134146 0.086667 0.043902
1 0.143333 0.046341 0.086667 0.048780
1 0.080000 0.109756 0.100000 0.053659