1 0.450000 0.996341 0.060000 0.007317
1 0.090000 0.941463 0.066667 0.048780
1 0.046667 0.890244 0.060000 0.043902
1 0.046667 0.797561 0.066667 0.043902
1 0.516667 0.897561 0.073333 0.058537
1 0.610000 0.929268 0.080000 0.048780
1 0.973333 0.887805 0.053333 0.039024
1 0.746667 0.873171 0.080000 0.053659
1 0.623333 0.804878 0.060000 0.048780
1 0.433333 0.739024 0.066667 0.058537
1 0.293333 0.717073 0.060000 0.043902
1 0.190000 0.673171 0.060000 0.048780
1 0.463333 0.668293 0.053333 0.053659
1 0.356667 0.609756 0.053333 0.043902
1 0.968333 0.619512 0.063333 0.048780
1 0.996667 0.582927 0.006667 0.048780
1 0.056667 0.592683 0.053333 0.048780
1 0.453333 0.604878 0.086667 0.058537
1 0.516667 0.485366 0.073333 0.053659
1 0.971667 0.453659 0.056667 0.063415
1 0.053333 0.536585 0.066667 0.039024
1 0.080000 0.495122 0.073333 0.043902
1 0.050000 0.429268 0.066667 0.053659
1 0.410000 0.446341 0.060000 0.048780
1 0.373333 0.380488 0.060000 0.048780
1 0.610000 0.380488 0.066667 0.053659
1 0.486667 0.331707 0.053333 0.048780
1 0.800000 0.456098 0.060000 0.063415
1 0.853333 0.448780 0.066667 0.048780
1 0.866667 0.482927 0.060000 0.043902
1 0.880000 0.258537 0.066667 0.048780
1 0.800000 0.290244 0.060000 0.043902
1 0.970000 0.112195 0.046667 0.048780
1 0.190000 0.314634 0.086667 0.043902
1 0.196667 0.273171 0.086667 0.039024
1 0.203333 0.241463 0.086667 0.043902
1 0.046667 0.351220 0.046667 0.063415
1 0.663333 0.256098 0.086667 0.048780
1 0.683333 0.129268 0.066667 0.053659
1 0.493333 0.243902 0.066667 0.053659
1 0.533333 0.241463 0.066667 0.053659
1 0.573333 0.041463 0.066667 0.043902
1 0.530000 0.082927 0.060000 0.048780
1 0.543333 0.134146 0.060000 0.043902
1 0.520000 0.163415 0.053333 0.053659
1 0.073333 0.253659 0.080000 0.048780
1 0.043333 0.217073 0.060000 0.034146
1 0.070000 0.078049 0.073333 0.048780
1 0.066667 0.117073 0.073333 0.039024
1 0.193333 0.100000 0.080000 0.048780
1 0.300000 0.195122 0.073333 0.039024
1 0.360000 0.209756 0.073333 0.043902
1 0.380000 0.180488 0.053333 0.043902
1 0.326667 0.180488 0.053333 0.048780
1 0.373333 0.126829 0.073333 0.048780
1 0.426667 0.102439 0.073333 0.043902
1 0.286667 0.114634 0.060000 0.053659
1 0.403333 0.043902 0.073333 0.048780
1 0.346667 0.068293 0.093333 0.043902
1 0.330000 0.036585 0.060000 0.034146