1 0.928333 0.976829 0.070000 0.046341
1 0.816667 0.908537 0.073333 0.051220
1 0.356667 0.967073 0.053333 0.041463
1 0.250000 0.951220 0.073333 0.048780
1 0.173333 0.915854 0.080000 0.046341
1 0.168333 0.890244 0.070000 0.053659
1 0.093333 0.753659 0.073333 0.063415
1 0.285000 0.754878 0.050000 0.036585
1 0.386667 0.776829 0.066667 0.051220
1 0.346667 0.718293 0.053333 0.041463
1 0.073333 0.647561 0.040000 0.031707
1 0.061667 0.603659 0.070000 0.056098
1 0.115000 0.636585 0.070000 0.048780
1 0.463333 0.656098 0.066667 0.053659
1 0.556667 0.707317 0.073333 0.048780
1 0.596667 0.667073 0.066667 0.056098
1 0.535000 0.615854 0.076667 0.051220
1 0.583333 0.548780 0.073333 0.048780
1 0.501667 0.497561 0.070000 0.048780
1 0.825000 0.460976 0.070000 0.053659
1 0.113333 0.470732 0.073333 0.048780
1 0.136667 0.414634 0.073333 0.048780
1 0.213333 0.450000 0.066667 0.056098
1 0.195000 0.390244 0.056667 0.048780
1 0.280000 0.400000 0.073333 0.053659
1 0.268333 0.440244 0.070000 0.051220
1 0.365000 0.441463 0.070000 0.048780
1 0.390000 0.470732 0.066667 0.043902
1 0.480000 0.453659 0.060000 0.043902
1 0.651667 0.403659 0.090000 0.051220
1 0.406667 0.360976 0.066667 0.048780
1 0.550000 0.369512 0.073333 0.051220
1 0.498333 0.331707 0.070000 0.058537
1 0.573333 0.304878 0.066667 0.048780
1 0.180000 0.274390 0.073333 0.051220
1 0.338333 0.267073 0.070000 0.056098
1 0.216667 0.241463 0.060000 0.048780
1 0.476667 0.207317 0.080000 0.048780
1 0.738333 0.243902 0.070000 0.053659
1 0.795000 0.219512 0.070000 0.053659
1 0.896667 0.159756 0.060000 0.046341
1 0.885000 0.100000 0.070000 0.048780
1 0.801667 0.080488 0.090000 0.048780
1 0.443333 0.148780 0.073333 0.048780
1 0.056667 0.091463 0.073333 0.051220
1 0.106667 0.136585 0.073333 0.048780
1 0.313333 0.139024 0.106667 0.048780
1 0.363333 0.115854 0.073333 0.041463
1 0.345000 0.075610 0.056667 0.039024
1 0.175000 0.020732 0.063333 0.041463
1 0.298333 0.041463 0.076667 0.048780
1 0.421667 0.020732 0.056667 0.041463
1 0.650000 0.023171 0.060000 0.041463