1 0.976667 0.885366 0.046667 0.039024
1 0.563333 0.982927 0.073333 0.034146
1 0.290000 0.978049 0.073333 0.043902
1 0.053333 0.973171 0.060000 0.039024
1 0.303333 0.907317 0.060000 0.048780
1 0.031667 0.887805 0.063333 0.039024
1 0.686667 0.702439 0.080000 0.043902
1 0.043333 0.724390 0.073333 0.053659
1 0.170000 0.660976 0.080000 0.048780
1 0.008333 0.651220 0.016667 0.043902
1 0.063333 0.641463 0.053333 0.039024
1 0.033333 0.585366 0.060000 0.039024
1 0.476667 0.631707 0.073333 0.053659
1 0.440000 0.604878 0.060000 0.048780
1 0.393333 0.573171 0.066667 0.043902
1 0.323333 0.551220 0.073333 0.068293
1 0.570000 0.521951 0.073333 0.058537
1 0.040000 0.424390 0.073333 0.048780
1 0.066667 0.456098 0.060000 0.043902
1 0.386667 0.492683 0.066667 0.043902
1 0.326667 0.443902 0.073333 0.048780
1 0.403333 0.460976 0.066667 0.048780
1 0.623333 0.424390 0.073333 0.053659
1 0.473333 0.387805 0.066667 0.048780
1 0.123333 0.343902 0.060000 0.058537
1 0.300000 0.356098 0.093333 0.048780
1 0.960000 0.182927 0.066667 0.048780
1 0.626667 0.339024 0.080000 0.048780
1 0.610000 0.302439 0.066667 0.053659
1 0.466667 0.331707 0.073333 0.043902
1 0.486667 0.309756 0.073333 0.039024
1 0.733333 0.236585 0.066667 0.048780
1 0.663333 0.114634 0.066667 0.048780
1 0.553333 0.018293 0.073333 0.036585
1 0.410000 0.263415 0.080000 0.043902
1 0.410000 0.221951 0.086667 0.043902
1 0.350000 0.197561 0.066667 0.048780
1 0.236667 0.290244 0.060000 0.048780
1 0.160000 0.295122 0.066667 0.043902
1 0.166667 0.251220 0.080000 0.043902
1 0.223333 0.226829 0.066667 0.043902
1 0.163333 0.195122 0.060000 0.048780
1 0.266667 0.148780 0.066667 0.048780
1 0.021667 0.207317 0.043333 0.039024
1 0.010000 0.165854 0.020000 0.029268
1 0.015000 0.136585 0.030000 0.043902
1 0.056667 0.026829 0.086667 0.034146
1 0.153333 0.009756 0.073333 0.019512
1 0.025000 0.048780 0.050000 0.034146