1 0.080000 0.190244 0.093333 0.053659
1 0.131667 0.119512 0.076667 0.043902
1 0.245000 0.126829 0.076667 0.053659
1 0.010000 0.268293 0.020000 0.048780
1 0.031667 0.302439 0.063333 0.048780
1 0.178333 0.217073 0.076667 0.039024
1 0.170000 0.252439 0.093333 0.041463
1 0.141667 0.282927 0.076667 0.039024
1 0.275000 0.301220 0.076667 0.046341
1 0.175000 0.358537 0.076667 0.048780
1 0.015000 0.419512 0.030000 0.048780
1 0.143333 0.404878 0.066667 0.048780
1 0.325000 0.359756 0.076667 0.046341
1 0.430000 0.342683 0.080000 0.046341
1 0.193333 0.412195 0.066667 0.048780
1 0.263333 0.436585 0.066667 0.048780
1 0.306667 0.458537 0.060000 0.043902
1 0.100000 0.464634 0.093333 0.046341
1 0.228333 0.497561 0.056667 0.048780
1 0.066667 0.598780 0.073333 0.041463
1 0.050000 0.624390 0.073333 0.039024
1 0.071667 0.656098 0.070000 0.048780
1 0.163333 0.613415 0.080000 0.046341
1 0.235000 0.639024 0.070000 0.048780
1 0.023333 0.943902 0.046667 0.048780
1 0.036667 0.887805 0.066667 0.048780
1 0.073333 0.947561 0.073333 0.051220
1 0.093333 0.858537 0.066667 0.048780
1 0.156667 0.804878 0.053333 0.048780
1 0.250000 0.775610 0.066667 0.043902
1 0.343333 0.700000 0.066667 0.048780
1 0.363333 0.787805 0.066667 0.048780
1 0.338333 0.926829 0.063333 0.048780
1 0.491667 0.978049 0.083333 0.043902
1 0.588333 0.970732 0.056667 0.048780
1 0.605000 0.904878 0.056667 0.048780
1 0.690000 0.902439 0.060000 0.048780
1 0.770000 0.935366 0.066667 0.056098
1 0.961667 0.674390 0.050000 0.041463
1 0.403333 0.629268 0.060000 0.048780
1 0.436667 0.517073 0.066667 0.048780
1 0.455000 0.574390 0.076667 0.051220
1 0.585000 0.490244 0.076667 0.048780
1 0.620000 0.553659 0.060000 0.048780
1 0.723333 0.536585 0.073333 0.048780
1 0.790000 0.568293 0.073333 0.048780
1 0.765000 0.603659 0.063333 0.046341
1 0.795000 0.296341 0.070000 0.051220
1 0.878333 0.314634 0.076667 0.048780
1 0.386667 0.147561 0.066667 0.041463
1 0.895000 0.148780 0.083333 0.053659
1 0.725000 0.193902 0.083333 0.051220
1 0.546667 0.169512 0.060000 0.041463
1 0.565000 0.153659 0.056667 0.043902
1 0.598333 0.132927 0.056667 0.041463
1 0.616667 0.182927 0.086667 0.048780
1 0.325000 0.095122 0.056667 0.043902
1 0.351667 0.071951 0.056667 0.036585
1 0.396667 0.053659 0.066667 0.048780
1 0.438333 0.041463 0.056667 0.048780
1 0.480000 0.107317 0.073333 0.053659
1 0.576667 0.051220 0.060000 0.039024
1 0.575000 0.024390 0.056667 0.039024
1 0.623333 0.026829 0.066667 0.048780
1 0.793333 0.124390 0.060000 0.043902
1 0.891667 0.019512 0.056667 0.039024
1 0.966667 0.092683 0.053333 0.043902