1 0.008333 0.921951 0.016667 0.039024
1 0.063333 0.912195 0.053333 0.048780
1 0.106667 0.946341 0.060000 0.034146
1 0.263333 0.936585 0.066667 0.058537
1 0.730000 0.948780 0.073333 0.053659
1 0.500000 0.960976 0.066667 0.053659
1 0.956667 0.873171 0.053333 0.043902
1 0.975000 0.797561 0.050000 0.053659
1 0.820000 0.812195 0.080000 0.048780
1 0.203333 0.843902 0.053333 0.058537
1 0.226667 0.834146 0.046667 0.053659
1 0.021667 0.760976 0.043333 0.043902
1 0.130000 0.778049 0.073333 0.043902
1 0.143333 0.751220 0.046667 0.053659
1 0.110000 0.714634 0.066667 0.053659
1 0.283333 0.670732 0.073333 0.048780
1 0.630000 0.690244 0.060000 0.043902
1 0.750000 0.607317 0.073333 0.043902
1 0.750000 0.660976 0.073333 0.048780
1 0.670000 0.651220 0.060000 0.063415
1 0.543333 0.631707 0.080000 0.048780
1 0.543333 0.580488 0.080000 0.048780
1 0.183333 0.560976 0.080000 0.039024
1 0.183333 0.539024 0.080000 0.034146
1 0.256667 0.521951 0.066667 0.053659
1 0.896667 0.473171 0.080000 0.048780
1 0.083333 0.424390 0.080000 0.043902
1 0.560000 0.385366 0.073333 0.053659
1 0.833333 0.265854 0.060000 0.039024
1 0.753333 0.346341 0.060000 0.053659
1 0.190000 0.446341 0.060000 0.039024
1 0.246667 0.434146 0.066667 0.048780
1 0.343333 0.409756 0.066667 0.048780
1 0.123333 0.400000 0.073333 0.043902
1 0.140000 0.360976 0.073333 0.048780
1 0.060000 0.265854 0.066667 0.043902
1 0.246667 0.319512 0.073333 0.053659
1 0.316667 0.275610 0.073333 0.048780
1 0.646667 0.300000 0.073333 0.048780
1 0.546667 0.287805 0.073333 0.048780
1 0.496667 0.280488 0.053333 0.053659
1 0.863333 0.092683 0.073333 0.058537
1 0.783333 0.146341 0.073333 0.058537
1 0.653333 0.165854 0.073333 0.058537
1 0.570000 0.175610 0.073333 0.048780
1 0.616667 0.112195 0.066667 0.043902
1 0.660000 0.039024 0.066667 0.048780
1 0.590000 0.020732 0.066667 0.041463
1 0.476667 0.043902 0.073333 0.043902
1 0.420000 0.119512 0.066667 0.053659
1 0.453333 0.197561 0.073333 0.053659
1 0.330000 0.217073 0.073333 0.053659
1 0.123333 0.217073 0.073333 0.053659
1 0.196667 0.197561 0.080000 0.053659
1 0.066667 0.158537 0.053333 0.043902
1 0.293333 0.163415 0.060000 0.053659
1 0.363333 0.173171 0.053333 0.053659
1 0.360000 0.124390 0.060000 0.048780
1 0.340000 0.078049 0.060000 0.043902
1 0.296667 0.104878 0.060000 0.039024
1 0.283333 0.056098 0.040000 0.034146
1 0.206667 0.070732 0.053333 0.039024
1 0.166667 0.068293 0.066667 0.039024
1 0.123333 0.104878 0.053333 0.034146
1 0.076667 0.124390 0.073333 0.039024
1 0.060000 0.097561 0.080000 0.034146
1 0.093333 0.053659 0.066667 0.048780