0 0.016975 0.361111 0.018519 0.138889
0 0.013889 0.569444 0.018519 0.166667
0 0.040123 0.416667 0.018519 0.138889
0 0.021605 0.652778 0.018519 0.138889
0 0.024691 0.722222 0.018519 0.111111
0 0.040123 0.833333 0.030864 0.166667
0 0.067901 0.597222 0.021605 0.138889
0 0.064815 0.458333 0.018519 0.166667
0 0.078704 0.347222 0.021605 0.138889
0 0.101852 0.402778 0.021605 0.138889
0 0.134259 0.541667 0.021605 0.138889
0 0.185185 0.763889 0.024691 0.138889
0 0.212963 0.819444 0.024691 0.138889
0 0.225309 0.875000 0.015432 0.138889
0 0.216049 0.763889 0.018519 0.166667
0 0.229938 0.652778 0.018519 0.111111
0 0.240741 0.763889 0.021605 0.111111
0 0.257716 0.847222 0.024691 0.166667
0 0.273148 0.861111 0.018519 0.111111
0 0.262346 0.736111 0.018519 0.138889
0 0.250000 0.694444 0.018519 0.222222
0 0.240741 0.555556 0.021605 0.138889
0 0.225309 0.444444 0.021605 0.138889
0 0.237654 0.375000 0.021605 0.138889
0 0.268519 0.347222 0.021605 0.111111
0 0.265432 0.444444 0.018519 0.138889
0 0.271605 0.583333 0.021605 0.166667
0 0.283951 0.694444 0.021605 0.138889
0 0.294753 0.805556 0.021605 0.138889
0 0.313272 0.708333 0.018519 0.111111
0 0.307099 0.652778 0.018519 0.138889
0 0.293210 0.625000 0.018519 0.166667
0 0.310185 0.541667 0.018519 0.111111
0 0.294753 0.555556 0.012346 0.166667
0 0.308642 0.486111 0.018519 0.111111
0 0.327160 0.500000 0.018519 0.138889
0 0.324074 0.555556 0.018519 0.111111
0 0.342593 0.625000 0.018519 0.138889
0 0.361111 0.583333 0.021605 0.111111
0 0.351852 0.763889 0.021605 0.111111
0 0.358025 0.861111 0.021605 0.111111
0 0.373457 0.819444 0.021605 0.111111
0 0.344136 0.458333 0.018519 0.138889
0 0.351852 0.388889 0.018519 0.166667
0 0.370370 0.361111 0.018519 0.111111
0 0.328704 0.388889 0.018519 0.166667
0 0.319444 0.333333 0.018519 0.111111
0 0.316358 0.444444 0.015432 0.138889
0 0.481481 0.875000 0.021605 0.111111
0 0.498457 0.847222 0.018519 0.111111
0 0.509259 0.777778 0.012346 0.194444
0 0.532407 0.791667 0.015432 0.194444
0 0.555556 0.652778 0.021605 0.138889
0 0.558642 0.777778 0.018519 0.138889
0 0.515432 0.444444 0.021605 0.138889
0 0.524691 0.361111 0.021605 0.138889
0 0.563272 0.388889 0.024691 0.138889
0 0.608025 0.694444 0.021605 0.138889
0 0.603395 0.888889 0.021605 0.138889
0 0.652778 0.722222 0.021605 0.138889
0 0.677469 0.680556 0.021605 0.138889
0 0.712963 0.486111 0.021605 0.138889
0 0.720679 0.375000 0.024691 0.138889
0 0.782407 0.402778 0.024691 0.138889
0 0.785494 0.875000 0.015432 0.194444
0 0.820988 0.458333 0.024691 0.166667
0 0.850309 0.388889 0.021605 0.138889
0 0.837963 0.500000 0.021605 0.138889
0 0.825617 0.611111 0.021605 0.138889
0 0.830247 0.819444 0.015432 0.194444
0 0.825617 0.902778 0.021605 0.111111
0 0.861111 0.888889 0.021605 0.138889
0 0.853395 0.652778 0.024691 0.138889
0 0.967593 0.388889 0.021605 0.111111
0 0.993056 0.388889 0.013889 0.138889