0 0.012346 0.388889 0.018519 0.138889
0 0.379630 0.847222 0.018519 0.138889
0 0.408951 0.361111 0.015432 0.138889
0 0.699074 0.888889 0.021605 0.138889
0 0.777778 0.750000 0.018519 0.138889
0 0.905864 0.875000 0.021605 0.138889
0 0.871914 0.680556 0.024691 0.222222
0 0.833333 0.486111 0.024691 0.138889
0 0.882716 0.388889 0.015432 0.138889
0 0.939815 0.555556 0.021605 0.194444
0 0.938272 0.625000 0.024691 0.138889
0 0.930556 0.375000 0.024691 0.111111
0 0.953704 0.388889 0.021605 0.138889
0 0.993827 0.430556 0.012346 0.194444
0 0.993827 0.750000 0.012346 0.166667
0 0.961420 0.500000 0.018519 0.166667