3 0.033195 0.022436 0.020747 0.025641
3 0.062241 0.032051 0.020747 0.019231
3 0.025934 0.036058 0.020747 0.024038
3 0.059647 0.068910 0.028008 0.025641
3 0.046162 0.132212 0.023859 0.024038
3 0.019710 0.193109 0.029046 0.027244
3 0.054461 0.177083 0.028008 0.027244
3 0.050830 0.191506 0.020747 0.027244
3 0.037344 0.206731 0.026971 0.025641
3 0.016079 0.233173 0.023859 0.027244
3 0.030083 0.245994 0.020747 0.024038
3 0.043568 0.217949 0.020747 0.022436
3 0.058091 0.262821 0.024896 0.025641
3 0.049793 0.282853 0.020747 0.027244
3 0.059129 0.274840 0.020747 0.024038
3 0.067946 0.284455 0.025934 0.024038
3 0.058091 0.308494 0.020747 0.024038
3 0.050830 0.316506 0.020747 0.024038
3 0.038382 0.322115 0.020747 0.022436
3 0.030083 0.330929 0.020747 0.024038
3 0.016598 0.343750 0.022822 0.024038
3 0.024896 0.358173 0.020747 0.024038
3 0.004668 0.253205 0.009336 0.022436
3 0.014523 0.432692 0.020747 0.025641
3 0.030602 0.439904 0.023859 0.027244
3 0.061203 0.411859 0.020747 0.025641
3 0.037863 0.427083 0.023859 0.027244
3 0.074689 0.413462 0.022822 0.025641
3 0.005705 0.467949 0.011411 0.025641
3 0.013485 0.467949 0.022822 0.025641
3 0.031120 0.472756 0.022822 0.025641
3 0.031639 0.495994 0.023859 0.030449
3 0.041494 0.468750 0.020747 0.024038
3 0.049793 0.490385 0.020747 0.032051
3 0.056017 0.517628 0.020747 0.028846
3 0.065871 0.532853 0.023859 0.030449
3 0.018672 0.549679 0.022822 0.025641
3 0.014523 0.565705 0.026971 0.025641
3 0.036826 0.577724 0.025934 0.033654
3 0.072614 0.564904 0.026971 0.027244
3 0.071577 0.595353 0.026971 0.030449
3 0.017116 0.641827 0.023859 0.027244
3 0.005705 0.661859 0.011411 0.032051
3 0.056535 0.637019 0.025934 0.027244
3 0.016079 0.690705 0.028008 0.025641
3 0.023340 0.715545 0.025934 0.030449
3 0.037344 0.694712 0.024896 0.027244
3 0.047718 0.699519 0.020747 0.027244
3 0.071577 0.674679 0.026971 0.025641
3 0.045643 0.741186 0.026971 0.030449
3 0.038900 0.768429 0.023859 0.027244
3 0.015560 0.828526 0.029046 0.025641
3 0.012967 0.879808 0.025934 0.025641
3 0.017116 0.912660 0.028008 0.027244
3 0.065353 0.967949 0.029046 0.028846
3 0.072614 0.892628 0.031120 0.025641
3 0.072095 0.875000 0.025934 0.028846
3 0.076245 0.887821 0.025934 0.022436
3 0.132261 0.979968 0.028008 0.033654
3 0.130705 0.935897 0.024896 0.022436
3 0.136411 0.927083 0.032158 0.024038
3 0.202282 0.961538 0.029046 0.038462
3 0.195539 0.919071 0.032158 0.030449
3 0.260373 0.980769 0.035270 0.032051
3 0.279564 0.950321 0.032158 0.028846
3 0.240664 0.945513 0.029046 0.032051
3 0.274378 0.911859 0.030083 0.025641
3 0.254668 0.926282 0.028008 0.025641
3 0.249481 0.933494 0.028008 0.024038
3 0.216286 0.850160 0.028008 0.030449
3 0.178942 0.846955 0.034232 0.024038
3 0.175830 0.855769 0.023859 0.025641
3 0.123963 0.838141 0.023859 0.025641
3 0.101660 0.834135 0.026971 0.027244
3 0.134336 0.822115 0.025934 0.028846
3 0.064315 0.827724 0.024896 0.027244
3 0.061203 0.815705 0.026971 0.028846
3 0.050311 0.794071 0.025934 0.030449
3 0.103734 0.791667 0.024896 0.028846
3 0.103734 0.784455 0.033195 0.027244
3 0.072614 0.786058 0.020747 0.027244
3 0.062241 0.765224 0.024896 0.020833
3 0.079357 0.744391 0.030083 0.027244
3 0.092842 0.720353 0.030083 0.024038
3 0.084025 0.715545 0.026971 0.024038
3 0.115664 0.751603 0.025934 0.028846
3 0.131743 0.741987 0.026971 0.028846
3 0.123444 0.730769 0.026971 0.028846
3 0.167012 0.759615 0.026971 0.025641
3 0.168050 0.745994 0.029046 0.024038
3 0.172718 0.721955 0.030083 0.027244
3 0.205394 0.757212 0.029046 0.027244
3 0.099066 0.641026 0.028008 0.025641
3 0.094917 0.624199 0.028008 0.024038
3 0.125519 0.606571 0.033195 0.024038
3 0.223548 0.740385 0.025934 0.028846
3 0.203320 0.708333 0.031120 0.025641
3 0.194502 0.691506 0.030083 0.030449
3 0.177905 0.651442 0.028008 0.024038
3 0.171162 0.647436 0.026971 0.028846
3 0.177386 0.633814 0.024896 0.030449
3 0.151452 0.626603 0.024896 0.032051
3 0.203838 0.662660 0.025934 0.030449
3 0.217324 0.637019 0.028008 0.024038
3 0.211618 0.629808 0.024896 0.025641
3 0.183091 0.605769 0.025934 0.028846
3 0.172199 0.595353 0.020747 0.027244
3 0.159751 0.588942 0.020747 0.030449
3 0.180498 0.581731 0.020747 0.025641
3 0.188797 0.570513 0.020747 0.028846
3 0.128631 0.548077 0.024896 0.028846
3 0.165456 0.535256 0.025934 0.028846
3 0.141079 0.525641 0.026971 0.028846
3 0.098548 0.511218 0.026971 0.025641
3 0.096992 0.480769 0.032158 0.028846
3 0.084025 0.447115 0.029046 0.025641
3 0.119813 0.408654 0.025934 0.025641
3 0.107884 0.398237 0.026971 0.024038
3 0.145228 0.488782 0.026971 0.025641
3 0.159232 0.471154 0.030083 0.025641
3 0.135373 0.458333 0.028008 0.025641
3 0.139004 0.430288 0.020747 0.024038
3 0.156639 0.420673 0.022822 0.033654
3 0.142116 0.415865 0.029046 0.024038
3 0.150415 0.394231 0.022822 0.025641
3 0.157676 0.386218 0.020747 0.022436
3 0.125519 0.391827 0.020747 0.017628
3 0.093361 0.360577 0.020747 0.032051
3 0.089212 0.349359 0.022822 0.025641
3 0.099585 0.334936 0.020747 0.022436
3 0.136929 0.333333 0.018672 0.028846
3 0.171162 0.347756 0.020747 0.028846
3 0.183610 0.335737 0.024896 0.030449
3 0.144191 0.311699 0.026971 0.020833
3 0.116701 0.303686 0.025934 0.024038
3 0.123444 0.300481 0.020747 0.027244
3 0.145228 0.286058 0.020747 0.024038
3 0.179979 0.299679 0.023859 0.025641
3 0.108921 0.257212 0.020747 0.030449
3 0.095436 0.248397 0.020747 0.025641
3 0.144191 0.262821 0.020747 0.022436
3 0.168050 0.249199 0.026971 0.024038
3 0.138485 0.243590 0.021784 0.025641
3 0.094398 0.227564 0.020747 0.028846
3 0.078838 0.204327 0.020747 0.017628
3 0.076763 0.205128 0.020747 0.032051
3 0.106846 0.182692 0.020747 0.025641
3 0.099585 0.171474 0.020747 0.025641
3 0.116183 0.169071 0.024896 0.024038
3 0.157676 0.225962 0.024896 0.022436
3 0.164938 0.208333 0.024896 0.028846
3 0.181535 0.179487 0.024896 0.025641
3 0.164419 0.165865 0.025934 0.027244
3 0.139523 0.134615 0.023859 0.022436
3 0.120332 0.092949 0.024896 0.025641
3 0.142116 0.081731 0.020747 0.032051
3 0.130705 0.068109 0.020747 0.024038
3 0.164938 0.038462 0.020747 0.022436
3 0.195539 0.064103 0.021784 0.025641
3 0.172199 0.112179 0.020747 0.025641
3 0.177905 0.120192 0.025934 0.025641
3 0.205913 0.161859 0.023859 0.025641
3 0.202282 0.201923 0.020747 0.032051
3 0.228216 0.193910 0.024896 0.025641
3 0.212656 0.216346 0.020747 0.022436
3 0.228216 0.006410 0.029046 0.012821
3 0.285788 0.005609 0.023859 0.011218
3 0.230290 0.112179 0.020747 0.022436
3 0.230290 0.127404 0.020747 0.020833
3 0.235477 0.147436 0.020747 0.028846
3 0.259855 0.161859 0.025934 0.022436
3 0.267635 0.143429 0.024896 0.020833
3 0.271784 0.125801 0.026971 0.024038
3 0.282676 0.064904 0.023859 0.027244
3 0.289419 0.067308 0.022822 0.025641
3 0.294087 0.084135 0.025934 0.024038
3 0.295643 0.108173 0.018672 0.030449
3 0.333506 0.030449 0.023859 0.025641
3 0.366183 0.009615 0.020747 0.019231
3 0.372407 0.006410 0.020747 0.012821
3 0.350622 0.049679 0.020747 0.025641
3 0.331432 0.072917 0.025934 0.020833
3 0.347510 0.088942 0.022822 0.024038
3 0.351660 0.104167 0.020747 0.028846
3 0.330394 0.142628 0.023859 0.025641
3 0.272822 0.201122 0.022822 0.027244
3 0.254668 0.219551 0.023859 0.025641
3 0.309647 0.200321 0.023859 0.025641
3 0.221992 0.240385 0.020747 0.025641
3 0.212656 0.250801 0.020747 0.024038
3 0.204876 0.266827 0.023859 0.024038
3 0.210581 0.278045 0.020747 0.027244
3 0.209544 0.312500 0.022822 0.028846
3 0.241701 0.245192 0.020747 0.025641
3 0.250000 0.251603 0.022822 0.025641
3 0.269710 0.249199 0.024896 0.027244
3 0.247407 0.281250 0.025934 0.027244
3 0.255187 0.293269 0.022822 0.025641
3 0.260373 0.304487 0.020747 0.025641
3 0.243776 0.324519 0.024896 0.020833
3 0.247407 0.343750 0.025934 0.024038
3 0.272822 0.339744 0.022822 0.022436
3 0.295643 0.233173 0.022822 0.027244
3 0.294606 0.241186 0.020747 0.024038
3 0.307054 0.247596 0.022822 0.027244
3 0.315353 0.260417 0.022822 0.033654
3 0.325726 0.220353 0.020747 0.020833
3 0.330913 0.228365 0.024896 0.024038
3 0.345954 0.240385 0.021784 0.032051
3 0.288382 0.293269 0.020747 0.028846
3 0.312759 0.290064 0.025934 0.022436
3 0.307054 0.322115 0.024896 0.028846
3 0.280602 0.366186 0.021784 0.027244
3 0.296162 0.362981 0.023859 0.027244
3 0.300830 0.380609 0.020747 0.027244
3 0.313278 0.406250 0.024896 0.024038
3 0.281120 0.397436 0.022822 0.028846
3 0.261411 0.393429 0.022822 0.024038
3 0.243776 0.385417 0.024896 0.024038
3 0.221473 0.395032 0.025934 0.027244
3 0.201245 0.402244 0.020747 0.028846
3 0.193983 0.429487 0.020747 0.028846
3 0.230809 0.404647 0.023859 0.027244
3 0.232365 0.411859 0.024896 0.025641
3 0.248963 0.419872 0.022822 0.028846
3 0.214730 0.438301 0.024896 0.024038
3 0.214730 0.453526 0.024896 0.028846
3 0.220436 0.460737 0.023859 0.027244
3 0.252075 0.441506 0.024896 0.024038
3 0.255705 0.459135 0.025934 0.027244
3 0.285270 0.441506 0.026971 0.027244
3 0.298755 0.455929 0.024896 0.024038
3 0.302386 0.472756 0.025934 0.028846
3 0.314834 0.447917 0.023859 0.024038
3 0.320539 0.437500 0.020747 0.032051
3 0.334025 0.439103 0.020747 0.028846
3 0.351141 0.444712 0.023859 0.027244
3 0.357365 0.460737 0.030083 0.024038
3 0.342324 0.487981 0.026971 0.027244
3 0.188278 0.490385 0.028008 0.028846
3 0.202282 0.504808 0.029046 0.032051
3 0.238589 0.510417 0.029046 0.027244
3 0.215249 0.546474 0.028008 0.028846
3 0.244813 0.524038 0.024896 0.025641
3 0.240145 0.565705 0.023859 0.025641
3 0.255187 0.560096 0.024896 0.024038
3 0.282676 0.532051 0.028008 0.028846
3 0.280602 0.557692 0.023859 0.028846
3 0.257780 0.586538 0.030083 0.025641
3 0.279564 0.572917 0.025934 0.024038
3 0.283714 0.596955 0.023859 0.027244
3 0.267635 0.618590 0.022822 0.028846
3 0.279564 0.625801 0.025934 0.027244
3 0.230290 0.638622 0.020747 0.030449
3 0.239108 0.636218 0.025934 0.025641
3 0.244295 0.685096 0.028008 0.024038
3 0.238071 0.702724 0.025934 0.027244
3 0.254149 0.763622 0.024896 0.027244
3 0.259855 0.722756 0.025934 0.028846
3 0.268672 0.679487 0.026971 0.028846
3 0.292012 0.723558 0.030083 0.020833
3 0.298755 0.742788 0.022822 0.027244
3 0.311722 0.762019 0.025934 0.027244
3 0.322614 0.764423 0.026971 0.028846
3 0.333506 0.816506 0.030083 0.027244
3 0.312241 0.860577 0.020747 0.032051
3 0.325726 0.846955 0.020747 0.024038
3 0.328838 0.865385 0.020747 0.028846
3 0.325726 0.877404 0.031120 0.027244
3 0.336618 0.919872 0.028008 0.025641
3 0.340249 0.935096 0.033195 0.027244
3 0.369813 0.894231 0.032158 0.032051
3 0.344917 0.915064 0.028008 0.022436
3 0.396266 0.983974 0.026971 0.028846
3 0.414938 0.934295 0.029046 0.032051
3 0.366701 0.834936 0.030083 0.028846
3 0.521266 0.968750 0.034232 0.030449
3 0.569502 0.986378 0.031120 0.027244
3 0.558091 0.938301 0.031120 0.027244
3 0.676867 0.950321 0.032158 0.028846
3 0.701763 0.928686 0.028008 0.030449
3 0.483402 0.935096 0.029046 0.030449
3 0.446058 0.908654 0.029046 0.032051
3 0.864627 0.939904 0.030083 0.030449
3 0.928423 0.939103 0.031120 0.028846
3 0.805498 0.899038 0.036307 0.025641
3 0.838693 0.875000 0.036307 0.028846
3 0.891598 0.860577 0.032158 0.028846
3 0.928423 0.862179 0.031120 0.028846
3 0.939315 0.794872 0.034232 0.028846
3 0.906639 0.769231 0.035270 0.028846
3 0.777490 0.828526 0.036307 0.025641
3 0.741183 0.833333 0.032158 0.032051
3 0.681017 0.870192 0.032158 0.025641
3 0.685166 0.845353 0.028008 0.027244
3 0.639523 0.858173 0.032158 0.027244
3 0.628631 0.902244 0.031120 0.028846
3 0.602178 0.900641 0.032158 0.032051
3 0.501037 0.884615 0.033195 0.028846
3 0.444502 0.869391 0.032158 0.027244
3 0.424793 0.854167 0.030083 0.025641
3 0.409232 0.853365 0.034232 0.027244
3 0.413900 0.812500 0.024896 0.032051
3 0.484959 0.824519 0.025934 0.027244
3 0.520747 0.802083 0.031120 0.027244
3 0.609440 0.805288 0.028008 0.030449
3 0.618776 0.778045 0.025934 0.027244
3 0.582469 0.771635 0.032158 0.024038
3 0.525415 0.773237 0.023859 0.030449
3 0.524896 0.759615 0.026971 0.028846
3 0.677386 0.759615 0.029046 0.022436
3 0.665456 0.770032 0.028008 0.024038
3 0.358402 0.787660 0.028008 0.027244
3 0.356328 0.757212 0.028008 0.024038
3 0.368257 0.733974 0.024896 0.028846
3 0.338174 0.721154 0.026971 0.025641
3 0.320539 0.706731 0.022822 0.032051
3 0.452282 0.746795 0.020747 0.032051
3 0.429461 0.740385 0.029046 0.028846
3 0.413382 0.744391 0.030083 0.030449
3 0.480290 0.709936 0.026971 0.028846
3 0.471992 0.715545 0.020747 0.020833
3 0.492739 0.726763 0.026971 0.027244
3 0.520228 0.709936 0.025934 0.025641
3 0.531120 0.705929 0.020747 0.030449
3 0.338174 0.674679 0.020747 0.025641
3 0.355290 0.674679 0.025934 0.032051
3 0.367739 0.649038 0.028008 0.022436
3 0.331432 0.638622 0.023859 0.030449
3 0.306017 0.613782 0.022822 0.022436
3 0.400415 0.652244 0.024896 0.028846
3 0.392116 0.645833 0.022822 0.025641
3 0.401452 0.636218 0.020747 0.025641
3 0.396266 0.625801 0.020747 0.024038
3 0.331432 0.603365 0.025934 0.027244
3 0.307054 0.589744 0.024896 0.028846
3 0.351660 0.591346 0.024896 0.022436
3 0.308610 0.528045 0.028008 0.024038
3 0.324170 0.542468 0.023859 0.027244
3 0.377593 0.587340 0.029046 0.027244
3 0.363589 0.573718 0.025934 0.025641
3 0.350104 0.545673 0.028008 0.024038
3 0.351141 0.529647 0.025934 0.027244
3 0.382261 0.538462 0.028008 0.028846
3 0.370851 0.524840 0.023859 0.027244
3 0.381743 0.490385 0.020747 0.028846
3 0.420124 0.521635 0.029046 0.020833
3 0.391079 0.579327 0.020747 0.024038
3 0.401452 0.565705 0.020747 0.028846
3 0.407676 0.580929 0.020747 0.024038
3 0.424274 0.559295 0.020747 0.022436
3 0.418050 0.591346 0.029046 0.028846
3 0.431535 0.596955 0.020747 0.030449
3 0.448133 0.571314 0.024896 0.024038
3 0.451245 0.561699 0.020747 0.027244
3 0.460062 0.592147 0.028008 0.027244
3 0.458506 0.614583 0.020747 0.024038
3 0.467324 0.626603 0.028008 0.028846
3 0.486515 0.644231 0.020747 0.032051
3 0.525415 0.649840 0.028008 0.027244
3 0.504668 0.641827 0.023859 0.027244
3 0.508299 0.625000 0.020747 0.022436
3 0.512448 0.610577 0.026971 0.022436
3 0.494295 0.612179 0.025934 0.028846
3 0.495332 0.585737 0.025934 0.024038
3 0.509855 0.582532 0.028008 0.027244
3 0.558091 0.667468 0.024896 0.030449
3 0.618776 0.706731 0.030083 0.028846
3 0.605809 0.681090 0.029046 0.032051
3 0.589730 0.677083 0.032158 0.027244
3 0.594917 0.647436 0.030083 0.028846
3 0.572095 0.641827 0.028008 0.024038
3 0.553942 0.630609 0.029046 0.030449
3 0.627593 0.657051 0.020747 0.028846
3 0.624481 0.637019 0.024896 0.027244
3 0.698133 0.738782 0.026971 0.028846
3 0.798755 0.754808 0.029046 0.028846
3 0.775934 0.748397 0.026971 0.028846
3 0.793050 0.718750 0.028008 0.030449
3 0.751037 0.713141 0.029046 0.032051
3 0.725104 0.696314 0.024896 0.030449
3 0.677386 0.690705 0.026971 0.028846
3 0.676867 0.646635 0.032158 0.024038
3 0.691909 0.629808 0.031120 0.028846
3 0.720954 0.649038 0.020747 0.032051
3 0.758299 0.653846 0.029046 0.028846
3 0.791494 0.669872 0.029046 0.032051
3 0.852178 0.686699 0.028008 0.027244
3 0.890560 0.691506 0.030083 0.027244
3 0.931535 0.693109 0.033195 0.027244
3 0.943983 0.697917 0.033195 0.027244
3 0.905083 0.642628 0.028008 0.028846
3 0.838174 0.676282 0.029046 0.032051
3 0.822614 0.652244 0.024896 0.028846
3 0.806535 0.630609 0.032158 0.027244
3 0.877075 0.622596 0.028008 0.024038
3 0.966286 0.639423 0.032158 0.028846
3 0.915975 0.603365 0.031120 0.024038
3 0.961100 0.620994 0.030083 0.020833
3 0.961100 0.614583 0.030083 0.020833
3 0.726660 0.625000 0.028008 0.022436
3 0.730290 0.618590 0.020747 0.028846
3 0.750000 0.605769 0.020747 0.028846
3 0.779046 0.599359 0.026971 0.035256
3 0.789938 0.574519 0.025934 0.024038
3 0.800830 0.570513 0.024896 0.022436
3 0.859440 0.572115 0.032158 0.019231
3 0.828838 0.563301 0.031120 0.024038
3 0.806017 0.567308 0.020747 0.044872
3 0.761929 0.551282 0.032158 0.028846
3 0.718361 0.569712 0.025934 0.024038
3 0.707988 0.584135 0.028008 0.027244
3 0.677905 0.580128 0.028008 0.032051
3 0.639523 0.600160 0.032158 0.027244
3 0.632780 0.588141 0.020747 0.028846
3 0.596473 0.592949 0.020747 0.028846
3 0.587137 0.598558 0.020747 0.027244
3 0.575207 0.575321 0.025934 0.028846
3 0.561203 0.581731 0.026971 0.025641
3 0.547718 0.571314 0.026971 0.024038
3 0.526971 0.566506 0.026971 0.027244
3 0.548237 0.547276 0.028008 0.024038
3 0.518672 0.541667 0.020747 0.025641
3 0.472510 0.541667 0.023859 0.025641
3 0.543568 0.525641 0.024896 0.025641
3 0.412863 0.479968 0.020747 0.024038
3 0.401452 0.485577 0.020747 0.028846
3 0.418568 0.458333 0.025934 0.022436
3 0.401452 0.455128 0.020747 0.025641
3 0.381743 0.443910 0.026971 0.025641
3 0.386411 0.419071 0.030083 0.027244
3 0.369295 0.412660 0.024896 0.024038
3 0.971992 0.548077 0.029046 0.032051
3 0.983402 0.485577 0.026971 0.028846
3 0.991701 0.487179 0.016598 0.019231
3 0.991183 0.466346 0.017635 0.025641
3 0.923237 0.527244 0.020747 0.032051
3 0.859440 0.546474 0.030083 0.022436
3 0.835062 0.536859 0.022822 0.022436
3 0.854253 0.525641 0.028008 0.028846
3 0.882261 0.526442 0.030083 0.030449
3 0.824170 0.517628 0.030083 0.028846
3 0.794087 0.513622 0.028008 0.030449
3 0.917012 0.514423 0.026971 0.025641
3 0.927905 0.505609 0.032158 0.024038
3 0.930498 0.482372 0.022822 0.028846
3 0.910788 0.479968 0.029046 0.027244
3 0.924274 0.464744 0.020747 0.032051
3 0.863071 0.481571 0.020747 0.024038
3 0.947095 0.433494 0.026971 0.027244
3 0.953838 0.408654 0.028008 0.025641
3 0.988589 0.407051 0.022822 0.025641
3 0.987552 0.390224 0.024896 0.024038
3 0.975622 0.393429 0.028008 0.030449
3 0.947614 0.355769 0.025934 0.028846
3 0.990664 0.298878 0.018672 0.024038
3 0.990145 0.271635 0.019710 0.024038
3 0.945021 0.314103 0.022822 0.025641
3 0.938797 0.295673 0.020747 0.020833
3 0.960062 0.273237 0.025934 0.024038
3 0.958506 0.262821 0.031120 0.025641
3 0.978216 0.236378 0.026971 0.024038
3 0.954876 0.245994 0.023859 0.024038
3 0.971992 0.219551 0.022822 0.025641
3 0.965768 0.201923 0.018672 0.028846
3 0.974585 0.171474 0.023859 0.022436
3 0.983402 0.159455 0.020747 0.030449
3 0.975104 0.125801 0.020747 0.030449
3 0.963174 0.137019 0.023859 0.024038
3 0.945021 0.137821 0.020747 0.025641
3 0.967324 0.101763 0.023859 0.024038
3 0.985477 0.073718 0.020747 0.032051
3 0.990145 0.012019 0.019710 0.024038
3 0.922718 0.050481 0.017635 0.024038
3 0.938797 0.012019 0.020747 0.024038
3 0.927386 0.007212 0.020747 0.014423
3 0.845436 0.014423 0.020747 0.025641
3 0.824170 0.012019 0.019710 0.024038
3 0.843361 0.048077 0.020747 0.025641
3 0.834025 0.054487 0.020747 0.028846
3 0.876556 0.118590 0.020747 0.025641
3 0.897303 0.149840 0.024896 0.027244
3 0.902490 0.158654 0.020747 0.022436
3 0.786307 0.045673 0.020747 0.027244
3 0.756224 0.028045 0.020747 0.027244
3 0.711618 0.011218 0.020747 0.022436
3 0.620851 0.020833 0.023859 0.028846
3 0.573651 0.005609 0.020747 0.011218
3 0.558091 0.007212 0.020747 0.014423
3 0.562241 0.012821 0.016598 0.016026
3 0.457469 0.014423 0.022822 0.022436
3 0.411826 0.028045 0.020747 0.024038
3 0.399378 0.057692 0.020747 0.025641
3 0.422718 0.051282 0.023859 0.022436
3 0.485996 0.024840 0.025934 0.024038
3 0.500519 0.020833 0.015560 0.022436
3 0.498963 0.045673 0.018672 0.024038
3 0.470954 0.057692 0.020747 0.025641
3 0.483402 0.073718 0.020747 0.028846
3 0.497925 0.083333 0.020747 0.022436
3 0.514523 0.092949 0.020747 0.032051
3 0.525934 0.108173 0.020747 0.027244
3 0.513485 0.085737 0.020747 0.020833
3 0.517635 0.092949 0.020747 0.025641
3 0.575726 0.093750 0.020747 0.027244
3 0.599585 0.079327 0.016598 0.024038
3 0.605809 0.067308 0.016598 0.022436
3 0.629668 0.066506 0.020747 0.030449
3 0.654564 0.064103 0.020747 0.028846
3 0.686722 0.046474 0.022822 0.022436
3 0.689834 0.074519 0.022822 0.027244
3 0.724066 0.053686 0.024896 0.027244
3 0.775934 0.070513 0.026971 0.022436
3 0.793050 0.096154 0.023859 0.025641
3 0.732365 0.099359 0.020747 0.025641
3 0.691909 0.105769 0.026971 0.025641
3 0.666494 0.137821 0.028008 0.028846
3 0.628631 0.137019 0.026971 0.027244
3 0.601660 0.137019 0.026971 0.024038
3 0.591286 0.148237 0.026971 0.027244
3 0.549793 0.147436 0.024896 0.025641
3 0.550311 0.186699 0.028008 0.027244
3 0.489627 0.164263 0.020747 0.027244
3 0.415975 0.092147 0.020747 0.024038
3 0.423237 0.104968 0.029046 0.027244
3 0.405083 0.125000 0.025934 0.025641
3 0.393154 0.137821 0.026971 0.025641
3 0.432573 0.146635 0.020747 0.024038
3 0.403527 0.165064 0.020747 0.025641
3 0.375519 0.169071 0.026971 0.024038
3 0.365664 0.189904 0.017635 0.024038
3 0.384855 0.200321 0.020747 0.022436
3 0.377593 0.214744 0.024896 0.025641
3 0.384855 0.225962 0.029046 0.025641
3 0.369813 0.245192 0.028008 0.025641
3 0.375519 0.241186 0.020747 0.020833
3 0.378631 0.255609 0.026971 0.024038
3 0.382780 0.275641 0.029046 0.022436
3 0.366183 0.309295 0.024896 0.025641
3 0.355290 0.319712 0.025934 0.027244
3 0.331950 0.326923 0.020747 0.025641
3 0.340768 0.342147 0.025934 0.027244
3 0.334544 0.363782 0.023859 0.028846
3 0.359959 0.356571 0.024896 0.030449
3 0.382261 0.350962 0.028008 0.028846
3 0.377075 0.368590 0.023859 0.025641
3 0.393154 0.346955 0.020747 0.030449
3 0.386929 0.375000 0.020747 0.022436
3 0.400415 0.378205 0.020747 0.032051
3 0.407676 0.402244 0.020747 0.028846
3 0.422199 0.396635 0.020747 0.030449
3 0.427386 0.339744 0.020747 0.025641
3 0.453320 0.330128 0.020747 0.028846
3 0.421162 0.292468 0.026971 0.027244
3 0.428423 0.278045 0.020747 0.024038
3 0.407158 0.263622 0.025934 0.027244
3 0.421162 0.246795 0.024896 0.025641
3 0.424793 0.225160 0.028008 0.027244
3 0.415975 0.213942 0.020747 0.024038
3 0.445021 0.222756 0.026971 0.025641
3 0.468880 0.188301 0.024896 0.024038
3 0.462656 0.197917 0.020747 0.020833
3 0.473029 0.217147 0.026971 0.027244
3 0.480809 0.197115 0.021784 0.025641
3 0.491183 0.183494 0.028008 0.024038
3 0.513485 0.221154 0.020747 0.032051
3 0.462656 0.245192 0.020747 0.022436
3 0.456432 0.252404 0.020747 0.017628
3 0.456432 0.240385 0.020747 0.019231
3 0.455394 0.298077 0.020747 0.032051
3 0.484440 0.303686 0.026971 0.027244
3 0.482884 0.323718 0.028008 0.025641
3 0.453838 0.375801 0.025934 0.024038
3 0.446058 0.383013 0.020747 0.019231
3 0.452282 0.400641 0.020747 0.028846
3 0.440871 0.420673 0.024896 0.024038
3 0.448133 0.417468 0.020747 0.024038
3 0.446058 0.435897 0.029046 0.028846
3 0.458506 0.467147 0.026971 0.027244
3 0.467324 0.505609 0.025934 0.024038
3 0.476141 0.504006 0.020747 0.020833
3 0.485477 0.506410 0.020747 0.032051
3 0.467324 0.488782 0.028008 0.028846
3 0.488071 0.471154 0.028008 0.025641
3 0.469917 0.444712 0.020747 0.024038
3 0.468880 0.424679 0.020747 0.022436
3 0.480290 0.419872 0.020747 0.028846
3 0.529564 0.497596 0.023859 0.027244
3 0.518672 0.467147 0.029046 0.024038
3 0.509855 0.420673 0.028008 0.024038
3 0.539419 0.430288 0.031120 0.030449
3 0.546680 0.434295 0.020747 0.025641
3 0.565353 0.483974 0.026971 0.028846
3 0.564315 0.470353 0.026971 0.024038
3 0.573133 0.450321 0.028008 0.025641
3 0.600104 0.477564 0.028008 0.022436
3 0.584025 0.500000 0.020747 0.032051
3 0.576245 0.528045 0.028008 0.027244
3 0.602178 0.525641 0.030083 0.028846
3 0.580394 0.536859 0.030083 0.025641
3 0.610996 0.558494 0.026971 0.027244
3 0.634855 0.561699 0.029046 0.027244
3 0.648340 0.541667 0.026971 0.022436
3 0.639004 0.535256 0.024896 0.025641
3 0.668568 0.523237 0.025934 0.027244
3 0.693983 0.532051 0.029046 0.032051
3 0.728734 0.495192 0.023859 0.028846
3 0.756224 0.484776 0.020747 0.027244
3 0.752075 0.471154 0.020747 0.025641
3 0.739627 0.473558 0.020747 0.024038
3 0.736515 0.455929 0.029046 0.027244
3 0.718361 0.468750 0.030083 0.030449
3 0.659751 0.490385 0.029046 0.028846
3 0.626556 0.499199 0.024896 0.027244
3 0.617220 0.490385 0.029046 0.028846
3 0.669087 0.471154 0.026971 0.025641
3 0.691909 0.463141 0.026971 0.025641
3 0.682573 0.457532 0.031120 0.027244
3 0.694502 0.450321 0.028008 0.028846
3 0.725104 0.427885 0.031120 0.025641
3 0.651452 0.456731 0.029046 0.025641
3 0.662863 0.433494 0.026971 0.024038
3 0.627593 0.439103 0.029046 0.022436
3 0.596473 0.419071 0.026971 0.024038
3 0.581950 0.422276 0.026971 0.020833
3 0.565871 0.418269 0.030083 0.028846
3 0.587656 0.400641 0.030083 0.025641
3 0.487033 0.382212 0.028008 0.027244
3 0.473029 0.375801 0.020747 0.027244
3 0.520747 0.418269 0.020747 0.028846
3 0.540975 0.395032 0.030083 0.024038
3 0.549793 0.379808 0.029046 0.022436
3 0.515041 0.383814 0.028008 0.024038
3 0.518154 0.370994 0.023859 0.027244
3 0.550830 0.363782 0.026971 0.025641
3 0.545643 0.361378 0.037344 0.030449
3 0.558091 0.346955 0.026971 0.027244
3 0.500000 0.354167 0.020747 0.025641
3 0.518672 0.327724 0.020747 0.027244
3 0.518672 0.304487 0.026971 0.025641
3 0.514523 0.288462 0.026971 0.025641
3 0.517635 0.265224 0.026971 0.027244
3 0.493776 0.261218 0.024896 0.028846
3 0.547199 0.236378 0.028008 0.024038
3 0.564315 0.224359 0.020747 0.025641
3 0.584025 0.208333 0.020747 0.022436
3 0.620332 0.193109 0.029046 0.024038
3 0.648340 0.196314 0.020747 0.020833
3 0.656639 0.195513 0.020747 0.022436
3 0.673237 0.194712 0.020747 0.027244
3 0.669087 0.210737 0.020747 0.027244
3 0.699170 0.148237 0.020747 0.030449
3 0.721992 0.175481 0.020747 0.030449
3 0.778008 0.132212 0.020747 0.020833
3 0.764523 0.138622 0.020747 0.027244
3 0.758299 0.150641 0.020747 0.025641
3 0.753631 0.171474 0.028008 0.025641
3 0.786307 0.159455 0.020747 0.020833
3 0.845436 0.147436 0.020747 0.025641
3 0.801867 0.182692 0.020747 0.032051
3 0.796680 0.175481 0.020747 0.027244
3 0.826245 0.170673 0.025934 0.020833
3 0.779046 0.201122 0.026971 0.024038
3 0.788382 0.217949 0.022822 0.025641
3 0.806017 0.223558 0.020747 0.024038
3 0.825726 0.232372 0.020747 0.025641
3 0.834025 0.240385 0.020747 0.025641
3 0.846992 0.224359 0.023859 0.025641
3 0.862033 0.226763 0.018672 0.024038
3 0.894710 0.222756 0.023859 0.028846
3 0.912863 0.206731 0.020747 0.028846
3 0.913900 0.235577 0.020747 0.028846
3 0.933610 0.216346 0.026971 0.025641
3 0.939315 0.226763 0.021784 0.027244
3 0.930498 0.301282 0.026971 0.028846
3 0.921162 0.334135 0.020747 0.027244
3 0.915456 0.362179 0.028008 0.025641
3 0.897303 0.444712 0.024896 0.030449
3 0.872407 0.455128 0.026971 0.028846
3 0.893672 0.419071 0.025934 0.030449
3 0.888485 0.399840 0.023859 0.030449
3 0.873444 0.403045 0.024896 0.024038
3 0.855290 0.445513 0.028008 0.032051
3 0.831950 0.483974 0.033195 0.032051
3 0.825207 0.474359 0.025934 0.032051
3 0.817427 0.467147 0.020747 0.027244
3 0.782158 0.461538 0.020747 0.032051
3 0.789419 0.463141 0.022822 0.028846
3 0.784751 0.435897 0.025934 0.032051
3 0.852697 0.418269 0.029046 0.028846
3 0.859959 0.394231 0.020747 0.025641
3 0.858402 0.387019 0.030083 0.030449
3 0.854772 0.358974 0.026971 0.028846
3 0.869295 0.330929 0.026971 0.024038
3 0.875519 0.325321 0.020747 0.022436
3 0.878112 0.314103 0.028008 0.025641
3 0.886929 0.290865 0.026971 0.024038
3 0.893154 0.267628 0.020747 0.025641
3 0.892635 0.254006 0.030083 0.024038
3 0.874481 0.250000 0.020747 0.022436
3 0.853734 0.252404 0.022822 0.024038
3 0.857884 0.273237 0.026971 0.027244
3 0.842324 0.263622 0.020747 0.024038
3 0.834025 0.270032 0.020747 0.020833
3 0.850622 0.304487 0.020747 0.028846
3 0.837137 0.319712 0.026971 0.027244
3 0.835062 0.303686 0.029046 0.024038
3 0.816909 0.312500 0.025934 0.025641
3 0.820539 0.293269 0.024896 0.028846
3 0.816390 0.376603 0.029046 0.025641
3 0.802386 0.398237 0.028008 0.027244
3 0.785788 0.391026 0.028008 0.028846
3 0.753631 0.387821 0.025934 0.032051
3 0.724066 0.386218 0.026971 0.025641
3 0.746369 0.370192 0.025934 0.025641
3 0.742739 0.365385 0.026971 0.025641
3 0.787863 0.327724 0.028008 0.027244
3 0.778527 0.308494 0.023859 0.024038
3 0.791494 0.277244 0.026971 0.025641
3 0.788382 0.268429 0.026971 0.024038
3 0.751037 0.299679 0.020747 0.025641
3 0.756224 0.280449 0.024896 0.025641
3 0.737033 0.328526 0.023859 0.028846
3 0.703838 0.362981 0.028008 0.027244
3 0.716286 0.334936 0.028008 0.022436
3 0.697614 0.330929 0.025934 0.027244
3 0.667531 0.358974 0.028008 0.028846
3 0.662863 0.334135 0.022822 0.030449
3 0.679979 0.306090 0.017635 0.028846
3 0.671680 0.292468 0.023859 0.030449
3 0.721992 0.273237 0.022822 0.027244
3 0.711618 0.267628 0.029046 0.032051
3 0.725104 0.226763 0.020747 0.024038
3 0.726660 0.211538 0.021784 0.028846
3 0.695021 0.221154 0.020747 0.028846
3 0.621888 0.227564 0.021784 0.025641
3 0.642116 0.218750 0.020747 0.024038
3 0.650415 0.233173 0.026971 0.027244
3 0.596473 0.233173 0.020747 0.020833
3 0.591286 0.240385 0.020747 0.019231
3 0.585062 0.243590 0.020747 0.019231
3 0.575726 0.250000 0.020747 0.025641
3 0.557573 0.258013 0.025934 0.032051
3 0.549793 0.286058 0.020747 0.024038
3 0.552905 0.302885 0.026971 0.028846
3 0.585581 0.335737 0.023859 0.024038
3 0.592324 0.349359 0.026971 0.025641
3 0.602697 0.372596 0.026971 0.024038
3 0.622407 0.402244 0.022822 0.025641
3 0.644191 0.403045 0.026971 0.027244
3 0.644191 0.390224 0.024896 0.027244
3 0.635373 0.366987 0.028008 0.028846
3 0.649378 0.352564 0.026971 0.028846
3 0.607884 0.321314 0.022822 0.024038
3 0.594917 0.315705 0.025934 0.019231
3 0.595436 0.305288 0.022822 0.027244
3 0.600622 0.309295 0.024896 0.022436
3 0.612033 0.260417 0.020747 0.027244
3 0.620332 0.245994 0.020747 0.020833
3 0.640041 0.258013 0.024896 0.022436
3 0.641598 0.267628 0.025934 0.022436
3 0.633817 0.275641 0.026971 0.022436