0 0.043333 0.987805 0.066667 0.048780
0 0.096667 0.998780 0.073333 0.056098
0 0.551667 1.001220 0.076667 0.046341
0 0.620000 0.985366 0.066667 0.048780
0 0.638333 0.957317 0.050000 0.046341
0 0.715000 0.921951 0.056667 0.043902
0 0.828333 0.995122 0.070000 0.058537
0 0.351667 0.930488 0.056667 0.046341
0 0.085000 0.901220 0.063333 0.056098
0 0.135000 0.889024 0.056667 0.051220
0 0.198333 0.843902 0.050000 0.048780
0 0.306667 0.821951 0.066667 0.048780
0 0.410000 0.770732 0.066667 0.048780
0 0.990000 0.702439 0.053333 0.039024
0 0.845000 0.623171 0.076667 0.051220
0 0.370000 0.714634 0.066667 0.048780
0 0.271667 0.684146 0.056667 0.041463
0 0.106667 0.678049 0.066667 0.048780
0 0.136667 0.658537 0.066667 0.048780
0 0.236667 0.631707 0.066667 0.048780
0 0.460000 0.629268 0.066667 0.048780
0 0.500000 0.619512 0.066667 0.048780
0 0.660000 0.557317 0.060000 0.041463
0 0.765000 0.531707 0.063333 0.048780
0 0.821667 0.642683 0.063333 0.046341
0 0.266667 0.551220 0.046667 0.048780
0 0.463333 0.546341 0.066667 0.048780
0 0.633333 0.517073 0.066667 0.048780
0 0.046667 0.424390 0.066667 0.048780
0 0.161667 0.495122 0.083333 0.053659
0 0.326667 0.512195 0.060000 0.048780
0 0.170000 0.423171 0.060000 0.046341
0 0.218333 0.440244 0.050000 0.046341
0 0.273333 0.462195 0.066667 0.046341
0 0.060000 0.336585 0.066667 0.048780
0 0.190000 0.359756 0.073333 0.046341
0 0.376667 0.379268 0.073333 0.046341
0 0.513333 0.365854 0.080000 0.048780
0 0.946667 0.336585 0.086667 0.048780
0 0.848333 0.309756 0.070000 0.048780
0 0.310000 0.317073 0.066667 0.048780
0 0.148333 0.223171 0.096667 0.056098
0 0.226667 0.253659 0.080000 0.039024
0 0.236667 0.286585 0.100000 0.041463
0 0.235000 0.318293 0.083333 0.041463
0 0.158333 0.163415 0.056667 0.048780
0 0.270000 0.167073 0.080000 0.051220
0 0.436667 0.182927 0.060000 0.048780
0 0.765000 0.218293 0.090000 0.051220
0 0.355000 0.119512 0.063333 0.048780
0 0.371667 0.090244 0.050000 0.034146
0 0.441667 0.095122 0.063333 0.048780
0 0.486667 0.087805 0.060000 0.048780
0 0.521667 0.135366 0.056667 0.041463
0 0.340000 0.032927 0.066667 0.041463
0 0.593333 0.054878 0.066667 0.036585
0 0.593333 0.078049 0.066667 0.039024
0 0.656667 0.048780 0.066667 0.043902
0 0.633333 0.139024 0.066667 0.048780
0 0.596667 0.168293 0.066667 0.048780
0 0.593333 0.200000 0.066667 0.048780
0 0.656667 0.197561 0.066667 0.053659
0 0.835000 0.141463 0.076667 0.043902
0 0.933333 0.179268 0.073333 0.051220
0 0.943333 0.056098 0.066667 0.048780