0 0.116667 0.217073 0.093333 0.053659
0 0.168333 0.146341 0.076667 0.043902
0 0.281667 0.153659 0.076667 0.053659
0 0.035000 0.295122 0.043333 0.048780
0 0.066667 0.329268 0.066667 0.048780
0 0.215000 0.243902 0.076667 0.039024
0 0.206667 0.279268 0.093333 0.041463
0 0.178333 0.309756 0.076667 0.039024
0 0.311667 0.328049 0.076667 0.046341
0 0.211667 0.385366 0.076667 0.048780
0 0.043333 0.446341 0.046667 0.048780
0 0.180000 0.431707 0.066667 0.048780
0 0.361667 0.386585 0.076667 0.046341
0 0.466667 0.369512 0.080000 0.046341
0 0.230000 0.439024 0.066667 0.048780
0 0.300000 0.463415 0.066667 0.048780
0 0.343333 0.485366 0.060000 0.043902
0 0.136667 0.491463 0.093333 0.046341
0 0.265000 0.524390 0.056667 0.048780
0 0.103333 0.625610 0.073333 0.041463
0 0.086667 0.651220 0.073333 0.039024
0 0.108333 0.682927 0.070000 0.048780
0 0.200000 0.640244 0.080000 0.046341
0 0.271667 0.665854 0.070000 0.048780
0 0.050000 0.970732 0.066667 0.048780
0 0.073333 0.914634 0.066667 0.048780
0 0.110000 0.974390 0.073333 0.051220
0 0.130000 0.885366 0.066667 0.048780
0 0.193333 0.831707 0.053333 0.048780
0 0.286667 0.802439 0.066667 0.043902
0 0.380000 0.726829 0.066667 0.048780
0 0.400000 0.814634 0.066667 0.048780
0 0.375000 0.953659 0.063333 0.048780
0 0.528333 1.008537 0.083333 0.051220
0 0.625000 0.997561 0.056667 0.048780
0 0.641667 0.931707 0.056667 0.048780
0 0.726667 0.929268 0.060000 0.048780
0 0.806667 0.962195 0.066667 0.056098
0 0.998333 0.701220 0.050000 0.041463
0 0.440000 0.656098 0.060000 0.048780
0 0.473333 0.543902 0.066667 0.048780
0 0.491667 0.601220 0.076667 0.051220
0 0.621667 0.517073 0.076667 0.048780
0 0.656667 0.580488 0.060000 0.048780
0 0.760000 0.563415 0.073333 0.048780
0 0.826667 0.595122 0.073333 0.048780
0 0.801667 0.630488 0.063333 0.046341
0 0.831667 0.323171 0.070000 0.051220
0 0.915000 0.341463 0.076667 0.048780
0 0.423333 0.174390 0.066667 0.041463
0 0.931667 0.175610 0.083333 0.053659
0 0.761667 0.220732 0.083333 0.051220
0 0.583333 0.196341 0.060000 0.041463
0 0.601667 0.180488 0.056667 0.043902
0 0.635000 0.159756 0.056667 0.041463
0 0.653333 0.209756 0.086667 0.048780
0 0.361667 0.121951 0.056667 0.043902
0 0.388333 0.098780 0.056667 0.036585
0 0.433333 0.080488 0.066667 0.048780
0 0.475000 0.068293 0.056667 0.048780
0 0.516667 0.134146 0.073333 0.053659
0 0.613333 0.078049 0.060000 0.039024
0 0.611667 0.051220 0.056667 0.039024
0 0.660000 0.053659 0.066667 0.048780
0 0.830000 0.151220 0.060000 0.043902
0 0.928333 0.042683 0.056667 0.046341
0 1.003333 0.119512 0.053333 0.043902