0 0.983333 0.434146 0.066667 0.058537
0 1.000000 0.692683 0.060000 0.063415
0 0.993333 0.895122 0.093333 0.048780
0 0.843333 0.929268 0.080000 0.043902
0 0.546667 0.953659 0.066667 0.053659
0 0.080000 0.921951 0.060000 0.043902
0 0.266667 0.885366 0.073333 0.039024
0 0.423333 0.775610 0.080000 0.043902
0 0.853333 0.756098 0.080000 0.048780
0 0.886667 0.668293 0.066667 0.048780
0 0.056667 0.809756 0.073333 0.043902
0 0.303333 0.839024 0.073333 0.053659
0 0.220000 0.812195 0.073333 0.043902
0 0.216667 0.831707 0.053333 0.034146
0 0.693333 0.748780 0.060000 0.048780
0 0.733333 0.739024 0.053333 0.048780
0 0.733333 0.673171 0.080000 0.043902
0 0.690000 0.595122 0.073333 0.048780
0 0.153333 0.751220 0.080000 0.053659
0 0.163333 0.656098 0.073333 0.058537
0 0.253333 0.582927 0.080000 0.039024
0 0.263333 0.602439 0.073333 0.034146
0 0.100000 0.568293 0.080000 0.048780
0 0.276667 0.502439 0.060000 0.043902
0 0.406667 0.414634 0.073333 0.048780
0 0.100000 0.470732 0.073333 0.048780
0 0.100000 0.407317 0.060000 0.043902
0 0.806667 0.280488 0.053333 0.039024
0 0.773333 0.309756 0.053333 0.039024
0 0.723333 0.329268 0.073333 0.043902
0 0.163333 0.353659 0.066667 0.048780
0 0.246667 0.341463 0.080000 0.043902
0 0.633333 0.314634 0.066667 0.048780
0 0.650000 0.251220 0.066667 0.048780
0 0.540000 0.285366 0.066667 0.048780
0 0.463333 0.297561 0.080000 0.053659
0 0.373333 0.292683 0.066667 0.053659
0 0.253333 0.263415 0.080000 0.048780
0 0.673333 0.063415 0.073333 0.043902
0 0.580000 0.043902 0.073333 0.043902
0 0.646667 0.109756 0.053333 0.048780
0 0.583333 0.107317 0.066667 0.043902
0 0.610000 0.131707 0.066667 0.039024
0 0.433333 0.097561 0.066667 0.043902
0 0.300000 0.063415 0.053333 0.043902
0 0.550000 0.175610 0.073333 0.039024
0 0.373333 0.121951 0.053333 0.053659
0 0.426667 0.168293 0.080000 0.048780
0 0.520000 0.226829 0.073333 0.048780
0 0.396667 0.207317 0.073333 0.048780
0 0.340000 0.180488 0.060000 0.053659
0 0.120000 0.231707 0.053333 0.048780
0 0.170000 0.175610 0.060000 0.048780
0 0.180000 0.136585 0.060000 0.043902
0 0.136667 0.136585 0.053333 0.048780
0 0.166667 0.085366 0.066667 0.048780
0 0.076667 0.053659 0.066667 0.043902
0 0.086667 0.095122 0.060000 0.043902
0 0.060000 0.187805 0.066667 0.048780
0 0.093333 0.214634 0.060000 0.043902