0 0.046667 0.904878 0.060000 0.043902
0 0.085000 0.951220 0.076667 0.048780
0 0.181667 0.970732 0.070000 0.053659
0 0.128333 0.901220 0.070000 0.046341
0 0.123333 0.851220 0.060000 0.048780
0 0.368333 0.934146 0.063333 0.053659
0 0.393333 0.986585 0.060000 0.041463
0 0.441667 1.012195 0.076667 0.048780
0 0.760000 0.941463 0.066667 0.048780
0 0.741667 0.850000 0.070000 0.060976
0 0.595000 0.826829 0.050000 0.048780
0 0.213333 0.787805 0.053333 0.039024
0 0.400000 0.748780 0.066667 0.043902
0 0.220000 0.746341 0.073333 0.048780
0 0.411667 0.709756 0.056667 0.043902
0 0.110000 0.681707 0.066667 0.041463
0 0.050000 0.646341 0.066667 0.048780
0 0.043333 0.575610 0.060000 0.048780
0 0.115000 0.536585 0.070000 0.048780
0 0.203333 0.587805 0.066667 0.048780
0 0.631667 0.660976 0.056667 0.048780
0 0.680000 0.634146 0.073333 0.048780
0 0.720000 0.600000 0.066667 0.043902
0 0.783333 0.536585 0.073333 0.043902
0 0.873333 0.401220 0.073333 0.056098
0 0.446667 0.548780 0.066667 0.048780
0 0.500000 0.543902 0.066667 0.048780
0 0.570000 0.512195 0.066667 0.048780
0 0.736667 0.360976 0.073333 0.048780
0 0.235000 0.463415 0.070000 0.048780
0 0.258333 0.480488 0.050000 0.048780
0 0.370000 0.482927 0.066667 0.048780
0 0.378333 0.439024 0.056667 0.043902
0 0.225000 0.424390 0.056667 0.048780
0 0.273333 0.448780 0.066667 0.048780
0 0.293333 0.382927 0.073333 0.063415
0 0.601667 0.269512 0.076667 0.056098
0 0.621667 0.212195 0.070000 0.048780
0 0.118333 0.317073 0.083333 0.048780
0 0.060000 0.309756 0.066667 0.048780
0 0.116667 0.256098 0.066667 0.048780
0 0.080000 0.246341 0.066667 0.048780
0 0.163333 0.214634 0.066667 0.048780
0 0.193333 0.100000 0.066667 0.048780
0 0.295000 0.107317 0.070000 0.048780
0 0.386667 0.192683 0.066667 0.048780
0 0.546667 0.195122 0.066667 0.048780
0 0.768333 0.212195 0.063333 0.048780
0 0.361667 0.158537 0.050000 0.048780
0 0.368333 0.129268 0.050000 0.048780
0 0.376667 0.103659 0.040000 0.036585
0 0.441667 0.129268 0.076667 0.048780
0 0.430000 0.039024 0.066667 0.048780
0 0.666667 0.073171 0.066667 0.048780
0 0.673333 0.039024 0.066667 0.048780
0 0.835000 0.178049 0.050000 0.048780
0 0.876667 0.148780 0.073333 0.048780
0 0.933333 0.180488 0.066667 0.048780
0 0.981667 0.125610 0.063333 0.046341