0 1.003333 0.946341 0.060000 0.043902
0 0.706667 1.007317 0.080000 0.048780
0 1.023333 0.729268 0.060000 0.048780
0 0.066667 0.953659 0.053333 0.048780
0 0.030000 0.865854 0.040000 0.068293
0 0.293333 0.846341 0.060000 0.048780
0 0.453333 0.812195 0.073333 0.068293
0 0.753333 0.758537 0.086667 0.043902
0 0.173333 0.800000 0.053333 0.043902
0 0.146667 0.763415 0.053333 0.039024
0 0.093333 0.717073 0.066667 0.043902
0 0.473333 0.721951 0.066667 0.063415
0 0.616667 0.624390 0.066667 0.058537
0 0.603333 0.575610 0.066667 0.063415
0 0.450000 0.617073 0.086667 0.048780
0 0.046667 0.660976 0.053333 0.039024
0 0.046667 0.585366 0.053333 0.043902
0 0.143333 0.592683 0.046667 0.043902
0 0.080000 0.529268 0.053333 0.039024
0 0.463333 0.551220 0.066667 0.048780
0 0.453333 0.509756 0.046667 0.039024
0 0.750000 0.478049 0.066667 0.053659
0 0.190000 0.419512 0.053333 0.053659
0 0.650000 0.360976 0.060000 0.048780
0 0.556667 0.380488 0.066667 0.053659
0 0.473333 0.329268 0.086667 0.048780
0 0.393333 0.380488 0.073333 0.039024
0 0.243333 0.378049 0.066667 0.048780
0 0.373333 0.358537 0.080000 0.039024
0 0.386667 0.324390 0.086667 0.034146
0 0.393333 0.307317 0.073333 0.034146
0 0.386667 0.278049 0.080000 0.039024
0 0.060000 0.317073 0.066667 0.043902
0 0.103333 0.317073 0.060000 0.043902
0 0.156667 0.304878 0.066667 0.048780
0 0.200000 0.312195 0.066667 0.048780
0 0.253333 0.268293 0.066667 0.043902
0 0.306667 0.226829 0.073333 0.043902
0 0.053333 0.229268 0.066667 0.048780
0 0.170000 0.197561 0.073333 0.043902
0 0.133333 0.180488 0.073333 0.043902
0 0.053333 0.078049 0.060000 0.048780
0 0.246667 0.117073 0.066667 0.048780
0 0.266667 0.173171 0.066667 0.048780
0 0.483333 0.146341 0.066667 0.048780
0 0.400000 0.048780 0.080000 0.053659
0 0.713333 0.151220 0.080000 0.053659
0 1.013333 0.126829 0.066667 0.053659
0 0.980000 0.060976 0.066667 0.043902