0 0.076667 0.902439 0.053333 0.043902
0 0.043333 0.902439 0.033333 0.034146
0 0.426667 0.975610 0.066667 0.039024
0 0.520000 0.895122 0.066667 0.048780
0 0.553333 0.868293 0.080000 0.043902
0 0.750000 0.836585 0.066667 0.053659
0 0.983333 0.900000 0.060000 0.048780
0 1.006667 0.753659 0.066667 0.053659
0 0.660000 0.778049 0.066667 0.048780
0 0.406667 0.824390 0.066667 0.053659
0 0.440000 0.734146 0.066667 0.058537
0 0.260000 0.736585 0.066667 0.048780
0 0.360000 0.600000 0.073333 0.039024
0 0.360000 0.582927 0.060000 0.048780
0 0.166667 0.626829 0.073333 0.048780
0 0.056667 0.560976 0.046667 0.048780
0 0.943333 0.656098 0.073333 0.048780
0 0.083333 0.485366 0.080000 0.048780
0 0.900000 0.529268 0.053333 0.053659
0 0.966667 0.536585 0.066667 0.063415
0 0.810000 0.509756 0.073333 0.053659
0 0.796667 0.395122 0.066667 0.063415
0 0.513333 0.400000 0.073333 0.053659
0 0.073333 0.356098 0.053333 0.039024
0 0.346667 0.368293 0.073333 0.048780
0 1.003333 0.153659 0.053333 0.039024
0 0.983333 0.219512 0.060000 0.063415
0 0.833333 0.273171 0.066667 0.048780
0 0.770000 0.314634 0.060000 0.043902
0 0.606667 0.321951 0.060000 0.053659
0 0.476667 0.321951 0.066667 0.048780
0 0.450000 0.290244 0.053333 0.048780
0 0.610000 0.260976 0.080000 0.048780
0 0.640000 0.192683 0.066667 0.053659
0 0.046667 0.258537 0.066667 0.048780
0 0.110000 0.275610 0.080000 0.043902
0 0.133333 0.236585 0.080000 0.048780
0 0.153333 0.200000 0.073333 0.043902
0 0.103333 0.151220 0.066667 0.043902
0 0.336667 0.256098 0.060000 0.048780
0 0.360000 0.217073 0.060000 0.043902
0 0.393333 0.209756 0.053333 0.048780
0 0.506667 0.195122 0.066667 0.053659
0 0.593333 0.092683 0.046667 0.048780
0 0.566667 0.139024 0.066667 0.048780
0 0.556667 0.097561 0.066667 0.034146
0 0.506667 0.124390 0.053333 0.048780
0 0.463333 0.126829 0.073333 0.048780
0 0.403333 0.109756 0.053333 0.039024
0 0.270000 0.100000 0.066667 0.043902
0 0.143333 0.060976 0.066667 0.048780
0 0.306667 0.070732 0.066667 0.039024
0 0.313333 0.039024 0.066667 0.034146
0 0.430000 0.034146 0.066667 0.029268