0 0.313333 0.036585 0.066667 0.048780
0 0.153333 0.160976 0.066667 0.048780
0 0.243333 0.178049 0.066667 0.048780
0 0.350000 0.119512 0.066667 0.048780
0 0.370000 0.089024 0.053333 0.036585
0 0.451667 0.109756 0.056667 0.043902
0 0.493333 0.102439 0.060000 0.048780
0 0.581667 0.073171 0.056667 0.048780
0 0.653333 0.060976 0.066667 0.048780
0 0.540000 0.143902 0.066667 0.048780
0 0.590000 0.139024 0.066667 0.048780
0 0.620000 0.121951 0.066667 0.048780
0 0.953333 0.073171 0.066667 0.048780
0 0.833333 0.143902 0.066667 0.048780
0 0.668333 0.185366 0.070000 0.053659
0 0.741667 0.213415 0.076667 0.051220
0 0.600000 0.207317 0.066667 0.048780
0 0.468333 0.195122 0.063333 0.048780
0 0.186667 0.232927 0.093333 0.051220
0 0.236667 0.263415 0.066667 0.048780
0 0.245000 0.291463 0.076667 0.041463
0 0.246667 0.319512 0.066667 0.039024
0 0.326667 0.300000 0.066667 0.048780
0 0.390000 0.358537 0.066667 0.048780
0 0.536667 0.363415 0.066667 0.048780
0 0.851667 0.295122 0.056667 0.043902
0 0.936667 0.193902 0.066667 0.070732
0 0.978333 0.339024 0.083333 0.043902
0 0.163333 0.335366 0.073333 0.051220
0 0.165000 0.412195 0.070000 0.048780
0 0.243333 0.456098 0.073333 0.043902
0 0.190000 0.487805 0.080000 0.053659
0 0.301667 0.526829 0.056667 0.043902
0 0.271667 0.570732 0.050000 0.048780
0 0.270000 0.609756 0.066667 0.048780
0 0.460000 0.536585 0.066667 0.039024
0 0.475000 0.595122 0.056667 0.048780
0 0.525000 0.646341 0.076667 0.053659
0 0.653333 0.507317 0.066667 0.048780
0 0.661667 0.548780 0.056667 0.043902
0 0.766667 0.498780 0.066667 0.056098
0 0.875000 0.645122 0.090000 0.046341
0 0.993333 0.723171 0.053333 0.041463
0 0.400000 0.729268 0.046667 0.048780
0 0.365000 0.693902 0.056667 0.041463
0 0.281667 0.704878 0.056667 0.043902
0 0.158333 0.676829 0.063333 0.041463
0 0.106667 0.685366 0.066667 0.048780
0 0.055000 0.751220 0.050000 0.048780
0 0.090000 0.878049 0.066667 0.048780
0 0.143333 0.897561 0.066667 0.048780
0 0.203333 0.851220 0.046667 0.048780
0 0.315000 0.836585 0.063333 0.048780
0 0.330000 0.918293 0.060000 0.046341
0 0.715000 0.917073 0.056667 0.048780
0 0.090000 1.014634 0.066667 0.048780
0 0.566667 1.000000 0.066667 0.048780
0 0.606667 0.968293 0.060000 0.048780
0 0.646667 0.985366 0.066667 0.048780
0 0.840000 1.014634 0.066667 0.048780
0 0.073333 0.346341 0.066667 0.048780
0 0.050000 0.412195 0.066667 0.048780