0 0.044753 0.833333 0.012346 0.166667
0 0.024691 0.694444 0.018519 0.111111
0 0.058642 0.750000 0.018519 0.111111
0 0.074074 0.750000 0.018519 0.111111
0 0.060185 0.638889 0.018519 0.111111
0 0.087963 0.486111 0.021605 0.111111
0 0.084877 0.555556 0.021605 0.111111
0 0.103395 0.527778 0.018519 0.111111
0 0.092593 0.652778 0.018519 0.111111
0 0.108025 0.666667 0.018519 0.111111
0 0.100309 0.708333 0.021605 0.111111
0 0.106481 0.833333 0.021605 0.111111
0 0.140432 0.472222 0.021605 0.111111
0 0.155864 0.583333 0.021605 0.138889
0 0.192901 0.875000 0.021605 0.138889
0 0.212963 0.833333 0.015432 0.166667
0 0.229938 0.680556 0.021605 0.138889
0 0.233025 0.541667 0.021605 0.138889
0 0.200617 0.472222 0.021605 0.138889
0 0.222222 0.444444 0.021605 0.138889
0 0.240741 0.347222 0.021605 0.138889
0 0.254630 0.513889 0.015432 0.166667
0 0.266975 0.361111 0.015432 0.138889
0 0.256173 0.652778 0.021605 0.166667
0 0.260802 0.777778 0.015432 0.166667
0 0.280864 0.847222 0.021605 0.138889
0 0.285494 0.750000 0.021605 0.138889
0 0.276235 0.583333 0.012346 0.194444
0 0.274691 0.444444 0.018519 0.111111
0 0.313272 0.375000 0.021605 0.138889
0 0.291667 0.513889 0.018519 0.138889
0 0.290123 0.597222 0.018519 0.111111
0 0.297840 0.708333 0.012346 0.166667
0 0.311728 0.680556 0.018519 0.166667
0 0.324074 0.444444 0.018519 0.138889
0 0.351852 0.388889 0.033951 0.166667
0 0.350309 0.444444 0.018519 0.166667
0 0.334877 0.513889 0.021605 0.111111
0 0.336420 0.708333 0.018519 0.111111
0 0.336420 0.875000 0.018519 0.138889
0 0.353395 0.805556 0.015432 0.138889
0 0.361111 0.694444 0.018519 0.111111
0 0.378086 0.763889 0.024691 0.138889
0 0.367284 0.888889 0.012346 0.138889
0 0.387346 0.861111 0.021605 0.111111
0 0.401235 0.861111 0.018519 0.138889
0 0.399691 0.555556 0.018519 0.166667
0 0.387346 0.500000 0.015432 0.194444
0 0.401235 0.347222 0.018519 0.111111
0 0.438272 0.402778 0.018519 0.111111
0 0.430556 0.861111 0.018519 0.138889
0 0.453704 0.722222 0.012346 0.194444
0 0.479938 0.652778 0.024691 0.138889
0 0.495370 0.888889 0.018519 0.138889
0 0.479938 0.888889 0.015432 0.166667
0 0.493827 0.736111 0.018519 0.138889
0 0.515432 0.694444 0.024691 0.138889
0 0.524691 0.819444 0.012346 0.166667
0 0.509259 0.500000 0.021605 0.111111
0 0.509259 0.430556 0.024691 0.138889
0 0.501543 0.375000 0.015432 0.138889
0 0.523148 0.375000 0.018519 0.111111
0 0.561728 0.388889 0.021605 0.111111
0 0.442901 0.861111 0.012346 0.166667
0 0.563272 0.847222 0.018519 0.138889
0 0.641975 0.388889 0.024691 0.138889
0 0.601852 0.888889 0.018519 0.138889
0 0.679012 0.583333 0.024691 0.138889
0 0.674383 0.847222 0.024691 0.111111
0 0.706790 0.888889 0.018519 0.138889
0 0.722222 0.791667 0.024691 0.166667
0 0.745370 0.375000 0.018519 0.111111
0 0.759259 0.375000 0.018519 0.111111
0 0.782407 0.375000 0.018519 0.111111
0 0.728395 0.444444 0.021605 0.083333
0 0.719136 0.583333 0.015432 0.166667
0 0.745370 0.555556 0.018519 0.166667
0 0.791667 0.611111 0.018519 0.166667
0 0.787037 0.805556 0.018519 0.194444
0 0.766975 0.819444 0.021605 0.166667
0 0.770062 0.888889 0.024691 0.166667
0 0.862654 0.375000 0.018519 0.166667
0 0.975309 0.472222 0.021605 0.138889
0 0.972222 0.555556 0.024691 0.138889
0 0.991512 0.875000 0.016975 0.138889
0 0.996142 0.375000 0.007716 0.111111