0 0.023148 0.263889 0.018519 0.138889
0 0.032407 0.305556 0.015432 0.138889
0 0.050926 0.388889 0.024691 0.138889
0 0.016975 0.458333 0.024691 0.111111
0 0.027778 0.611111 0.012346 0.194444
0 0.015432 0.680556 0.024691 0.138889
0 0.052469 0.597222 0.024691 0.111111
0 0.091049 0.513889 0.021605 0.111111
0 0.103395 0.444444 0.021605 0.111111
0 0.100309 0.319444 0.021605 0.111111
0 0.117284 0.388889 0.024691 0.138889
0 0.123457 0.444444 0.021605 0.111111
0 0.106481 0.569444 0.018519 0.138889
0 0.126543 0.611111 0.018519 0.166667
0 0.143519 0.472222 0.021605 0.111111
0 0.140432 0.416667 0.012346 0.166667
0 0.137346 0.277778 0.021605 0.138889
0 0.149691 0.305556 0.018519 0.111111
0 0.151235 0.611111 0.024691 0.138889
0 0.171296 0.638889 0.021605 0.138889
0 0.158951 0.555556 0.024691 0.111111
0 0.192901 0.736111 0.015432 0.138889
0 0.162037 0.513889 0.012346 0.166667
0 0.174383 0.430556 0.018519 0.138889
0 0.160494 0.333333 0.015432 0.166667
0 0.166667 0.250000 0.018519 0.138889
0 0.183642 0.222222 0.021605 0.111111
0 0.180556 0.361111 0.012346 0.166667
0 0.194444 0.361111 0.018519 0.138889
0 0.226852 0.583333 0.024691 0.111111
0 0.228395 0.458333 0.021605 0.138889
0 0.248457 0.597222 0.012346 0.194444
0 0.250000 0.430556 0.021605 0.138889
0 0.250000 0.375000 0.012346 0.166667
0 0.274691 0.555556 0.018519 0.111111
0 0.262346 0.666667 0.021605 0.111111
0 0.276235 0.694444 0.018519 0.138889
0 0.274691 0.444444 0.018519 0.111111
0 0.273148 0.375000 0.021605 0.138889
0 0.308642 0.305556 0.024691 0.111111
0 0.319444 0.236111 0.024691 0.111111
0 0.307099 0.444444 0.015432 0.166667
0 0.296296 0.736111 0.018519 0.138889
0 0.327160 0.763889 0.021605 0.111111
0 0.322531 0.652778 0.021605 0.111111
0 0.331790 0.652778 0.012346 0.166667
0 0.348765 0.583333 0.021605 0.111111
0 0.333333 0.513889 0.018519 0.138889
0 0.320988 0.444444 0.018519 0.111111
0 0.362654 0.472222 0.012346 0.166667
0 0.408951 0.305556 0.018519 0.111111
0 0.415123 0.597222 0.015432 0.166667
0 0.405864 0.694444 0.012346 0.166667
0 0.418210 0.430556 0.018519 0.111111
0 0.429012 0.333333 0.012346 0.166667
0 0.435185 0.402778 0.018519 0.111111
0 0.445988 0.500000 0.021605 0.138889
0 0.453704 0.555556 0.018519 0.111111
0 0.467593 0.736111 0.021605 0.138889
0 0.469136 0.625000 0.018519 0.111111
0 0.478395 0.597222 0.015432 0.166667
0 0.487654 0.458333 0.024691 0.111111
0 0.486111 0.361111 0.021605 0.111111
0 0.484568 0.263889 0.015432 0.111111
0 0.464506 0.250000 0.012346 0.111111
0 0.515432 0.625000 0.021605 0.111111
0 0.515432 0.569444 0.012346 0.138889
0 0.530864 0.527778 0.018519 0.166667
0 0.546296 0.263889 0.018519 0.111111
0 0.543210 0.416667 0.018519 0.111111
0 0.560185 0.541667 0.018519 0.111111
0 0.569444 0.472222 0.021605 0.111111
0 0.566358 0.361111 0.021605 0.111111
0 0.591049 0.263889 0.018519 0.111111
0 0.601852 0.458333 0.018519 0.138889
0 0.598765 0.597222 0.018519 0.138889
0 0.638889 0.708333 0.024691 0.111111
0 0.399691 0.625000 0.018519 0.111111
0 0.651235 0.777778 0.021605 0.111111
0 0.635802 0.583333 0.018519 0.138889
0 0.618827 0.625000 0.018519 0.111111
0 0.648148 0.500000 0.018519 0.138889
0 0.663580 0.625000 0.018519 0.166667
0 0.674383 0.416667 0.021605 0.111111
0 0.689815 0.375000 0.018519 0.111111
0 0.692901 0.763889 0.015432 0.166667
0 0.711420 0.402778 0.015432 0.166667
0 0.733025 0.250000 0.012346 0.111111
0 0.745370 0.402778 0.018519 0.138889
0 0.720679 0.444444 0.021605 0.111111
0 0.722222 0.597222 0.021605 0.138889
0 0.736111 0.513889 0.018519 0.111111
0 0.723765 0.736111 0.018519 0.138889
0 0.714506 0.791667 0.018519 0.111111
0 0.737654 0.708333 0.012346 0.166667
0 0.765432 0.666667 0.024691 0.138889
0 0.776235 0.791667 0.012346 0.111111
0 0.759259 0.527778 0.018519 0.166667
0 0.770062 0.486111 0.012346 0.166667
0 0.780864 0.541667 0.015432 0.166667
0 0.811728 0.680556 0.018519 0.194444
0 0.811728 0.777778 0.021605 0.138889
0 0.816358 0.458333 0.018519 0.111111
0 0.861111 0.333333 0.040123 0.166667
0 0.847222 0.527778 0.021605 0.138889
0 0.850309 0.652778 0.021605 0.166667
0 0.867284 0.444444 0.012346 0.166667
0 0.902778 0.375000 0.018519 0.166667
0 0.881173 0.722222 0.018519 0.111111
0 0.913580 0.805556 0.018519 0.111111
0 0.925926 0.597222 0.024691 0.138889
0 0.912037 0.347222 0.009259 0.111111
0 0.953704 0.305556 0.012346 0.138889
0 0.978395 0.430556 0.027778 0.111111
0 0.979938 0.791667 0.024691 0.138889
0 0.993056 0.736111 0.013889 0.166667
0 0.981481 0.388889 0.012346 0.166667
0 0.990741 0.291667 0.009259 0.111111
0 0.939815 0.722222 0.018519 0.111111