0 0.005401 0.333333 0.010802 0.111111
0 0.004630 0.458333 0.009259 0.138889
0 0.016975 0.472222 0.018519 0.166667
0 0.021605 0.569444 0.018519 0.166667
0 0.018519 0.680556 0.018519 0.111111
0 0.041667 0.333333 0.018519 0.166667
0 0.032407 0.416667 0.018519 0.166667
0 0.040123 0.527778 0.018519 0.138889
0 0.044753 0.611111 0.018519 0.138889
0 0.044753 0.666667 0.018519 0.138889
0 0.067901 0.638889 0.018519 0.138889
0 0.055556 0.625000 0.018519 0.138889
0 0.063272 0.541667 0.018519 0.138889
0 0.067901 0.430556 0.021605 0.138889
0 0.080247 0.458333 0.018519 0.194444
0 0.097222 0.416667 0.018519 0.194444
0 0.109568 0.569444 0.021605 0.138889
0 0.118827 0.680556 0.021605 0.138889
0 0.138889 0.458333 0.018519 0.138889
0 0.158951 0.444444 0.018519 0.194444
0 0.174383 0.513889 0.021605 0.138889
0 0.179012 0.625000 0.021605 0.138889
0 0.191358 0.638889 0.015432 0.194444
0 0.205247 0.472222 0.024691 0.138889
0 0.265432 0.513889 0.018519 0.138889
0 0.288580 0.472222 0.018519 0.111111
0 0.370370 0.583333 0.018519 0.111111
0 0.367284 0.263889 0.018519 0.111111
0 0.430556 0.458333 0.018519 0.111111
0 0.438272 0.555556 0.021605 0.138889
0 0.452160 0.652778 0.021605 0.111111
0 0.472222 0.375000 0.021605 0.138889
0 0.518519 0.569444 0.024691 0.138889
0 0.649691 0.291667 0.021605 0.111111
0 0.648148 0.597222 0.024691 0.111111
0 0.666667 0.500000 0.024691 0.138889
0 0.682099 0.361111 0.021605 0.111111
0 0.706790 0.513889 0.021605 0.138889
0 0.706790 0.638889 0.024691 0.138889
0 0.757716 0.527778 0.024691 0.138889
0 0.779321 0.597222 0.024691 0.138889
0 0.796296 0.430556 0.021605 0.138889
0 0.824074 0.430556 0.018519 0.111111
0 0.819444 0.527778 0.021605 0.111111
0 0.811728 0.569444 0.021605 0.111111
0 0.824074 0.694444 0.021605 0.138889
0 0.841049 0.777778 0.021605 0.111111
0 0.859568 0.763889 0.012346 0.083333
0 0.876543 0.694444 0.024691 0.111111
0 0.867284 0.611111 0.018519 0.111111
0 0.850309 0.583333 0.021605 0.111111
0 0.841049 0.472222 0.021605 0.111111
0 0.885802 0.569444 0.018519 0.138889
0 0.898148 0.666667 0.018519 0.111111
0 0.910494 0.597222 0.018519 0.111111
0 0.921296 0.722222 0.018519 0.111111
0 0.898148 0.527778 0.018519 0.111111
0 0.901235 0.472222 0.012346 0.166667
0 0.901235 0.333333 0.024691 0.111111
0 0.929012 0.513889 0.021605 0.111111
0 0.932099 0.583333 0.018519 0.111111
0 0.949074 0.666667 0.018519 0.111111
0 0.953704 0.763889 0.018519 0.083333
0 0.964506 0.777778 0.012346 0.111111
0 0.979938 0.750000 0.012346 0.138889
0 0.987654 0.680556 0.012346 0.111111
0 0.955247 0.597222 0.015432 0.138889
0 0.970679 0.611111 0.012346 0.111111
0 0.969136 0.486111 0.018519 0.083333
0 0.978395 0.416667 0.024691 0.111111
0 0.945988 0.500000 0.015432 0.194444
0 0.939815 0.402778 0.018519 0.138889