0 0.012346 0.569444 0.018519 0.166667
0 0.026235 0.597222 0.012346 0.250000
0 0.040123 0.472222 0.018519 0.138889
0 0.061728 0.444444 0.021605 0.166667
0 0.033951 0.708333 0.021605 0.138889
0 0.050926 0.680556 0.024691 0.111111
0 0.058642 0.597222 0.024691 0.111111
0 0.074074 0.541667 0.024691 0.138889
0 0.083333 0.458333 0.024691 0.111111
0 0.067901 0.708333 0.021605 0.138889
0 0.083333 0.680556 0.021605 0.138889
0 0.091049 0.763889 0.024691 0.138889
0 0.089506 0.694444 0.015432 0.166667
0 0.118827 0.416667 0.021605 0.138889
0 0.121914 0.555556 0.018519 0.222222
0 0.115741 0.666667 0.024691 0.222222
0 0.146605 0.569444 0.024691 0.138889
0 0.135802 0.347222 0.015432 0.138889
0 0.186728 0.555556 0.024691 0.138889
0 0.203704 0.541667 0.021605 0.138889
0 0.219136 0.638889 0.024691 0.138889
0 0.236111 0.861111 0.021605 0.138889
0 0.243827 0.500000 0.024691 0.138889
0 0.254630 0.541667 0.021605 0.111111
0 0.265432 0.597222 0.021605 0.111111
0 0.276235 0.694444 0.024691 0.138889
0 0.276235 0.541667 0.018519 0.138889
0 0.297840 0.333333 0.021605 0.111111
0 0.336420 0.486111 0.021605 0.138889
0 0.324074 0.680556 0.021605 0.138889
0 0.305556 0.805556 0.012346 0.166667
0 0.351852 0.708333 0.021605 0.111111
0 0.353395 0.819444 0.021605 0.111111
0 0.408951 0.763889 0.024691 0.138889
0 0.444444 0.694444 0.018519 0.083333
0 0.453704 0.652778 0.021605 0.194444
0 0.487654 0.722222 0.021605 0.138889
0 0.532407 0.597222 0.024691 0.111111
0 0.540123 0.833333 0.018519 0.166667
0 0.586420 0.833333 0.012346 0.166667
0 0.595679 0.652778 0.021605 0.138889
0 0.608025 0.722222 0.018519 0.138889
0 0.635802 0.763889 0.018519 0.138889
0 0.623457 0.680556 0.018519 0.111111
0 0.638889 0.513889 0.018519 0.111111
0 0.652778 0.625000 0.018519 0.166667
0 0.672840 0.694444 0.018519 0.111111
0 0.699074 0.583333 0.015432 0.194444
0 0.717593 0.527778 0.021605 0.138889
0 0.722222 0.694444 0.018519 0.166667
0 0.756173 0.833333 0.018519 0.138889
0 0.777778 0.777778 0.021605 0.138889
0 0.773148 0.694444 0.012346 0.222222
0 0.788580 0.652778 0.018519 0.166667
0 0.802469 0.361111 0.018519 0.111111
0 0.811728 0.527778 0.024691 0.111111
0 0.814815 0.638889 0.018519 0.111111
0 0.811728 0.722222 0.024691 0.138889
0 0.827160 0.694444 0.021605 0.138889
0 0.830247 0.416667 0.018519 0.111111
0 0.743827 0.666667 0.018519 0.111111
0 0.751543 0.611111 0.018519 0.111111
0 0.842593 0.625000 0.021605 0.111111
0 0.853395 0.569444 0.021605 0.111111
0 0.859568 0.722222 0.012346 0.166667
0 0.854938 0.875000 0.018519 0.111111
0 0.864198 0.819444 0.018519 0.138889
0 0.876543 0.763889 0.018519 0.138889
0 0.876543 0.638889 0.018519 0.111111
0 0.876543 0.583333 0.018519 0.138889
0 0.895062 0.597222 0.018519 0.111111
0 0.896605 0.736111 0.015432 0.166667
0 0.918210 0.583333 0.018519 0.138889
0 0.907407 0.888889 0.015432 0.111111
0 0.929012 0.861111 0.018519 0.138889
0 0.941358 0.819444 0.018519 0.138889
0 0.952160 0.763889 0.018519 0.138889
0 0.935185 0.722222 0.015432 0.166667
0 0.938272 0.625000 0.018519 0.138889
0 0.936728 0.527778 0.021605 0.138889
0 0.921296 0.750000 0.018519 0.138889
0 0.947531 0.583333 0.015432 0.166667
0 0.966049 0.486111 0.015432 0.166667
0 0.964506 0.736111 0.015432 0.166667
0 0.976852 0.902778 0.015432 0.111111
0 0.983025 0.736111 0.021605 0.111111
0 0.975309 0.666667 0.021605 0.138889
0 0.976852 0.569444 0.024691 0.138889
0 0.992284 0.638889 0.015432 0.166667