0 0.027778 0.236111 0.015432 0.138889
0 0.023148 0.416667 0.024691 0.111111
0 0.054012 0.305556 0.021605 0.194444
0 0.040123 0.583333 0.018519 0.138889
0 0.115741 0.458333 0.021605 0.138889
0 0.125000 0.555556 0.021605 0.138889
0 0.129630 0.666667 0.024691 0.138889
0 0.180556 0.763889 0.021605 0.138889
0 0.174383 0.597222 0.021605 0.138889
0 0.162037 0.500000 0.021605 0.111111
0 0.152778 0.388889 0.024691 0.138889
0 0.175926 0.444444 0.018519 0.138889
0 0.202160 0.513889 0.018519 0.138889
0 0.214506 0.319444 0.024691 0.138889
0 0.231481 0.416667 0.024691 0.111111
0 0.229938 0.569444 0.024691 0.194444
0 0.245370 0.611111 0.021605 0.138889
0 0.250000 0.500000 0.021605 0.138889
0 0.248457 0.333333 0.024691 0.138889
0 0.256173 0.236111 0.021605 0.111111
0 0.257716 0.388889 0.021605 0.111111
0 0.271605 0.611111 0.018519 0.166667
0 0.270062 0.486111 0.018519 0.166667
0 0.283951 0.444444 0.015432 0.166667
0 0.293210 0.625000 0.015432 0.166667
0 0.304012 0.472222 0.024691 0.166667
0 0.282407 0.513889 0.012346 0.111111
0 0.330247 0.250000 0.021605 0.111111
0 0.325617 0.375000 0.021605 0.138889
0 0.327160 0.555556 0.015432 0.166667
0 0.325617 0.666667 0.018519 0.138889
0 0.331790 0.750000 0.021605 0.111111
0 0.341049 0.694444 0.012346 0.166667
0 0.337963 0.597222 0.012346 0.166667
0 0.353395 0.458333 0.015432 0.222222
0 0.370370 0.305556 0.021605 0.138889
0 0.371914 0.388889 0.021605 0.111111
0 0.367284 0.513889 0.015432 0.166667
0 0.378086 0.541667 0.012346 0.194444
0 0.375000 0.625000 0.018519 0.138889
0 0.373457 0.736111 0.018519 0.166667
0 0.387346 0.666667 0.018519 0.111111
0 0.391975 0.513889 0.012346 0.166667
0 0.405864 0.569444 0.018519 0.111111
0 0.419753 0.694444 0.012346 0.166667
0 0.427469 0.750000 0.021605 0.111111
0 0.458333 0.763889 0.021605 0.138889
0 0.436728 0.708333 0.018519 0.111111
0 0.436728 0.638889 0.018519 0.111111
0 0.449074 0.611111 0.012346 0.166667
0 0.424383 0.583333 0.012346 0.166667
0 0.413580 0.388889 0.021605 0.111111
0 0.424383 0.319444 0.024691 0.111111
0 0.419753 0.222222 0.018519 0.111111
0 0.430556 0.250000 0.018519 0.111111
0 0.436728 0.458333 0.018519 0.111111
0 0.441358 0.347222 0.024691 0.111111
0 0.458333 0.236111 0.012346 0.111111
0 0.475309 0.263889 0.012346 0.111111
0 0.466049 0.319444 0.018519 0.111111
0 0.456790 0.444444 0.012346 0.194444
0 0.461420 0.625000 0.012346 0.166667
0 0.473765 0.527778 0.018519 0.111111
0 0.476852 0.694444 0.018519 0.166667
0 0.490741 0.569444 0.015432 0.194444
0 0.483025 0.402778 0.018519 0.111111
0 0.489198 0.388889 0.012346 0.166667
0 0.500000 0.263889 0.018519 0.111111
0 0.509259 0.361111 0.018519 0.138889
0 0.500000 0.444444 0.018519 0.111111
0 0.509259 0.708333 0.018519 0.166667
0 0.516975 0.708333 0.012346 0.166667
0 0.533951 0.722222 0.018519 0.138889
0 0.526235 0.583333 0.012346 0.166667
0 0.538580 0.527778 0.012346 0.166667
0 0.550926 0.638889 0.021605 0.111111
0 0.532407 0.625000 0.009259 0.166667
0 0.549383 0.263889 0.018519 0.111111
0 0.557099 0.388889 0.018519 0.111111
0 0.584877 0.277778 0.018519 0.111111
0 0.581790 0.361111 0.018519 0.111111
0 0.581790 0.430556 0.018519 0.111111
0 0.581790 0.666667 0.015432 0.138889
0 0.584877 0.763889 0.024691 0.138889
0 0.606481 0.541667 0.012346 0.222222
0 0.604938 0.347222 0.018519 0.138889
0 0.606481 0.736111 0.012346 0.166667
0 0.615741 0.625000 0.018519 0.138889
0 0.623457 0.541667 0.012346 0.222222
0 0.637346 0.638889 0.021605 0.111111
0 0.645062 0.777778 0.012346 0.111111
0 0.657407 0.763889 0.015432 0.166667
0 0.680556 0.777778 0.018519 0.138889
0 0.700617 0.722222 0.018519 0.111111
0 0.700617 0.611111 0.021605 0.111111
0 0.691358 0.569444 0.018519 0.166667
0 0.671296 0.555556 0.018519 0.138889
0 0.668210 0.458333 0.021605 0.138889
0 0.651235 0.333333 0.012346 0.166667
0 0.649691 0.375000 0.024691 0.138889
0 0.729938 0.388889 0.021605 0.138889
0 0.709877 0.611111 0.012346 0.222222
0 0.745370 0.486111 0.021605 0.138889
0 0.768519 0.569444 0.024691 0.138889
0 0.799383 0.652778 0.024691 0.138889
0 0.808642 0.583333 0.024691 0.166667
0 0.827160 0.472222 0.021605 0.138889
0 0.837963 0.541667 0.024691 0.138889
0 0.861111 0.597222 0.024691 0.138889
0 0.890432 0.736111 0.027778 0.138889
0 0.959877 0.541667 0.024691 0.138889
0 0.984568 0.763889 0.015432 0.138889