0 0.011574 0.277778 0.023148 0.138889
0 0.038580 0.208333 0.012346 0.111111
0 0.016975 0.680556 0.015432 0.111111
0 0.023148 0.625000 0.015432 0.083333
0 0.038580 0.597222 0.024691 0.111111
0 0.052469 0.541667 0.021605 0.138889
0 0.046296 0.430556 0.021605 0.138889
0 0.061728 0.388889 0.021605 0.138889
0 0.077160 0.333333 0.012346 0.222222
0 0.097222 0.277778 0.018519 0.166667
0 0.084877 0.430556 0.027778 0.111111
0 0.077160 0.527778 0.018519 0.138889
0 0.072531 0.694444 0.018519 0.166667
0 0.095679 0.597222 0.024691 0.138889
0 0.097222 0.722222 0.021605 0.138889
0 0.111111 0.680556 0.021605 0.138889
0 0.117284 0.611111 0.021605 0.138889
0 0.120370 0.486111 0.021605 0.138889
0 0.112654 0.388889 0.021605 0.138889
0 0.131173 0.388889 0.021605 0.138889
0 0.132716 0.319444 0.024691 0.194444
0 0.134259 0.513889 0.018519 0.111111
0 0.149691 0.513889 0.021605 0.138889
0 0.148148 0.611111 0.018519 0.138889
0 0.165123 0.736111 0.018519 0.111111
0 0.162037 0.486111 0.015432 0.138889
0 0.171296 0.555556 0.018519 0.111111
0 0.188272 0.611111 0.015432 0.194444
0 0.185185 0.444444 0.015432 0.138889
0 0.211420 0.361111 0.024691 0.111111
0 0.225309 0.416667 0.018519 0.111111
0 0.226852 0.638889 0.012346 0.194444
0 0.239198 0.486111 0.015432 0.166667
0 0.243827 0.541667 0.018519 0.111111
0 0.266975 0.416667 0.021605 0.111111
0 0.273148 0.333333 0.021605 0.111111
0 0.305556 0.263889 0.021605 0.111111
0 0.273148 0.486111 0.018519 0.111111
0 0.288580 0.513889 0.018519 0.138889
0 0.279321 0.597222 0.021605 0.111111
0 0.296296 0.638889 0.021605 0.111111
0 0.310185 0.597222 0.021605 0.111111
0 0.367284 0.569444 0.021605 0.111111
0 0.407407 0.402778 0.021605 0.111111
0 0.413580 0.527778 0.021605 0.138889
0 0.444444 0.597222 0.018519 0.138889
0 0.453704 0.430556 0.021605 0.111111
0 0.479938 0.361111 0.021605 0.111111
0 0.495370 0.333333 0.021605 0.138889
0 0.470679 0.638889 0.018519 0.138889
0 0.490741 0.611111 0.021605 0.111111
0 0.493827 0.527778 0.021605 0.111111
0 0.493827 0.444444 0.015432 0.111111
0 0.510802 0.416667 0.018519 0.111111
0 0.516975 0.555556 0.018519 0.166667
0 0.538580 0.513889 0.021605 0.138889
0 0.541667 0.236111 0.018519 0.111111
0 0.527778 0.388889 0.018519 0.111111
0 0.555556 0.472222 0.018519 0.111111
0 0.569444 0.416667 0.021605 0.111111
0 0.592593 0.388889 0.018519 0.111111
0 0.603395 0.458333 0.021605 0.111111
0 0.589506 0.583333 0.018519 0.138889
0 0.615741 0.541667 0.021605 0.138889
0 0.629630 0.458333 0.021605 0.138889
0 0.637346 0.708333 0.021605 0.138889
0 0.643519 0.750000 0.021605 0.111111
0 0.688272 0.583333 0.021605 0.138889
0 0.688272 0.458333 0.021605 0.111111
0 0.699074 0.513889 0.018519 0.111111
0 0.722222 0.708333 0.018519 0.166667
0 0.722222 0.555556 0.021605 0.083333
0 0.740741 0.625000 0.015432 0.166667
0 0.746914 0.763889 0.012346 0.111111
0 0.765432 0.652778 0.024691 0.111111
0 0.753086 0.527778 0.024691 0.138889
0 0.750000 0.444444 0.021605 0.166667
0 0.788580 0.250000 0.018519 0.083333
0 0.780864 0.333333 0.018519 0.111111
0 0.777778 0.402778 0.024691 0.083333
0 0.785494 0.375000 0.018519 0.083333
0 0.779321 0.486111 0.018519 0.111111
0 0.790123 0.527778 0.015432 0.166667
0 0.810185 0.416667 0.021605 0.111111
0 0.805556 0.638889 0.018519 0.166667
0 0.791667 0.791667 0.012346 0.166667
0 0.813272 0.527778 0.018519 0.111111
0 0.825617 0.541667 0.015432 0.166667
0 0.833333 0.472222 0.018519 0.138889
0 0.842593 0.375000 0.027778 0.138889
0 0.842593 0.763889 0.018519 0.166667
0 0.850309 0.638889 0.021605 0.111111
0 0.865741 0.722222 0.021605 0.111111
0 0.879630 0.708333 0.015432 0.166667
0 0.871914 0.638889 0.018519 0.111111
0 0.865741 0.569444 0.018519 0.111111
0 0.851852 0.555556 0.018519 0.138889
0 0.861111 0.444444 0.018519 0.138889
0 0.888889 0.458333 0.021605 0.138889
0 0.891975 0.527778 0.021605 0.111111
0 0.887346 0.583333 0.021605 0.083333
0 0.898148 0.694444 0.018519 0.138889
0 0.922840 0.680556 0.024691 0.138889
0 0.918210 0.555556 0.021605 0.138889
0 0.916667 0.416667 0.021605 0.111111
0 0.941358 0.500000 0.021605 0.111111
0 0.942901 0.638889 0.024691 0.111111
0 0.938272 0.763889 0.015432 0.138889
0 0.959877 0.611111 0.021605 0.111111
0 0.961420 0.500000 0.021605 0.111111
0 0.972222 0.402778 0.024691 0.111111
0 0.990741 0.569444 0.015432 0.166667