0 0.006944 0.250000 0.013889 0.138889
0 0.005401 0.458333 0.010802 0.166667
0 0.027778 0.305556 0.018519 0.138889
0 0.009259 0.541667 0.018519 0.138889
0 0.012346 0.611111 0.018519 0.111111
0 0.027778 0.722222 0.030864 0.166667
0 0.055556 0.486111 0.021605 0.138889
0 0.052469 0.347222 0.018519 0.166667
0 0.066358 0.236111 0.021605 0.138889
0 0.089506 0.291667 0.021605 0.138889
0 0.121914 0.430556 0.021605 0.138889
0 0.172840 0.652778 0.024691 0.138889
0 0.200617 0.708333 0.024691 0.138889
0 0.212963 0.763889 0.015432 0.138889
0 0.203704 0.652778 0.018519 0.166667
0 0.217593 0.541667 0.018519 0.111111
0 0.228395 0.652778 0.021605 0.111111
0 0.245370 0.736111 0.024691 0.166667
0 0.260802 0.750000 0.018519 0.111111
0 0.250000 0.625000 0.018519 0.138889
0 0.237654 0.583333 0.018519 0.222222
0 0.228395 0.444444 0.021605 0.138889
0 0.212963 0.333333 0.021605 0.138889
0 0.225309 0.263889 0.021605 0.138889
0 0.256173 0.236111 0.021605 0.111111
0 0.253086 0.333333 0.018519 0.138889
0 0.259259 0.472222 0.021605 0.166667
0 0.271605 0.583333 0.021605 0.138889
0 0.282407 0.694444 0.021605 0.138889
0 0.300926 0.597222 0.018519 0.111111
0 0.294753 0.541667 0.018519 0.138889
0 0.280864 0.513889 0.018519 0.166667
0 0.297840 0.430556 0.018519 0.111111
0 0.282407 0.444444 0.012346 0.166667
0 0.296296 0.375000 0.018519 0.111111
0 0.314815 0.388889 0.018519 0.138889
0 0.311728 0.444444 0.018519 0.111111
0 0.330247 0.513889 0.018519 0.138889
0 0.348765 0.472222 0.021605 0.111111
0 0.339506 0.652778 0.021605 0.111111
0 0.345679 0.750000 0.021605 0.111111
0 0.361111 0.708333 0.021605 0.111111
0 0.331790 0.347222 0.018519 0.138889
0 0.339506 0.277778 0.018519 0.166667
0 0.358025 0.250000 0.018519 0.111111
0 0.316358 0.277778 0.018519 0.166667
0 0.307099 0.222222 0.018519 0.111111
0 0.304012 0.333333 0.015432 0.138889
0 0.469136 0.763889 0.021605 0.111111
0 0.486111 0.736111 0.018519 0.111111
0 0.496914 0.666667 0.012346 0.194444
0 0.520062 0.680556 0.015432 0.194444
0 0.543210 0.541667 0.021605 0.138889
0 0.546296 0.666667 0.018519 0.138889
0 0.503086 0.333333 0.021605 0.138889
0 0.512346 0.250000 0.021605 0.138889
0 0.550926 0.277778 0.024691 0.138889
0 0.595679 0.583333 0.021605 0.138889
0 0.591049 0.777778 0.021605 0.138889
0 0.640432 0.611111 0.021605 0.138889
0 0.665123 0.569444 0.021605 0.138889
0 0.700617 0.375000 0.021605 0.138889
0 0.708333 0.263889 0.024691 0.138889
0 0.770062 0.291667 0.024691 0.138889
0 0.773148 0.763889 0.015432 0.194444
0 0.808642 0.347222 0.024691 0.166667
0 0.837963 0.277778 0.021605 0.138889
0 0.825617 0.388889 0.021605 0.138889
0 0.813272 0.500000 0.021605 0.138889
0 0.817901 0.708333 0.015432 0.194444
0 0.813272 0.791667 0.021605 0.111111
0 0.848765 0.777778 0.021605 0.138889
0 0.841049 0.541667 0.024691 0.138889
0 0.955247 0.277778 0.021605 0.111111
0 0.984568 0.277778 0.021605 0.138889