0 0.984568 0.763889 0.018519 0.111111
0 0.979938 0.583333 0.021605 0.138889
0 0.986111 0.458333 0.018519 0.138889
0 0.942901 0.333333 0.015432 0.166667
0 0.955247 0.458333 0.021605 0.138889
0 0.935185 0.472222 0.012346 0.194444
0 0.929012 0.513889 0.018519 0.194444
0 0.932099 0.722222 0.024691 0.138889
0 0.921296 0.666667 0.024691 0.111111
0 0.905864 0.611111 0.024691 0.138889
0 0.887346 0.375000 0.015432 0.166667
0 0.873457 0.486111 0.021605 0.138889
0 0.884259 0.541667 0.021605 0.111111
0 0.865741 0.597222 0.018519 0.138889
0 0.875000 0.652778 0.024691 0.111111
0 0.868827 0.791667 0.018519 0.111111
0 0.851852 0.736111 0.027778 0.138889
0 0.833333 0.652778 0.024691 0.138889
0 0.820988 0.569444 0.021605 0.111111
0 0.820988 0.388889 0.018519 0.138889
0 0.804012 0.500000 0.024691 0.138889
0 0.788580 0.597222 0.018519 0.166667
0 0.779321 0.777778 0.015432 0.111111
0 0.766975 0.361111 0.021605 0.138889
0 0.768519 0.527778 0.018519 0.111111
0 0.762346 0.694444 0.021605 0.138889
0 0.762346 0.777778 0.021605 0.111111
0 0.746914 0.569444 0.024691 0.138889
0 0.750000 0.486111 0.018519 0.166667
0 0.729938 0.458333 0.024691 0.138889
0 0.695988 0.277778 0.012346 0.111111
0 0.683642 0.277778 0.015432 0.111111
0 0.711420 0.638889 0.024691 0.111111
0 0.689815 0.583333 0.018519 0.138889
0 0.697531 0.486111 0.021605 0.111111
0 0.672840 0.513889 0.018519 0.111111
0 0.663580 0.597222 0.021605 0.111111
0 0.641975 0.666667 0.021605 0.111111
0 0.641975 0.319444 0.015432 0.166667
0 0.606481 0.263889 0.021605 0.111111
0 0.608025 0.361111 0.018519 0.138889
0 0.626543 0.444444 0.018519 0.138889
0 0.618827 0.583333 0.018519 0.138889
0 0.620370 0.694444 0.018519 0.194444
0 0.608025 0.736111 0.021605 0.138889
0 0.601852 0.597222 0.018519 0.111111
0 0.591049 0.500000 0.015432 0.138889
0 0.595679 0.402778 0.015432 0.138889
0 0.586420 0.388889 0.018519 0.111111
0 0.583333 0.722222 0.021605 0.111111
0 0.569444 0.583333 0.018519 0.111111
0 0.569444 0.694444 0.021605 0.138889
0 0.550926 0.777778 0.018519 0.138889
0 0.537037 0.680556 0.021605 0.138889
0 0.552469 0.472222 0.021605 0.138889
0 0.532407 0.625000 0.012346 0.166667
0 0.532407 0.513889 0.018519 0.111111
0 0.527778 0.402778 0.018519 0.138889
0 0.507716 0.583333 0.018519 0.138889
0 0.498457 0.652778 0.021605 0.111111
0 0.479938 0.486111 0.018519 0.111111
0 0.464506 0.763889 0.015432 0.111111
0 0.461420 0.652778 0.012346 0.166667
0 0.470679 0.527778 0.018519 0.111111
0 0.453704 0.569444 0.018519 0.111111
0 0.456790 0.444444 0.021605 0.111111
0 0.470679 0.333333 0.012346 0.166667
0 0.447531 0.347222 0.021605 0.138889
0 0.436728 0.402778 0.018519 0.111111
0 0.432099 0.222222 0.018519 0.083333
0 0.415123 0.722222 0.018519 0.111111
0 0.404321 0.638889 0.018519 0.111111
0 0.402778 0.569444 0.018519 0.111111
0 0.395062 0.500000 0.018519 0.111111
0 0.388889 0.333333 0.018519 0.111111
0 0.378086 0.291667 0.015432 0.138889
0 0.388889 0.736111 0.018519 0.138889
0 0.381173 0.625000 0.012346 0.166667
0 0.371914 0.694444 0.015432 0.138889
0 0.354938 0.736111 0.021605 0.138889
0 0.367284 0.569444 0.018519 0.111111
0 0.376543 0.472222 0.018519 0.111111
0 0.365741 0.472222 0.018519 0.138889
0 0.347222 0.430556 0.018519 0.138889
0 0.336420 0.611111 0.018519 0.111111
0 0.314815 0.666667 0.012346 0.166667
0 0.330247 0.527778 0.018519 0.111111
0 0.325617 0.430556 0.018519 0.111111
0 0.314815 0.555556 0.018519 0.166667
0 0.300926 0.472222 0.021605 0.111111
0 0.305556 0.416667 0.015432 0.166667
0 0.297840 0.708333 0.012346 0.166667
0 0.285494 0.347222 0.021605 0.138889
0 0.280864 0.722222 0.021605 0.138889
0 0.243827 0.694444 0.021605 0.138889
0 0.253086 0.472222 0.015432 0.194444
0 0.240741 0.319444 0.024691 0.111111
0 0.222222 0.222222 0.021605 0.111111
0 0.217593 0.416667 0.018519 0.138889
0 0.234568 0.486111 0.021605 0.138889
0 0.243827 0.388889 0.024691 0.138889
0 0.243827 0.569444 0.015432 0.194444
0 0.265432 0.569444 0.024691 0.166667
0 0.263889 0.722222 0.027778 0.166667
0 0.233025 0.625000 0.015432 0.194444
0 0.226852 0.513889 0.024691 0.138889
0 0.222222 0.694444 0.024691 0.111111
0 0.206790 0.750000 0.024691 0.138889
0 0.212963 0.652778 0.021605 0.138889
0 0.194444 0.597222 0.024691 0.111111
0 0.194444 0.416667 0.021605 0.194444
0 0.195988 0.263889 0.027778 0.111111
0 0.180556 0.430556 0.021605 0.138889
0 0.157407 0.416667 0.012346 0.222222
0 0.155864 0.263889 0.018519 0.138889
0 0.145062 0.222222 0.021605 0.111111
0 0.148148 0.430556 0.015432 0.166667
0 0.151235 0.486111 0.021605 0.111111
0 0.146605 0.569444 0.024691 0.111111
0 0.151235 0.666667 0.021605 0.138889
0 0.132716 0.652778 0.021605 0.138889
0 0.126543 0.527778 0.024691 0.138889
0 0.140432 0.388889 0.024691 0.111111
0 0.114198 0.333333 0.024691 0.138889
0 0.078704 0.583333 0.021605 0.194444
0 0.020062 0.750000 0.015432 0.138889
0 0.007716 0.513889 0.015432 0.166667