0 0.991512 0.805556 0.016975 0.138889
0 0.992284 0.722222 0.015432 0.111111
0 0.936728 0.777778 0.027778 0.138889
0 0.986111 0.263889 0.021605 0.111111
0 0.955247 0.305556 0.021605 0.138889
0 0.932099 0.277778 0.018519 0.138889
0 0.870370 0.388889 0.021605 0.138889
0 0.845679 0.319444 0.027778 0.111111
0 0.791667 0.291667 0.024691 0.138889
0 0.699074 0.263889 0.015432 0.111111
0 0.547840 0.763889 0.015432 0.166667
0 0.402778 0.597222 0.015432 0.250000
0 0.209877 0.597222 0.024691 0.111111
0 0.143519 0.222222 0.027778 0.111111
0 0.063272 0.750000 0.018519 0.222222
0 0.047840 0.722222 0.018519 0.111111
0 0.067901 0.527778 0.018519 0.111111
0 0.040123 0.333333 0.012346 0.194444
0 0.007716 0.236111 0.015432 0.138889
0 0.012346 0.305556 0.018519 0.138889