0 0.959877 0.291667 0.024691 0.138889
0 0.978395 0.722222 0.024691 0.138889
0 0.944444 0.819444 0.018519 0.138889
0 0.929012 0.611111 0.024691 0.166667
0 0.921296 0.736111 0.024691 0.138889
0 0.893519 0.708333 0.024691 0.138889
0 0.851852 0.638889 0.024691 0.166667
0 0.848765 0.458333 0.024691 0.166667
0 0.859568 0.402778 0.024691 0.166667
0 0.856481 0.277778 0.018519 0.138889
0 0.791667 0.486111 0.018519 0.138889
0 0.779321 0.541667 0.024691 0.138889
0 0.785494 0.361111 0.018519 0.166667
0 0.760802 0.250000 0.015432 0.111111
0 0.748457 0.319444 0.015432 0.166667
0 0.737654 0.444444 0.021605 0.166667
0 0.742284 0.569444 0.021605 0.138889
0 0.722222 0.652778 0.021605 0.111111
0 0.716049 0.777778 0.012346 0.166667
0 0.731481 0.694444 0.012346 0.166667
0 0.666667 0.555556 0.024691 0.138889
0 0.638889 0.250000 0.018519 0.111111
0 0.711420 0.486111 0.018519 0.166667
0 0.634259 0.472222 0.018519 0.111111
0 0.651235 0.694444 0.021605 0.111111
0 0.625000 0.722222 0.021605 0.138889
0 0.706790 0.652778 0.012346 0.166667
0 0.598765 0.291667 0.018519 0.166667
0 0.586420 0.347222 0.012346 0.166667
0 0.563272 0.333333 0.021605 0.111111
0 0.587963 0.722222 0.012346 0.194444
0 0.557099 0.625000 0.018519 0.166667
0 0.543210 0.750000 0.021605 0.111111
0 0.527778 0.527778 0.015432 0.166667
0 0.524691 0.347222 0.021605 0.194444
0 0.475309 0.305556 0.021605 0.111111
0 0.496914 0.541667 0.012346 0.166667
0 0.500000 0.652778 0.021605 0.138889
0 0.478395 0.638889 0.021605 0.138889
0 0.455247 0.638889 0.021605 0.111111
0 0.462963 0.763889 0.021605 0.111111
0 0.450617 0.763889 0.024691 0.138889
0 0.415123 0.638889 0.015432 0.166667
0 0.441358 0.263889 0.021605 0.111111
0 0.427469 0.250000 0.021605 0.111111
0 0.407407 0.722222 0.021605 0.111111
0 0.402778 0.652778 0.018519 0.166667
0 0.378086 0.458333 0.018519 0.194444
0 0.387346 0.263889 0.015432 0.138889
0 0.381173 0.763889 0.018519 0.166667
0 0.425926 0.694444 0.018519 0.166667
0 0.359568 0.750000 0.018519 0.166667
0 0.342593 0.638889 0.018519 0.111111
0 0.333333 0.736111 0.015432 0.166667
0 0.344136 0.722222 0.012346 0.111111
0 0.354938 0.347222 0.018519 0.138889
0 0.368827 0.291667 0.018519 0.166667
0 0.344136 0.263889 0.018519 0.111111
0 0.334877 0.319444 0.018519 0.138889
0 0.325617 0.486111 0.018519 0.111111
0 0.319444 0.402778 0.018519 0.111111
0 0.311728 0.347222 0.021605 0.111111
0 0.322531 0.277778 0.021605 0.138889
0 0.339506 0.430556 0.018519 0.111111
0 0.337963 0.541667 0.012346 0.111111
0 0.314815 0.527778 0.024691 0.111111
0 0.307099 0.597222 0.018519 0.111111
0 0.308642 0.680556 0.021605 0.111111
0 0.279321 0.763889 0.012346 0.138889
0 0.268519 0.736111 0.015432 0.166667
0 0.257716 0.722222 0.024691 0.111111
0 0.288580 0.680556 0.015432 0.194444
0 0.300926 0.500000 0.018519 0.138889
0 0.290123 0.430556 0.024691 0.138889
0 0.268519 0.513889 0.018519 0.166667
0 0.256173 0.416667 0.021605 0.138889
0 0.257716 0.319444 0.018519 0.111111
0 0.290123 0.236111 0.021605 0.138889
0 0.266975 0.250000 0.012346 0.166667
0 0.251543 0.222222 0.012346 0.111111
0 0.214506 0.319444 0.018519 0.111111
0 0.200617 0.347222 0.021605 0.111111
0 0.194444 0.763889 0.021605 0.138889
0 0.180556 0.652778 0.021605 0.138889
0 0.169753 0.500000 0.021605 0.138889
0 0.158951 0.611111 0.021605 0.138889
0 0.143519 0.555556 0.021605 0.138889
0 0.135802 0.416667 0.024691 0.138889
0 0.125000 0.513889 0.024691 0.138889
0 0.137346 0.666667 0.018519 0.111111
0 0.126543 0.611111 0.018519 0.111111
0 0.109568 0.708333 0.018519 0.166667
0 0.067901 0.500000 0.018519 0.111111
0 0.072531 0.236111 0.018519 0.111111
0 0.044753 0.500000 0.018519 0.138889
0 0.029321 0.402778 0.018519 0.166667
0 0.005401 0.222222 0.010802 0.111111
0 0.038580 0.611111 0.018519 0.138889
0 0.027778 0.736111 0.021605 0.111111