0 0.408951 0.347222 0.018519 0.194444
0 0.509259 0.791667 0.021605 0.138889
0 0.180556 0.305556 0.021605 0.166667
0 0.100309 0.402778 0.021605 0.138889
0 0.095679 0.486111 0.021605 0.166667
0 0.078704 0.569444 0.015432 0.166667
0 0.033951 0.708333 0.015432 0.166667
0 0.058642 0.527778 0.021605 0.138889
0 0.047840 0.416667 0.018519 0.194444
0 0.010802 0.513889 0.018519 0.194444
0 0.006173 0.402778 0.012346 0.166667
0 0.026235 0.263889 0.024691 0.138889
0 0.026235 0.347222 0.018519 0.166667
0 0.005401 0.652778 0.010802 0.138889
0 0.791667 0.277778 0.018519 0.111111
0 0.825617 0.319444 0.018519 0.138889
0 0.873457 0.625000 0.015432 0.166667
0 0.899691 0.819444 0.021605 0.138889
0 0.962963 0.777778 0.018519 0.138889
0 0.959877 0.666667 0.021605 0.138889
0 0.913580 0.263889 0.018519 0.111111
0 0.978395 0.597222 0.021605 0.138889