0 0.027778 0.263889 0.018519 0.166667
0 0.118827 0.263889 0.018519 0.166667
0 0.132716 0.513889 0.018519 0.166667
0 0.197531 0.402778 0.018519 0.166667
0 0.094136 0.541667 0.018519 0.166667
0 0.054012 0.527778 0.018519 0.166667
0 0.044753 0.666667 0.018519 0.166667
0 0.038580 0.777778 0.018519 0.166667
0 0.006944 0.694444 0.013889 0.166667
0 0.393519 0.486111 0.021605 0.194444
0 0.430556 0.736111 0.015432 0.138889
0 0.521605 0.277778 0.018519 0.138889
0 0.848765 0.541667 0.021605 0.194444
0 0.725309 0.347222 0.015432 0.138889
0 0.762346 0.472222 0.018519 0.166667
0 0.847222 0.763889 0.018519 0.166667
0 0.875000 0.555556 0.018519 0.166667
0 0.925926 0.458333 0.018519 0.166667
0 0.983025 0.319444 0.018519 0.166667