0 0.023148 0.388889 0.024691 0.138889
0 0.050926 0.319444 0.012346 0.111111
0 0.029321 0.791667 0.015432 0.111111
0 0.035494 0.736111 0.015432 0.083333
0 0.050926 0.708333 0.024691 0.111111
0 0.064815 0.652778 0.021605 0.138889
0 0.058642 0.541667 0.021605 0.138889
0 0.074074 0.500000 0.021605 0.138889
0 0.089506 0.444444 0.012346 0.222222
0 0.109568 0.388889 0.018519 0.166667
0 0.097222 0.541667 0.027778 0.111111
0 0.089506 0.638889 0.018519 0.138889
0 0.084877 0.805556 0.018519 0.166667
0 0.108025 0.708333 0.024691 0.138889
0 0.109568 0.833333 0.021605 0.138889
0 0.123457 0.791667 0.021605 0.138889
0 0.129630 0.722222 0.021605 0.138889
0 0.132716 0.597222 0.021605 0.138889
0 0.125000 0.500000 0.021605 0.138889
0 0.143519 0.500000 0.021605 0.138889
0 0.145062 0.430556 0.024691 0.194444
0 0.146605 0.625000 0.018519 0.111111
0 0.162037 0.625000 0.021605 0.138889
0 0.160494 0.722222 0.018519 0.138889
0 0.177469 0.847222 0.018519 0.111111
0 0.174383 0.597222 0.015432 0.138889
0 0.183642 0.666667 0.018519 0.111111
0 0.200617 0.722222 0.015432 0.194444
0 0.197531 0.555556 0.015432 0.138889
0 0.223765 0.472222 0.024691 0.111111
0 0.237654 0.527778 0.018519 0.111111
0 0.239198 0.750000 0.012346 0.194444
0 0.251543 0.597222 0.015432 0.166667
0 0.256173 0.652778 0.018519 0.111111
0 0.279321 0.527778 0.021605 0.111111
0 0.285494 0.444444 0.021605 0.111111
0 0.317901 0.375000 0.021605 0.111111
0 0.285494 0.597222 0.018519 0.111111
0 0.300926 0.625000 0.018519 0.138889
0 0.291667 0.708333 0.021605 0.111111
0 0.308642 0.750000 0.021605 0.111111
0 0.322531 0.708333 0.021605 0.111111
0 0.379630 0.680556 0.021605 0.111111
0 0.419753 0.513889 0.021605 0.111111
0 0.425926 0.638889 0.021605 0.138889
0 0.456790 0.708333 0.018519 0.138889
0 0.466049 0.541667 0.021605 0.111111
0 0.492284 0.472222 0.021605 0.111111
0 0.507716 0.444444 0.021605 0.138889
0 0.483025 0.750000 0.018519 0.138889
0 0.503086 0.722222 0.021605 0.111111
0 0.506173 0.638889 0.021605 0.111111
0 0.506173 0.555556 0.015432 0.111111
0 0.523148 0.527778 0.018519 0.111111
0 0.529321 0.666667 0.018519 0.166667
0 0.550926 0.625000 0.021605 0.138889
0 0.554012 0.347222 0.018519 0.111111
0 0.540123 0.500000 0.018519 0.111111
0 0.567901 0.583333 0.018519 0.111111
0 0.581790 0.527778 0.021605 0.111111
0 0.604938 0.500000 0.018519 0.111111
0 0.615741 0.569444 0.021605 0.111111
0 0.601852 0.694444 0.018519 0.138889
0 0.628086 0.652778 0.021605 0.138889
0 0.641975 0.569444 0.021605 0.138889
0 0.649691 0.819444 0.021605 0.138889
0 0.655864 0.861111 0.021605 0.111111
0 0.700617 0.694444 0.021605 0.138889
0 0.700617 0.569444 0.021605 0.111111
0 0.711420 0.625000 0.018519 0.111111
0 0.734568 0.819444 0.018519 0.166667
0 0.734568 0.666667 0.021605 0.083333
0 0.753086 0.736111 0.015432 0.166667
0 0.759259 0.875000 0.012346 0.111111
0 0.777778 0.763889 0.024691 0.111111
0 0.765432 0.638889 0.024691 0.138889
0 0.762346 0.555556 0.021605 0.166667
0 0.800926 0.361111 0.018519 0.083333
0 0.793210 0.444444 0.018519 0.111111
0 0.790123 0.513889 0.024691 0.083333
0 0.797840 0.486111 0.018519 0.083333
0 0.791667 0.597222 0.018519 0.111111
0 0.802469 0.638889 0.015432 0.166667
0 0.822531 0.527778 0.021605 0.111111
0 0.817901 0.750000 0.018519 0.166667
0 0.804012 0.902778 0.012346 0.166667
0 0.825617 0.638889 0.018519 0.111111
0 0.837963 0.652778 0.015432 0.166667
0 0.845679 0.583333 0.018519 0.138889
0 0.854938 0.486111 0.027778 0.138889
0 0.854938 0.875000 0.018519 0.166667
0 0.862654 0.750000 0.021605 0.111111
0 0.878086 0.833333 0.021605 0.111111
0 0.891975 0.819444 0.015432 0.166667
0 0.884259 0.750000 0.018519 0.111111
0 0.878086 0.680556 0.018519 0.111111
0 0.864198 0.666667 0.018519 0.138889
0 0.873457 0.555556 0.018519 0.138889
0 0.901235 0.569444 0.021605 0.138889
0 0.904321 0.638889 0.021605 0.111111
0 0.899691 0.694444 0.021605 0.083333
0 0.910494 0.805556 0.018519 0.138889
0 0.935185 0.791667 0.024691 0.138889
0 0.930556 0.666667 0.021605 0.138889
0 0.929012 0.527778 0.021605 0.111111
0 0.953704 0.611111 0.021605 0.111111
0 0.955247 0.750000 0.024691 0.111111
0 0.950617 0.875000 0.015432 0.138889
0 0.972222 0.722222 0.021605 0.111111
0 0.973765 0.611111 0.021605 0.111111
0 0.984568 0.513889 0.024691 0.111111
0 0.997685 0.680556 0.004630 0.166667