0 0.026235 0.236111 0.021605 0.138889
0 0.008488 0.222222 0.016975 0.111111
0 0.023148 0.416667 0.021605 0.111111
0 0.027778 0.500000 0.021605 0.111111
0 0.029321 0.597222 0.024691 0.111111
0 0.089506 0.222222 0.024691 0.111111
0 0.138889 0.736111 0.024691 0.111111
0 0.151235 0.472222 0.021605 0.111111
0 0.166667 0.513889 0.018519 0.111111
0 0.183642 0.569444 0.021605 0.111111
0 0.200617 0.597222 0.021605 0.111111
0 0.191358 0.486111 0.018519 0.111111
0 0.183642 0.430556 0.018519 0.111111
0 0.182099 0.361111 0.021605 0.166667
0 0.211420 0.291667 0.018519 0.111111
0 0.225309 0.416667 0.018519 0.111111
0 0.209877 0.486111 0.018519 0.111111
0 0.200617 0.527778 0.018519 0.111111
0 0.231481 0.680556 0.024691 0.138889
0 0.253086 0.750000 0.024691 0.111111
0 0.251543 0.611111 0.018519 0.111111
0 0.266975 0.291667 0.018519 0.111111
0 0.279321 0.263889 0.018519 0.138889
0 0.310185 0.347222 0.021605 0.138889
0 0.328704 0.472222 0.018519 0.166667
0 0.293210 0.500000 0.018519 0.111111
0 0.280864 0.763889 0.015432 0.194444
0 0.297840 0.694444 0.018519 0.111111
0 0.300926 0.777778 0.018519 0.111111
0 0.308642 0.708333 0.012346 0.166667
0 0.325617 0.708333 0.018519 0.111111
0 0.342593 0.750000 0.018519 0.111111
0 0.347222 0.652778 0.018519 0.111111
0 0.341049 0.583333 0.018519 0.166667
0 0.308642 0.527778 0.018519 0.166667
0 0.319444 0.361111 0.018519 0.111111
0 0.356481 0.347222 0.018519 0.166667
0 0.356481 0.402778 0.018519 0.111111
0 0.358025 0.500000 0.018519 0.138889
0 0.364198 0.611111 0.018519 0.166667
0 0.364198 0.736111 0.012346 0.166667
0 0.376543 0.666667 0.018519 0.166667
0 0.373457 0.222222 0.018519 0.083333
0 0.367284 0.347222 0.018519 0.111111
0 0.367284 0.444444 0.018519 0.166667
0 0.385802 0.555556 0.012346 0.138889
0 0.415123 0.750000 0.018519 0.111111
0 0.413580 0.625000 0.012346 0.166667
0 0.432099 0.638889 0.018519 0.083333
0 0.387346 0.236111 0.012346 0.111111
0 0.393519 0.319444 0.018519 0.111111
0 0.398148 0.416667 0.018519 0.111111
0 0.412037 0.500000 0.021605 0.111111
0 0.419753 0.430556 0.018519 0.111111
0 0.424383 0.347222 0.018519 0.111111
0 0.441358 0.361111 0.018519 0.111111
0 0.452160 0.263889 0.018519 0.111111
0 0.445988 0.611111 0.012346 0.166667
0 0.458333 0.472222 0.015432 0.166667
0 0.458333 0.625000 0.012346 0.166667
0 0.487654 0.333333 0.021605 0.111111
0 0.490741 0.416667 0.021605 0.111111
0 0.496914 0.652778 0.012346 0.166667
0 0.496914 0.722222 0.024691 0.111111
0 0.507716 0.736111 0.009259 0.166667
0 0.516975 0.666667 0.015432 0.138889
0 0.523148 0.777778 0.015432 0.166667
0 0.544753 0.750000 0.015432 0.111111
0 0.533951 0.611111 0.018519 0.166667
0 0.515432 0.513889 0.018519 0.166667
0 0.520062 0.333333 0.018519 0.083333
0 0.506173 0.277778 0.018519 0.166667
0 0.504630 0.375000 0.015432 0.166667
0 0.621914 0.638889 0.018519 0.111111
0 0.612654 0.708333 0.018519 0.166667
0 0.623457 0.263889 0.027778 0.138889
0 0.629630 0.597222 0.012346 0.166667
0 0.643519 0.680556 0.024691 0.111111
0 0.668210 0.333333 0.018519 0.111111
0 0.677469 0.527778 0.021605 0.138889
0 0.662037 0.500000 0.021605 0.111111
0 0.674383 0.638889 0.018519 0.111111
0 0.695988 0.569444 0.021605 0.111111
0 0.691358 0.694444 0.021605 0.111111
0 0.716049 0.638889 0.018519 0.111111
0 0.717593 0.791667 0.018519 0.138889
0 0.705247 0.763889 0.021605 0.111111
0 0.733025 0.750000 0.018519 0.166667
0 0.745370 0.583333 0.018519 0.166667
0 0.754630 0.388889 0.018519 0.138889
0 0.805556 0.333333 0.027778 0.166667
0 0.808642 0.388889 0.021605 0.111111
0 0.797840 0.527778 0.018519 0.194444
0 0.791667 0.611111 0.015432 0.250000
0 0.779321 0.527778 0.021605 0.111111
0 0.788580 0.652778 0.021605 0.138889
0 0.765432 0.680556 0.021605 0.138889
0 0.759259 0.763889 0.018519 0.138889
0 0.783951 0.777778 0.024691 0.166667
0 0.839506 0.680556 0.024691 0.138889
0 0.910494 0.722222 0.024691 0.138889
0 0.992284 0.777778 0.015432 0.166667