0 0.972222 0.402778 0.024691 0.138889
0 0.989198 0.833333 0.021605 0.138889
0 0.956790 0.930556 0.018519 0.138889
0 0.941358 0.722222 0.024691 0.166667
0 0.933642 0.847222 0.024691 0.138889
0 0.905864 0.819444 0.024691 0.138889
0 0.864198 0.750000 0.024691 0.166667
0 0.861111 0.569444 0.024691 0.166667
0 0.871914 0.513889 0.024691 0.166667
0 0.868827 0.388889 0.018519 0.138889
0 0.804012 0.597222 0.018519 0.138889
0 0.791667 0.652778 0.024691 0.138889
0 0.797840 0.472222 0.018519 0.166667
0 0.773148 0.361111 0.015432 0.111111
0 0.760802 0.430556 0.015432 0.166667
0 0.750000 0.555556 0.021605 0.166667
0 0.754630 0.680556 0.021605 0.138889
0 0.734568 0.763889 0.021605 0.111111
0 0.728395 0.888889 0.012346 0.166667
0 0.743827 0.805556 0.012346 0.166667
0 0.679012 0.666667 0.024691 0.138889
0 0.651235 0.361111 0.018519 0.111111
0 0.723765 0.597222 0.018519 0.166667
0 0.646605 0.583333 0.018519 0.111111
0 0.663580 0.805556 0.021605 0.111111
0 0.637346 0.833333 0.021605 0.138889
0 0.719136 0.763889 0.012346 0.166667
0 0.611111 0.402778 0.018519 0.166667
0 0.598765 0.458333 0.012346 0.166667
0 0.575617 0.444444 0.021605 0.111111
0 0.600309 0.833333 0.012346 0.194444
0 0.569444 0.736111 0.018519 0.166667
0 0.555556 0.861111 0.021605 0.111111
0 0.540123 0.638889 0.015432 0.166667
0 0.537037 0.458333 0.021605 0.194444
0 0.487654 0.416667 0.021605 0.111111
0 0.509259 0.652778 0.012346 0.166667
0 0.512346 0.763889 0.021605 0.138889
0 0.490741 0.750000 0.021605 0.138889
0 0.467593 0.750000 0.021605 0.111111
0 0.475309 0.875000 0.021605 0.111111
0 0.462963 0.875000 0.024691 0.138889
0 0.427469 0.750000 0.015432 0.166667
0 0.453704 0.375000 0.021605 0.111111
0 0.439815 0.361111 0.021605 0.111111
0 0.419753 0.833333 0.021605 0.111111
0 0.415123 0.763889 0.018519 0.166667
0 0.390432 0.569444 0.018519 0.194444
0 0.399691 0.375000 0.015432 0.138889
0 0.393519 0.875000 0.018519 0.166667
0 0.438272 0.805556 0.018519 0.166667
0 0.371914 0.861111 0.018519 0.166667
0 0.354938 0.750000 0.018519 0.111111
0 0.345679 0.847222 0.015432 0.166667
0 0.356481 0.833333 0.012346 0.111111
0 0.367284 0.458333 0.018519 0.138889
0 0.381173 0.402778 0.018519 0.166667
0 0.356481 0.375000 0.018519 0.111111
0 0.347222 0.430556 0.018519 0.138889
0 0.337963 0.597222 0.018519 0.111111
0 0.331790 0.513889 0.018519 0.111111
0 0.324074 0.458333 0.021605 0.111111
0 0.334877 0.388889 0.021605 0.138889
0 0.351852 0.541667 0.018519 0.111111
0 0.350309 0.652778 0.012346 0.111111
0 0.327160 0.638889 0.024691 0.111111
0 0.319444 0.708333 0.018519 0.111111
0 0.320988 0.791667 0.021605 0.111111
0 0.291667 0.875000 0.012346 0.138889
0 0.280864 0.847222 0.015432 0.166667
0 0.270062 0.833333 0.024691 0.111111
0 0.300926 0.791667 0.015432 0.194444
0 0.313272 0.611111 0.018519 0.138889
0 0.302469 0.541667 0.024691 0.138889
0 0.280864 0.625000 0.018519 0.166667
0 0.268519 0.527778 0.021605 0.138889
0 0.270062 0.430556 0.018519 0.111111
0 0.302469 0.347222 0.021605 0.138889
0 0.279321 0.361111 0.012346 0.166667
0 0.263889 0.333333 0.012346 0.111111
0 0.226852 0.430556 0.018519 0.111111
0 0.212963 0.458333 0.021605 0.111111
0 0.206790 0.875000 0.021605 0.138889
0 0.192901 0.763889 0.021605 0.138889
0 0.182099 0.611111 0.021605 0.138889
0 0.171296 0.722222 0.021605 0.138889
0 0.155864 0.666667 0.021605 0.138889
0 0.148148 0.527778 0.024691 0.138889
0 0.137346 0.625000 0.024691 0.138889
0 0.149691 0.777778 0.018519 0.111111
0 0.138889 0.722222 0.018519 0.111111
0 0.121914 0.819444 0.018519 0.166667
0 0.080247 0.611111 0.018519 0.111111
0 0.084877 0.347222 0.018519 0.111111
0 0.057099 0.611111 0.018519 0.138889
0 0.041667 0.513889 0.018519 0.166667
0 0.013889 0.333333 0.018519 0.111111
0 0.050926 0.722222 0.018519 0.138889
0 0.040123 0.847222 0.021605 0.111111