0 0.955247 0.305556 0.015432 0.138889
0 0.986111 0.444444 0.018519 0.111111
0 0.990741 0.791667 0.018519 0.111111
0 0.953704 0.791667 0.018519 0.111111
0 0.899691 0.569444 0.018519 0.222222
0 0.896605 0.791667 0.024691 0.111111
0 0.816358 0.694444 0.024691 0.138889
0 0.814815 0.805556 0.024691 0.138889
0 0.751543 0.583333 0.021605 0.222222
0 0.692901 0.277778 0.018519 0.166667
0 0.209877 0.486111 0.024691 0.138889
0 0.149691 0.402778 0.015432 0.194444
0 0.108025 0.472222 0.015432 0.222222
0 0.101852 0.583333 0.024691 0.138889
0 0.101852 0.750000 0.021605 0.138889
0 0.061728 0.694444 0.018519 0.222222
0 0.094136 0.416667 0.015432 0.166667
0 0.083333 0.416667 0.015432 0.166667
0 0.074074 0.361111 0.018519 0.166667
0 0.003086 0.583333 0.006173 0.166667
0 0.010031 0.416667 0.020062 0.111111