0 0.989198 0.291667 0.018519 0.083333
0 0.986111 0.500000 0.012346 0.166667
0 0.991512 0.555556 0.016975 0.083333
0 0.990741 0.638889 0.018519 0.111111
0 0.989198 0.750000 0.012346 0.166667
0 0.983025 0.791667 0.009259 0.111111
0 0.970679 0.638889 0.018519 0.083333
0 0.973765 0.569444 0.018519 0.111111
0 0.975309 0.513889 0.018519 0.166667
0 0.961420 0.402778 0.015432 0.111111
0 0.961420 0.291667 0.012346 0.111111
0 0.955247 0.513889 0.015432 0.166667
0 0.941358 0.569444 0.018519 0.111111
0 0.944444 0.680556 0.024691 0.111111
0 0.941358 0.777778 0.018519 0.138889
0 0.924383 0.777778 0.018519 0.166667
0 0.908951 0.791667 0.012346 0.111111
0 0.932099 0.388889 0.024691 0.111111
0 0.929012 0.486111 0.018519 0.111111
0 0.915123 0.527778 0.015432 0.194444
0 0.904321 0.541667 0.012346 0.222222
0 0.905864 0.597222 0.021605 0.138889
0 0.887346 0.666667 0.018519 0.166667
0 0.891975 0.458333 0.018519 0.194444
0 0.895062 0.319444 0.024691 0.138889
0 0.861111 0.638889 0.024691 0.138889
0 0.850309 0.791667 0.015432 0.111111
0 0.839506 0.541667 0.024691 0.111111
0 0.788580 0.527778 0.024691 0.138889
0 0.779321 0.666667 0.024691 0.138889
0 0.745370 0.638889 0.024691 0.138889
0 0.765432 0.388889 0.024691 0.138889
0 0.712963 0.541667 0.021605 0.138889
0 0.603395 0.583333 0.021605 0.138889
0 0.587963 0.541667 0.024691 0.138889
0 0.564815 0.694444 0.021605 0.138889
0 0.541667 0.319444 0.024691 0.138889
0 0.350309 0.666667 0.018519 0.138889
0 0.341049 0.555556 0.018519 0.138889
0 0.273148 0.583333 0.021605 0.138889
0 0.253086 0.236111 0.018519 0.138889
0 0.205247 0.597222 0.018519 0.166667
0 0.205247 0.486111 0.018519 0.138889
0 0.180556 0.652778 0.018519 0.166667
0 0.162037 0.472222 0.021605 0.166667
0 0.120370 0.500000 0.018519 0.138889
0 0.126543 0.583333 0.021605 0.111111
0 0.097222 0.305556 0.018519 0.166667
0 0.097222 0.402778 0.018519 0.166667
0 0.106481 0.638889 0.018519 0.111111
0 0.101852 0.722222 0.018519 0.138889
0 0.081790 0.736111 0.018519 0.138889
0 0.070988 0.625000 0.018519 0.138889
0 0.058642 0.444444 0.018519 0.138889
0 0.060185 0.319444 0.018519 0.138889
0 0.043210 0.388889 0.018519 0.138889
0 0.047840 0.541667 0.021605 0.138889
0 0.041667 0.680556 0.018519 0.138889
0 0.015432 0.680556 0.021605 0.138889
0 0.033951 0.597222 0.018519 0.111111
0 0.026235 0.430556 0.021605 0.138889
0 0.015432 0.388889 0.018519 0.166667
0 0.006944 0.430556 0.013889 0.138889
0 0.004630 0.222222 0.009259 0.111111