0 0.871914 0.416667 0.024691 0.138889
0 0.865741 0.916667 0.021605 0.138889
0 0.836420 0.375000 0.021605 0.111111
0 0.997685 0.388889 0.004630 0.111111
0 0.998457 0.916667 0.003086 0.111111
0 0.822531 0.833333 0.018519 0.166667
0 0.785494 0.430556 0.018519 0.138889
0 0.774691 0.388889 0.030864 0.138889
0 0.756173 0.625000 0.027778 0.138889
0 0.742284 0.777778 0.015432 0.166667
0 0.742284 0.902778 0.021605 0.111111
0 0.714506 0.375000 0.021605 0.111111
0 0.691358 0.861111 0.021605 0.138889
0 0.620370 0.583333 0.018519 0.111111
0 0.623457 0.861111 0.024691 0.138889
0 0.558642 0.361111 0.021605 0.111111
0 0.533951 0.458333 0.021605 0.138889
0 0.507716 0.625000 0.021605 0.138889
0 0.524691 0.888889 0.024691 0.138889
0 0.500000 0.361111 0.015432 0.111111
0 0.464506 0.333333 0.018519 0.111111
0 0.479938 0.583333 0.018519 0.166667
0 0.483025 0.888889 0.021605 0.166667
0 0.461420 0.444444 0.018519 0.166667
0 0.436728 0.777778 0.018519 0.194444
0 0.447531 0.861111 0.018519 0.111111
0 0.427469 0.861111 0.018519 0.111111
0 0.373457 0.527778 0.021605 0.111111
0 0.382716 0.458333 0.021605 0.138889
0 0.373457 0.361111 0.021605 0.138889
0 0.365741 0.694444 0.021605 0.138889
0 0.375000 0.875000 0.018519 0.166667
0 0.348765 0.847222 0.018519 0.138889
0 0.334877 0.791667 0.021605 0.111111
0 0.344136 0.708333 0.021605 0.111111
0 0.353395 0.625000 0.021605 0.138889
0 0.351852 0.444444 0.015432 0.222222
0 0.325617 0.527778 0.018519 0.138889
0 0.325617 0.375000 0.018519 0.166667
0 0.302469 0.361111 0.018519 0.138889
0 0.307099 0.486111 0.012346 0.222222
0 0.287037 0.569444 0.021605 0.194444
0 0.304012 0.736111 0.018519 0.138889
0 0.288580 0.638889 0.018519 0.111111
0 0.271605 0.666667 0.018519 0.166667
0 0.290123 0.791667 0.018519 0.111111
0 0.271605 0.819444 0.018519 0.111111
0 0.251543 0.500000 0.018519 0.111111
0 0.250000 0.652778 0.018519 0.166667
0 0.237654 0.750000 0.018519 0.166667
0 0.239198 0.833333 0.024691 0.138889
0 0.226852 0.416667 0.021605 0.111111
0 0.211420 0.666667 0.018519 0.138889
0 0.192901 0.652778 0.018519 0.222222
0 0.158951 0.722222 0.018519 0.138889
0 0.155864 0.847222 0.024691 0.138889
0 0.154321 0.458333 0.021605 0.138889
0 0.148148 0.347222 0.024691 0.138889
0 0.134259 0.402778 0.021605 0.138889
0 0.126543 0.458333 0.021605 0.138889
0 0.101852 0.805556 0.018519 0.111111
0 0.084877 0.652778 0.015432 0.138889
0 0.078704 0.791667 0.018519 0.138889
0 0.069444 0.763889 0.018519 0.166667
0 0.064815 0.638889 0.018519 0.138889
0 0.050926 0.611111 0.018519 0.138889
0 0.054012 0.694444 0.018519 0.138889
0 0.040123 0.500000 0.018519 0.138889
0 0.040123 0.750000 0.018519 0.111111
0 0.033951 0.736111 0.018519 0.138889
0 0.024691 0.819444 0.018519 0.166667
0 0.012346 0.861111 0.018519 0.138889
0 0.408951 0.750000 0.018519 0.166667
0 0.421296 0.763889 0.021605 0.111111