0 0.003858 0.319444 0.007716 0.166667
0 0.013889 0.319444 0.018519 0.138889
0 0.020062 0.361111 0.018519 0.111111
0 0.033951 0.319444 0.018519 0.138889
0 0.004630 0.430556 0.009259 0.166667
0 0.054012 0.638889 0.018519 0.138889
0 0.084877 0.583333 0.018519 0.138889
0 0.111111 0.486111 0.018519 0.166667
0 0.152778 0.458333 0.018519 0.138889
0 0.162037 0.333333 0.021605 0.138889
0 0.621914 0.375000 0.018519 0.138889
0 0.101852 0.583333 0.018519 0.138889
0 0.774691 0.791667 0.018519 0.138889
0 0.879630 0.541667 0.015432 0.166667
0 0.972222 0.291667 0.018519 0.138889
0 0.993056 0.500000 0.013889 0.138889
0 0.983025 0.805556 0.018519 0.138889