0 0.007716 0.430556 0.012346 0.222222
0 0.013889 0.486111 0.018519 0.111111
0 0.023148 0.583333 0.018519 0.111111
0 0.064815 0.402778 0.018519 0.166667
0 0.077160 0.333333 0.012346 0.222222
0 0.080247 0.527778 0.024691 0.111111
0 0.087963 0.597222 0.024691 0.111111
0 0.074074 0.694444 0.024691 0.194444
0 0.101852 0.694444 0.021605 0.138889
0 0.103395 0.472222 0.021605 0.111111
0 0.091049 0.402778 0.012346 0.222222
0 0.114198 0.500000 0.015432 0.138889
0 0.101852 0.611111 0.012346 0.166667
0 0.126543 0.569444 0.018519 0.138889
0 0.151235 0.736111 0.024691 0.138889
0 0.158951 0.625000 0.027778 0.138889
0 0.146605 0.500000 0.021605 0.111111
0 0.135802 0.416667 0.021605 0.111111
0 0.143519 0.333333 0.021605 0.111111
0 0.125000 0.277778 0.015432 0.138889
0 0.169753 0.319444 0.021605 0.138889
0 0.180556 0.388889 0.021605 0.111111
0 0.162037 0.513889 0.015432 0.166667
0 0.189815 0.569444 0.018519 0.138889
0 0.162037 0.583333 0.018519 0.138889
0 0.175926 0.513889 0.021605 0.111111
0 0.206790 0.597222 0.015432 0.166667
0 0.233025 0.722222 0.012346 0.111111
0 0.236111 0.569444 0.018519 0.166667
0 0.240741 0.402778 0.012346 0.166667
0 0.228395 0.333333 0.018519 0.166667
0 0.279321 0.333333 0.021605 0.111111
0 0.287037 0.430556 0.021605 0.111111
0 0.293210 0.583333 0.021605 0.111111
0 0.310185 0.666667 0.021605 0.111111
0 0.344136 0.750000 0.018519 0.166667
0 0.333333 0.583333 0.018519 0.138889
0 0.327160 0.500000 0.021605 0.138889
0 0.348765 0.444444 0.018519 0.166667
0 0.368827 0.402778 0.021605 0.111111
0 0.376543 0.472222 0.018519 0.111111
0 0.370370 0.555556 0.021605 0.111111
0 0.408951 0.652778 0.021605 0.138889
0 0.435185 0.708333 0.015432 0.166667
0 0.442901 0.500000 0.021605 0.138889
0 0.461420 0.597222 0.024691 0.111111
0 0.484568 0.444444 0.021605 0.111111
0 0.496914 0.583333 0.015432 0.194444
0 0.501543 0.375000 0.015432 0.194444
0 0.512346 0.638889 0.018519 0.138889
0 0.521605 0.611111 0.015432 0.166667
0 0.544753 0.638889 0.018519 0.111111
0 0.546296 0.569444 0.021605 0.138889
0 0.529321 0.500000 0.018519 0.111111
0 0.529321 0.375000 0.021605 0.111111
0 0.558642 0.361111 0.018519 0.138889
0 0.561728 0.513889 0.012346 0.166667
0 0.543210 0.430556 0.018519 0.111111
0 0.546296 0.388889 0.015432 0.138889
0 0.584877 0.666667 0.015432 0.166667
0 0.586420 0.541667 0.018519 0.138889
0 0.603395 0.458333 0.015432 0.166667
0 0.625000 0.486111 0.021605 0.111111
0 0.637346 0.375000 0.015432 0.111111
0 0.654321 0.375000 0.015432 0.166667
0 0.655864 0.583333 0.018519 0.138889
0 0.679012 0.444444 0.021605 0.111111
0 0.686728 0.569444 0.015432 0.166667
0 0.702160 0.680556 0.021605 0.111111
0 0.705247 0.597222 0.015432 0.166667
0 0.722222 0.402778 0.018519 0.111111
0 0.709877 0.486111 0.018519 0.138889
0 0.722222 0.555556 0.018519 0.166667
0 0.736111 0.500000 0.015432 0.166667
0 0.753086 0.625000 0.015432 0.166667
0 0.762346 0.472222 0.015432 0.166667
0 0.773148 0.319444 0.015432 0.138889
0 0.779321 0.416667 0.015432 0.166667
0 0.779321 0.472222 0.018519 0.111111
0 0.783951 0.555556 0.021605 0.111111
0 0.783951 0.750000 0.015432 0.111111
0 0.788580 0.666667 0.012346 0.138889
0 0.813272 0.694444 0.021605 0.111111
0 0.824074 0.611111 0.021605 0.083333
0 0.800926 0.611111 0.018519 0.111111
0 0.836420 0.583333 0.012346 0.166667
0 0.816358 0.402778 0.015432 0.138889
0 0.816358 0.263889 0.021605 0.111111
0 0.861111 0.347222 0.012346 0.166667
0 0.850309 0.541667 0.012346 0.166667
0 0.870370 0.500000 0.018519 0.111111
0 0.879630 0.597222 0.021605 0.111111
0 0.896605 0.680556 0.015432 0.166667
0 0.898148 0.805556 0.021605 0.111111
0 0.913580 0.597222 0.024691 0.111111
0 0.916667 0.472222 0.021605 0.111111
0 0.950617 0.638889 0.024691 0.111111
0 0.962963 0.805556 0.024691 0.111111
0 0.987654 0.402778 0.021605 0.222222
0 0.861111 0.597222 0.021605 0.083333