1 0.936667 0.870732 0.053333 0.039024
1 0.960000 0.924390 0.080000 0.043902
1 0.025000 0.880488 0.050000 0.043902
1 0.030000 0.841463 0.060000 0.043902
1 0.486667 0.880488 0.066667 0.053659
1 0.353333 0.907317 0.073333 0.043902
1 0.923333 0.756098 0.080000 0.048780
1 0.696667 0.778049 0.060000 0.053659
1 0.323333 0.829268 0.073333 0.048780
1 0.483333 0.809756 0.080000 0.048780
1 0.026667 0.678049 0.053333 0.039024
1 0.025000 0.707317 0.050000 0.043902
1 0.210000 0.731707 0.066667 0.053659
1 0.286667 0.658537 0.060000 0.053659
1 0.353333 0.748780 0.060000 0.053659
1 0.646667 0.741463 0.066667 0.048780
1 0.830000 0.651220 0.073333 0.043902
1 0.923333 0.551220 0.060000 0.058537
1 0.870000 0.548780 0.053333 0.053659
1 0.740000 0.509756 0.073333 0.053659
1 0.026667 0.509756 0.053333 0.048780
1 0.090000 0.495122 0.080000 0.048780
1 0.313333 0.519512 0.060000 0.039024
1 0.266667 0.575610 0.080000 0.048780
1 0.113333 0.582927 0.066667 0.048780
1 0.940000 0.273171 0.066667 0.053659
1 0.046667 0.346341 0.060000 0.043902
1 0.766667 0.246341 0.053333 0.043902
1 0.730000 0.285366 0.053333 0.039024
1 0.740000 0.339024 0.060000 0.053659
1 0.283333 0.326829 0.080000 0.053659
1 0.406667 0.339024 0.060000 0.048780
1 0.460000 0.329268 0.066667 0.053659
1 0.546667 0.260976 0.046667 0.048780
1 0.583333 0.217073 0.066667 0.048780
1 0.526667 0.239024 0.060000 0.043902
1 0.300000 0.265854 0.073333 0.053659
1 0.413333 0.239024 0.060000 0.058537
1 0.590000 0.126829 0.060000 0.058537
1 0.323333 0.195122 0.053333 0.048780
1 0.346667 0.207317 0.046667 0.048780
1 0.025000 0.258537 0.050000 0.039024
1 0.021667 0.219512 0.043333 0.039024
1 0.018333 0.190244 0.036667 0.034146
1 0.053333 0.229268 0.066667 0.048780
1 0.063333 0.170732 0.073333 0.048780
1 0.086667 0.131707 0.066667 0.039024
1 0.126667 0.156098 0.073333 0.043902
1 0.556667 0.102439 0.080000 0.043902
1 0.443333 0.121951 0.060000 0.039024
1 0.440000 0.151220 0.066667 0.048780
1 0.450000 0.065854 0.073333 0.039024
1 0.443333 0.031707 0.073333 0.034146
1 0.366667 0.080488 0.060000 0.043902
1 0.283333 0.097561 0.066667 0.053659
1 0.250000 0.026829 0.053333 0.048780
1 0.173333 0.082927 0.073333 0.048780
1 0.200000 0.041463 0.080000 0.048780
1 0.096667 0.029268 0.073333 0.043902
1 0.030000 0.078049 0.060000 0.039024
1 0.021667 0.043902 0.043333 0.043902