1 0.540000 0.981707 0.060000 0.036585
1 0.060000 0.968293 0.053333 0.039024
1 0.256667 0.946341 0.073333 0.048780
1 0.283333 0.929268 0.046667 0.039024
1 0.666667 0.702439 0.066667 0.043902
1 0.510000 0.663415 0.080000 0.053659
1 0.233333 0.658537 0.080000 0.043902
1 0.030000 0.709756 0.060000 0.048780
1 0.040000 0.658537 0.053333 0.043902
1 0.566667 0.556098 0.073333 0.053659
1 0.453333 0.580488 0.060000 0.058537
1 0.360000 0.556098 0.060000 0.043902
1 0.493333 0.426829 0.060000 0.048780
1 0.396667 0.485366 0.046667 0.048780
1 0.370000 0.492683 0.066667 0.043902
1 0.300000 0.492683 0.073333 0.053659
1 0.366667 0.453659 0.066667 0.043902
1 0.018333 0.526829 0.036667 0.048780
1 0.080000 0.463415 0.080000 0.043902
1 0.110000 0.421951 0.060000 0.043902
1 0.126667 0.375610 0.060000 0.048780
1 0.943333 0.204878 0.060000 0.043902
1 0.683333 0.358537 0.080000 0.048780
1 0.673333 0.397561 0.080000 0.043902
1 0.723333 0.202439 0.060000 0.053659
1 0.520000 0.363415 0.073333 0.043902
1 0.543333 0.341463 0.066667 0.034146
1 0.573333 0.329268 0.066667 0.043902
1 0.590000 0.251220 0.066667 0.058537
1 0.656667 0.114634 0.066667 0.048780
1 0.646667 0.015854 0.080000 0.031707
1 0.333333 0.368293 0.080000 0.043902
1 0.446667 0.234146 0.080000 0.039024
1 0.430000 0.265854 0.080000 0.039024
1 0.226667 0.321951 0.073333 0.039024
1 0.286667 0.319512 0.080000 0.043902
1 0.333333 0.219512 0.073333 0.048780
1 0.230000 0.263415 0.086667 0.043902
1 0.290000 0.148780 0.060000 0.043902
1 0.226667 0.209756 0.066667 0.048780
1 0.170000 0.168293 0.073333 0.053659
1 0.116667 0.241463 0.060000 0.048780
1 0.021667 0.251220 0.043333 0.043902
1 0.040000 0.221951 0.073333 0.043902
1 0.106667 0.063415 0.093333 0.048780
1 0.020000 0.087805 0.040000 0.043902
1 0.011667 0.136585 0.023333 0.053659
1 0.010000 0.182927 0.020000 0.053659