1 0.060000 0.919512 0.046667 0.039024
1 0.540000 0.931707 0.066667 0.053659
1 0.930000 0.941463 0.073333 0.048780
1 0.996667 0.912195 0.006667 0.043902
1 0.976667 0.897561 0.046667 0.039024
1 0.060000 0.831707 0.066667 0.043902
1 0.326667 0.892683 0.073333 0.039024
1 0.893333 0.778049 0.073333 0.043902
1 0.690000 0.758537 0.053333 0.043902
1 0.730000 0.775610 0.053333 0.053659
1 0.790000 0.678049 0.073333 0.043902
1 0.903333 0.634146 0.053333 0.053659
1 0.973333 0.626829 0.053333 0.058537
1 0.971667 0.368293 0.056667 0.058537
1 0.743333 0.563415 0.066667 0.053659
1 0.473333 0.800000 0.080000 0.043902
1 0.353333 0.802439 0.066667 0.053659
1 0.303333 0.841463 0.080000 0.039024
1 0.226667 0.792683 0.053333 0.053659
1 0.276667 0.770732 0.060000 0.048780
1 0.043333 0.709756 0.053333 0.043902
1 0.100000 0.717073 0.073333 0.048780
1 0.150000 0.614634 0.073333 0.048780
1 0.270000 0.600000 0.073333 0.043902
1 0.066667 0.495122 0.060000 0.048780
1 0.070000 0.556098 0.073333 0.039024
1 0.190000 0.565854 0.073333 0.043902
1 0.310000 0.517073 0.060000 0.039024
1 0.090000 0.390244 0.053333 0.048780
1 0.423333 0.397561 0.066667 0.048780
1 0.790000 0.273171 0.046667 0.039024
1 0.766667 0.314634 0.046667 0.034146
1 0.753333 0.336585 0.066667 0.043902
1 0.106667 0.309756 0.073333 0.048780
1 0.283333 0.339024 0.086667 0.043902
1 0.306667 0.292683 0.086667 0.053659
1 0.490000 0.309756 0.073333 0.048780
1 0.633333 0.280488 0.066667 0.053659
1 0.543333 0.251220 0.066667 0.039024
1 0.550000 0.275610 0.066667 0.043902
1 0.636667 0.207317 0.066667 0.053659
1 0.380000 0.219512 0.066667 0.048780
1 0.393333 0.253659 0.060000 0.048780
1 0.436667 0.229268 0.060000 0.048780
1 0.610000 0.131707 0.080000 0.048780
1 0.520000 0.173171 0.073333 0.048780
1 0.460000 0.178049 0.080000 0.053659
1 0.110000 0.241463 0.066667 0.053659
1 0.593333 0.043902 0.073333 0.048780
1 0.530000 0.034146 0.073333 0.039024
1 0.540000 0.085366 0.073333 0.043902
1 0.453333 0.082927 0.080000 0.043902
1 0.376667 0.082927 0.060000 0.053659
1 0.400000 0.109756 0.053333 0.048780
1 0.336667 0.158537 0.066667 0.048780
1 0.283333 0.056098 0.046667 0.039024
1 0.076667 0.214634 0.066667 0.034146
1 0.170000 0.185366 0.060000 0.048780
1 0.086667 0.187805 0.066667 0.043902
1 0.036667 0.165854 0.040000 0.048780
1 0.143333 0.148780 0.066667 0.043902
1 0.103333 0.121951 0.060000 0.043902
1 0.073333 0.082927 0.066667 0.048780
1 0.166667 0.056098 0.073333 0.039024
1 0.136667 0.036585 0.066667 0.034146