1 0.966667 0.919512 0.060000 0.043902
1 0.670000 0.978049 0.080000 0.043902
1 0.978333 0.702439 0.043333 0.048780
1 0.030000 0.926829 0.053333 0.048780
1 0.006667 0.839024 0.013333 0.068293
1 0.256667 0.819512 0.060000 0.048780
1 0.416667 0.785366 0.073333 0.068293
1 0.716667 0.731707 0.086667 0.043902
1 0.136667 0.773171 0.053333 0.043902
1 0.110000 0.736585 0.053333 0.039024
1 0.056667 0.690244 0.066667 0.043902
1 0.436667 0.695122 0.066667 0.063415
1 0.580000 0.597561 0.066667 0.058537
1 0.566667 0.548780 0.066667 0.063415
1 0.413333 0.590244 0.086667 0.048780
1 0.018333 0.634146 0.036667 0.039024
1 0.018333 0.558537 0.036667 0.043902
1 0.106667 0.565854 0.046667 0.043902
1 0.043333 0.502439 0.053333 0.039024
1 0.426667 0.524390 0.066667 0.048780
1 0.416667 0.482927 0.046667 0.039024
1 0.713333 0.451220 0.066667 0.053659
1 0.153333 0.392683 0.053333 0.053659
1 0.613333 0.334146 0.060000 0.048780
1 0.520000 0.353659 0.066667 0.053659
1 0.436667 0.302439 0.086667 0.048780
1 0.356667 0.353659 0.073333 0.039024
1 0.206667 0.351220 0.066667 0.048780
1 0.336667 0.331707 0.080000 0.039024
1 0.350000 0.297561 0.086667 0.034146
1 0.356667 0.280488 0.073333 0.034146
1 0.350000 0.251220 0.080000 0.039024
1 0.028333 0.290244 0.056667 0.043902
1 0.066667 0.290244 0.060000 0.043902
1 0.120000 0.278049 0.066667 0.048780
1 0.163333 0.285366 0.066667 0.048780
1 0.216667 0.241463 0.066667 0.043902
1 0.270000 0.200000 0.073333 0.043902
1 0.025000 0.202439 0.050000 0.048780
1 0.133333 0.170732 0.073333 0.043902
1 0.096667 0.153659 0.073333 0.043902
1 0.023333 0.051220 0.046667 0.048780
1 0.210000 0.090244 0.066667 0.048780
1 0.230000 0.146341 0.066667 0.048780
1 0.446667 0.119512 0.066667 0.048780
1 0.363333 0.024390 0.080000 0.048780
1 0.676667 0.124390 0.080000 0.053659
1 0.971667 0.100000 0.056667 0.053659
1 0.943333 0.034146 0.066667 0.043902