1 0.976667 0.909756 0.046667 0.039024
1 0.653333 0.980488 0.073333 0.039024
1 0.040000 0.912195 0.053333 0.053659
1 0.276667 0.834146 0.053333 0.043902
1 0.703333 0.721951 0.073333 0.043902
1 0.033333 0.704878 0.060000 0.043902
1 0.113333 0.768293 0.053333 0.058537
1 0.383333 0.714634 0.073333 0.063415
1 0.413333 0.656098 0.066667 0.058537
1 0.033333 0.624390 0.066667 0.048780
1 0.053333 0.578049 0.053333 0.043902
1 0.100000 0.560976 0.053333 0.039024
1 0.036667 0.492683 0.053333 0.043902
1 0.403333 0.580488 0.080000 0.043902
1 0.446667 0.568293 0.060000 0.053659
1 0.423333 0.497561 0.060000 0.043902
1 0.553333 0.500000 0.060000 0.053659
1 0.590000 0.507317 0.060000 0.048780
1 0.723333 0.392683 0.060000 0.053659
1 0.606667 0.336585 0.053333 0.043902
1 0.526667 0.397561 0.073333 0.053659
1 0.963333 0.129268 0.060000 0.048780
1 0.963333 0.029268 0.046667 0.043902
1 0.710000 0.100000 0.066667 0.053659
1 0.670000 0.119512 0.053333 0.043902
1 0.493333 0.309756 0.086667 0.048780
1 0.393333 0.370732 0.060000 0.043902
1 0.230000 0.375610 0.080000 0.048780
1 0.146667 0.348780 0.053333 0.048780
1 0.383333 0.334146 0.080000 0.034146
1 0.393333 0.312195 0.080000 0.034146
1 0.406667 0.282927 0.073333 0.039024
1 0.356667 0.236585 0.080000 0.043902
1 0.333333 0.207317 0.080000 0.034146
1 0.416667 0.129268 0.073333 0.053659
1 0.233333 0.270732 0.053333 0.053659
1 0.193333 0.273171 0.073333 0.043902
1 0.183333 0.302439 0.080000 0.048780
1 0.043333 0.270732 0.073333 0.043902
1 0.035000 0.231707 0.070000 0.043902
1 0.066667 0.217073 0.080000 0.043902
1 0.043333 0.104878 0.073333 0.053659
1 0.023333 0.034146 0.046667 0.043902
1 0.183333 0.165854 0.080000 0.048780
1 0.263333 0.119512 0.066667 0.058537
1 0.200000 0.070732 0.073333 0.053659
1 0.390000 0.021951 0.073333 0.043902