1 0.276667 0.017073 0.066667 0.034146
1 0.116667 0.134146 0.066667 0.048780
1 0.206667 0.151220 0.066667 0.048780
1 0.313333 0.092683 0.066667 0.048780
1 0.333333 0.062195 0.053333 0.036585
1 0.415000 0.082927 0.056667 0.043902
1 0.456667 0.075610 0.060000 0.048780
1 0.545000 0.046341 0.056667 0.048780
1 0.616667 0.034146 0.066667 0.048780
1 0.503333 0.117073 0.066667 0.048780
1 0.553333 0.112195 0.066667 0.048780
1 0.583333 0.095122 0.066667 0.048780
1 0.916667 0.046341 0.066667 0.048780
1 0.796667 0.117073 0.066667 0.048780
1 0.631667 0.158537 0.070000 0.053659
1 0.705000 0.186585 0.076667 0.051220
1 0.563333 0.180488 0.066667 0.048780
1 0.431667 0.168293 0.063333 0.048780
1 0.150000 0.206098 0.093333 0.051220
1 0.200000 0.236585 0.066667 0.048780
1 0.208333 0.264634 0.076667 0.041463
1 0.210000 0.292683 0.066667 0.039024
1 0.290000 0.273171 0.066667 0.048780
1 0.353333 0.331707 0.066667 0.048780
1 0.500000 0.336585 0.066667 0.048780
1 0.815000 0.268293 0.056667 0.043902
1 0.900000 0.167073 0.066667 0.070732
1 0.941667 0.312195 0.083333 0.043902
1 0.126667 0.308537 0.073333 0.051220
1 0.128333 0.385366 0.070000 0.048780
1 0.206667 0.429268 0.073333 0.043902
1 0.153333 0.460976 0.080000 0.053659
1 0.265000 0.500000 0.056667 0.043902
1 0.235000 0.543902 0.050000 0.048780
1 0.233333 0.582927 0.066667 0.048780
1 0.423333 0.509756 0.066667 0.039024
1 0.438333 0.568293 0.056667 0.048780
1 0.488333 0.619512 0.076667 0.053659
1 0.616667 0.480488 0.066667 0.048780
1 0.625000 0.521951 0.056667 0.043902
1 0.730000 0.471951 0.066667 0.056098
1 0.838333 0.618293 0.090000 0.046341
1 0.956667 0.696341 0.053333 0.041463
1 0.363333 0.702439 0.046667 0.048780
1 0.328333 0.667073 0.056667 0.041463
1 0.245000 0.678049 0.056667 0.043902
1 0.121667 0.650000 0.063333 0.041463
1 0.070000 0.658537 0.066667 0.048780
1 0.021667 0.724390 0.043333 0.048780
1 0.053333 0.851220 0.066667 0.048780
1 0.106667 0.870732 0.066667 0.048780
1 0.166667 0.824390 0.046667 0.048780
1 0.278333 0.809756 0.063333 0.048780
1 0.293333 0.891463 0.060000 0.046341
1 0.678333 0.890244 0.056667 0.048780
1 0.053333 0.981707 0.066667 0.036585
1 0.530000 0.973171 0.066667 0.048780
1 0.570000 0.941463 0.060000 0.048780
1 0.610000 0.958537 0.066667 0.048780
1 0.803333 0.981707 0.066667 0.036585
1 0.036667 0.319512 0.066667 0.048780
1 0.023333 0.385366 0.046667 0.048780