1 0.021667 0.882927 0.043333 0.039024
1 0.940000 0.868293 0.053333 0.039024
1 0.933333 0.921951 0.080000 0.048780
1 0.493333 0.892683 0.066667 0.053659
1 0.326667 0.887805 0.073333 0.048780
1 0.296667 0.831707 0.073333 0.043902
1 0.028333 0.826829 0.056667 0.048780
1 0.466667 0.790244 0.080000 0.048780
1 0.890000 0.758537 0.080000 0.048780
1 0.696667 0.763415 0.060000 0.053659
1 0.035000 0.675610 0.070000 0.039024
1 0.031667 0.695122 0.063333 0.034146
1 0.266667 0.702439 0.060000 0.053659
1 0.210000 0.748780 0.073333 0.053659
1 0.333333 0.763415 0.066667 0.053659
1 0.653333 0.739024 0.066667 0.048780
1 0.793333 0.653659 0.080000 0.043902
1 0.930000 0.573171 0.060000 0.053659
1 0.873333 0.580488 0.060000 0.053659
1 0.296667 0.502439 0.066667 0.039024
1 0.246667 0.573171 0.073333 0.039024
1 0.103333 0.578049 0.066667 0.043902
1 0.123333 0.519512 0.073333 0.048780
1 0.025000 0.526829 0.050000 0.039024
1 0.026667 0.490244 0.053333 0.048780
1 0.730000 0.519512 0.073333 0.048780
1 0.936667 0.309756 0.066667 0.058537
1 0.723333 0.321951 0.053333 0.048780
1 0.760000 0.246341 0.053333 0.039024
1 0.726667 0.290244 0.046667 0.034146
1 0.046667 0.356098 0.053333 0.048780
1 0.396667 0.353659 0.066667 0.048780
1 0.266667 0.319512 0.080000 0.048780
1 0.456667 0.302439 0.066667 0.053659
1 0.520000 0.246341 0.060000 0.048780
1 0.536667 0.243902 0.053333 0.048780
1 0.590000 0.234146 0.066667 0.048780
1 0.290000 0.270732 0.086667 0.053659
1 0.040000 0.273171 0.073333 0.053659
1 0.406667 0.221951 0.060000 0.053659
1 0.596667 0.153659 0.066667 0.058537
1 0.556667 0.104878 0.080000 0.048780
1 0.473333 0.136585 0.073333 0.043902
1 0.430000 0.148780 0.080000 0.043902
1 0.340000 0.185366 0.066667 0.039024
1 0.353333 0.214634 0.046667 0.048780
1 0.026667 0.195122 0.053333 0.043902
1 0.063333 0.219512 0.066667 0.048780
1 0.053333 0.158537 0.080000 0.043902
1 0.130000 0.156098 0.066667 0.043902
1 0.093333 0.126829 0.066667 0.039024
1 0.296667 0.114634 0.066667 0.048780
1 0.050000 0.092683 0.066667 0.048780
1 0.143333 0.090244 0.080000 0.043902
1 0.028333 0.051220 0.056667 0.043902
1 0.076667 0.034146 0.046667 0.048780
1 0.156667 0.036585 0.080000 0.043902
1 0.110000 0.014634 0.060000 0.029268
1 0.250000 0.029268 0.053333 0.039024
1 0.363333 0.082927 0.053333 0.048780
1 0.326667 0.029268 0.066667 0.048780
1 0.426667 0.063415 0.073333 0.048780
1 0.470000 0.046341 0.073333 0.043902
1 0.516667 0.012195 0.073333 0.024390
1 0.460000 0.007317 0.066667 0.014634