1 0.971667 0.882927 0.056667 0.048780
1 0.850000 0.907317 0.080000 0.043902
1 0.506667 0.912195 0.066667 0.053659
1 0.036667 0.895122 0.060000 0.043902
1 0.028333 0.795122 0.056667 0.048780
1 0.263333 0.860976 0.080000 0.043902
1 0.840000 0.743902 0.080000 0.048780
1 0.660000 0.729268 0.060000 0.048780
1 0.693333 0.731707 0.053333 0.053659
1 0.950000 0.631707 0.060000 0.058537
1 0.866667 0.631707 0.066667 0.058537
1 0.730000 0.648780 0.086667 0.043902
1 0.416667 0.765854 0.080000 0.048780
1 0.300000 0.795122 0.073333 0.048780
1 0.226667 0.802439 0.073333 0.039024
1 0.206667 0.775610 0.060000 0.043902
1 0.093333 0.709756 0.073333 0.053659
1 0.683333 0.558537 0.073333 0.053659
1 0.943333 0.375610 0.060000 0.053659
1 0.116667 0.607317 0.066667 0.053659
1 0.220000 0.573171 0.073333 0.043902
1 0.183333 0.551220 0.073333 0.043902
1 0.046667 0.539024 0.080000 0.048780
1 0.256667 0.482927 0.060000 0.043902
1 0.050000 0.453659 0.066667 0.048780
1 0.063333 0.375610 0.060000 0.048780
1 0.376667 0.382927 0.073333 0.048780
1 0.756667 0.251220 0.046667 0.039024
1 0.736667 0.287805 0.053333 0.039024
1 0.706667 0.304878 0.080000 0.043902
1 0.106667 0.304878 0.080000 0.048780
1 0.223333 0.317073 0.086667 0.053659
1 0.246667 0.258537 0.086667 0.053659
1 0.596667 0.270732 0.066667 0.053659
1 0.606667 0.197561 0.060000 0.048780
1 0.510000 0.251220 0.066667 0.043902
1 0.443333 0.278049 0.073333 0.043902
1 0.356667 0.243902 0.066667 0.048780
1 0.486667 0.212195 0.066667 0.048780
1 0.376667 0.190244 0.053333 0.048780
1 0.343333 0.192683 0.060000 0.048780
1 0.300000 0.141463 0.060000 0.048780
1 0.406667 0.146341 0.080000 0.048780
1 0.503333 0.148780 0.080000 0.043902
1 0.576667 0.102439 0.046667 0.043902
1 0.553333 0.102439 0.053333 0.039024
1 0.530000 0.070732 0.066667 0.039024
1 0.586667 0.024390 0.066667 0.043902
1 0.526667 0.020732 0.073333 0.041463
1 0.403333 0.063415 0.073333 0.043902
1 0.350000 0.075610 0.066667 0.048780
1 0.260000 0.036585 0.060000 0.043902
1 0.130000 0.156098 0.060000 0.048780
1 0.076667 0.212195 0.060000 0.048780
1 0.043333 0.190244 0.060000 0.039024
1 0.123333 0.112195 0.073333 0.043902
1 0.028333 0.158537 0.056667 0.043902
1 0.063333 0.124390 0.066667 0.043902
1 0.016667 0.126829 0.033333 0.048780
1 0.083333 0.068293 0.046667 0.048780
1 0.120000 0.039024 0.060000 0.048780
1 0.063333 0.024390 0.053333 0.043902
1 0.050000 0.065854 0.066667 0.048780