1 0.550000 0.982927 0.066667 0.034146
1 0.056667 0.968293 0.053333 0.039024
1 0.023333 0.890244 0.046667 0.039024
1 0.300000 0.917073 0.060000 0.043902
1 0.283333 0.965854 0.080000 0.053659
1 0.976667 0.880488 0.046667 0.034146
1 0.680000 0.707317 0.073333 0.048780
1 0.035000 0.714634 0.070000 0.053659
1 0.050000 0.651220 0.060000 0.043902
1 0.015000 0.656098 0.030000 0.043902
1 0.203333 0.658537 0.080000 0.043902
1 0.483333 0.639024 0.080000 0.048780
1 0.453333 0.595122 0.066667 0.058537
1 0.556667 0.536585 0.060000 0.053659
1 0.370000 0.563415 0.053333 0.043902
1 0.060000 0.443902 0.073333 0.048780
1 0.120000 0.363415 0.053333 0.053659
1 0.310000 0.519512 0.073333 0.058537
1 0.380000 0.490244 0.066667 0.043902
1 0.396667 0.473171 0.053333 0.048780
1 0.353333 0.451220 0.080000 0.043902
1 0.490000 0.412195 0.066667 0.058537
1 0.656667 0.409756 0.086667 0.048780
1 0.656667 0.348780 0.080000 0.048780
1 0.583333 0.336585 0.066667 0.048780
1 0.530000 0.329268 0.080000 0.043902
1 0.496667 0.346341 0.080000 0.043902
1 0.320000 0.360976 0.086667 0.048780
1 0.203333 0.307317 0.080000 0.043902
1 0.263333 0.307317 0.080000 0.043902
1 0.600000 0.285366 0.066667 0.063415
1 0.730000 0.221951 0.060000 0.048780
1 0.953333 0.195122 0.060000 0.043902
1 0.663333 0.114634 0.066667 0.048780
1 0.600000 0.015854 0.080000 0.031707
1 0.423333 0.229268 0.080000 0.039024
1 0.416667 0.263415 0.080000 0.039024
1 0.343333 0.209756 0.073333 0.048780
1 0.200000 0.260976 0.086667 0.043902
1 0.230000 0.226829 0.066667 0.048780
1 0.116667 0.236585 0.060000 0.043902
1 0.170000 0.182927 0.073333 0.053659
1 0.286667 0.153659 0.073333 0.048780
1 0.031667 0.212195 0.063333 0.043902
1 0.063333 0.046341 0.080000 0.039024