1 0.636667 0.981707 0.093333 0.036585
1 0.703333 0.717073 0.066667 0.043902
1 0.276667 0.841463 0.053333 0.039024
1 0.046667 0.902439 0.060000 0.053659
1 0.106667 0.756098 0.073333 0.053659
1 0.366667 0.675610 0.073333 0.058537
1 0.416667 0.639024 0.073333 0.058537
1 0.456667 0.582927 0.060000 0.053659
1 0.396667 0.587805 0.073333 0.053659
1 0.025000 0.702439 0.050000 0.043902
1 0.006667 0.626829 0.013333 0.039024
1 0.066667 0.636585 0.080000 0.043902
1 0.063333 0.587805 0.046667 0.039024
1 0.083333 0.560976 0.046667 0.039024
1 0.023333 0.490244 0.046667 0.043902
1 0.420000 0.500000 0.060000 0.048780
1 0.726667 0.358537 0.060000 0.053659
1 0.566667 0.480488 0.073333 0.053659
1 0.593333 0.460976 0.060000 0.058537
1 0.536667 0.426829 0.073333 0.058537
1 0.610000 0.339024 0.053333 0.048780
1 0.533333 0.314634 0.086667 0.048780
1 0.400000 0.385366 0.060000 0.053659
1 0.253333 0.382927 0.086667 0.043902
1 0.146667 0.336585 0.053333 0.048780
1 0.196667 0.307317 0.080000 0.043902
1 0.230000 0.270732 0.046667 0.048780
1 0.196667 0.260976 0.060000 0.053659
1 0.356667 0.236585 0.073333 0.039024
1 0.356667 0.209756 0.080000 0.039024
1 0.430000 0.285366 0.080000 0.039024
1 0.413333 0.334146 0.086667 0.034146
1 0.423333 0.317073 0.080000 0.034146
1 0.070000 0.265854 0.086667 0.039024
1 0.056667 0.239024 0.060000 0.034146
1 0.086667 0.224390 0.073333 0.048780
1 0.206667 0.156098 0.066667 0.048780
1 0.021667 0.090244 0.043333 0.043902
1 0.015000 0.019512 0.030000 0.039024
1 0.200000 0.056098 0.073333 0.053659
1 0.253333 0.092683 0.060000 0.053659
1 0.403333 0.141463 0.073333 0.053659
1 0.666667 0.119512 0.060000 0.043902
1 0.730000 0.070732 0.066667 0.053659
1 0.960000 0.146341 0.053333 0.053659
1 0.970000 0.029268 0.046667 0.043902