1 0.510000 0.953659 0.073333 0.053659
1 0.763333 0.921951 0.073333 0.053659
1 0.886667 0.841463 0.086667 0.053659
1 0.973333 0.734146 0.053333 0.058537
1 0.956667 0.878049 0.053333 0.048780
1 0.015000 0.931707 0.030000 0.043902
1 0.050000 0.946341 0.060000 0.039024
1 0.050000 0.904878 0.060000 0.043902
1 0.126667 0.858537 0.053333 0.043902
1 0.230000 0.892683 0.073333 0.053659
1 0.803333 0.643902 0.073333 0.043902
1 0.783333 0.695122 0.080000 0.053659
1 0.936667 0.453659 0.073333 0.053659
1 0.693333 0.687805 0.066667 0.058537
1 0.646667 0.707317 0.066667 0.053659
1 0.623333 0.643902 0.093333 0.048780
1 0.603333 0.587805 0.080000 0.053659
1 0.243333 0.829268 0.073333 0.048780
1 0.193333 0.831707 0.060000 0.053659
1 0.153333 0.775610 0.073333 0.043902
1 0.133333 0.746341 0.060000 0.053659
1 0.026667 0.770732 0.053333 0.043902
1 0.313333 0.712195 0.073333 0.048780
1 0.130000 0.675610 0.066667 0.058537
1 0.130000 0.546341 0.080000 0.043902
1 0.226667 0.570732 0.086667 0.039024
1 0.243333 0.548780 0.060000 0.043902
1 0.800000 0.270732 0.060000 0.043902
1 0.750000 0.304878 0.060000 0.048780
1 0.680000 0.302439 0.080000 0.043902
1 0.590000 0.346341 0.060000 0.053659
1 0.360000 0.402439 0.073333 0.053659
1 0.210000 0.460976 0.066667 0.043902
1 0.015000 0.407317 0.030000 0.048780
1 0.066667 0.392683 0.046667 0.043902
1 0.096667 0.421951 0.060000 0.048780
1 0.183333 0.392683 0.073333 0.053659
1 0.183333 0.339024 0.073333 0.053659
1 0.290000 0.302439 0.073333 0.053659
1 0.376667 0.265854 0.086667 0.053659
1 0.483333 0.268293 0.053333 0.043902
1 0.593333 0.263415 0.073333 0.053659
1 0.028333 0.270732 0.056667 0.043902
1 0.836667 0.039024 0.073333 0.053659
1 0.723333 0.085366 0.073333 0.053659
1 0.640000 0.053659 0.066667 0.043902
1 0.570000 0.020732 0.073333 0.041463
1 0.600000 0.119512 0.073333 0.053659
1 0.550000 0.163415 0.073333 0.043902
1 0.460000 0.182927 0.073333 0.048780
1 0.413333 0.087805 0.073333 0.048780
1 0.380000 0.139024 0.073333 0.053659
1 0.340000 0.182927 0.073333 0.043902
1 0.303333 0.165854 0.060000 0.039024
1 0.346667 0.070732 0.053333 0.043902
1 0.326667 0.104878 0.073333 0.043902
1 0.276667 0.046341 0.046667 0.039024
1 0.200000 0.217073 0.080000 0.053659
1 0.106667 0.200000 0.073333 0.048780
1 0.066667 0.175610 0.053333 0.048780
1 0.066667 0.065854 0.060000 0.048780
1 0.146667 0.070732 0.060000 0.043902
1 0.176667 0.097561 0.066667 0.043902
1 0.126667 0.095122 0.060000 0.043902
1 0.080000 0.102439 0.060000 0.048780
1 0.100000 0.139024 0.060000 0.048780