1 0.978333 0.895122 0.043333 0.043902
1 0.593333 0.982927 0.086667 0.034146
1 0.040000 0.973171 0.066667 0.039024
1 0.296667 0.890244 0.060000 0.048780
1 0.050000 0.887805 0.066667 0.043902
1 0.693333 0.709756 0.073333 0.048780
1 0.060000 0.734146 0.073333 0.053659
1 0.146667 0.660976 0.080000 0.048780
1 0.070000 0.634146 0.053333 0.043902
1 0.011667 0.643902 0.023333 0.043902
1 0.050000 0.578049 0.053333 0.039024
1 0.476667 0.626829 0.080000 0.053659
1 0.436667 0.607317 0.066667 0.048780
1 0.393333 0.573171 0.066667 0.048780
1 0.330000 0.585366 0.066667 0.068293
1 0.553333 0.497561 0.060000 0.058537
1 0.606667 0.441463 0.073333 0.053659
1 0.400000 0.495122 0.066667 0.048780
1 0.413333 0.448780 0.066667 0.053659
1 0.046667 0.470732 0.060000 0.043902
1 0.303333 0.429268 0.080000 0.048780
1 0.031667 0.407317 0.063333 0.048780
1 0.460000 0.373171 0.066667 0.043902
1 0.610000 0.334146 0.086667 0.053659
1 0.733333 0.256098 0.066667 0.048780
1 0.960000 0.173171 0.066667 0.048780
1 0.130000 0.329268 0.066667 0.048780
1 0.270000 0.348780 0.086667 0.048780
1 0.450000 0.321951 0.080000 0.039024
1 0.466667 0.300000 0.073333 0.039024
1 0.663333 0.114634 0.066667 0.048780
1 0.406667 0.263415 0.080000 0.043902
1 0.393333 0.212195 0.080000 0.039024
1 0.360000 0.185366 0.073333 0.048780
1 0.233333 0.270732 0.053333 0.039024
1 0.216667 0.236585 0.060000 0.043902
1 0.126667 0.275610 0.060000 0.043902
1 0.150000 0.246341 0.086667 0.039024
1 0.150000 0.209756 0.073333 0.048780
1 0.260000 0.151220 0.073333 0.043902
1 0.016667 0.212195 0.033333 0.043902
1 0.015000 0.131707 0.030000 0.043902
1 0.163333 0.019512 0.073333 0.039024
1 0.513333 0.019512 0.080000 0.039024