1 0.620000 0.982927 0.080000 0.034146
1 0.978333 0.907317 0.043333 0.043902
1 0.290000 0.863415 0.053333 0.053659
1 0.706667 0.714634 0.080000 0.043902
1 0.050000 0.897561 0.060000 0.043902
1 0.090000 0.751220 0.073333 0.058537
1 0.023333 0.702439 0.046667 0.039024
1 0.086667 0.651220 0.073333 0.043902
1 0.008333 0.629268 0.016667 0.034146
1 0.073333 0.604878 0.046667 0.043902
1 0.080000 0.563415 0.053333 0.039024
1 0.020000 0.485366 0.040000 0.043902
1 0.353333 0.646341 0.066667 0.073171
1 0.423333 0.624390 0.073333 0.053659
1 0.466667 0.597561 0.066667 0.053659
1 0.396667 0.580488 0.073333 0.048780
1 0.416667 0.500000 0.060000 0.048780
1 0.576667 0.470732 0.073333 0.053659
1 0.530000 0.441463 0.053333 0.048780
1 0.606667 0.421951 0.066667 0.063415
1 0.733333 0.319512 0.060000 0.053659
1 0.263333 0.390244 0.080000 0.043902
1 0.413333 0.409756 0.066667 0.053659
1 0.606667 0.339024 0.060000 0.053659
1 0.566667 0.319512 0.086667 0.048780
1 0.440000 0.346341 0.086667 0.039024
1 0.443333 0.321951 0.080000 0.034146
1 0.446667 0.287805 0.080000 0.043902
1 0.143333 0.326829 0.066667 0.048780
1 0.213333 0.324390 0.066667 0.043902
1 0.015000 0.373171 0.030000 0.048780
1 0.076667 0.260976 0.060000 0.034146
1 0.080000 0.236585 0.066667 0.034146
1 0.116667 0.221951 0.073333 0.043902
1 0.206667 0.251220 0.066667 0.048780
1 0.246667 0.278049 0.066667 0.053659
1 0.223333 0.156098 0.073333 0.053659
1 0.376667 0.246341 0.073333 0.043902
1 0.373333 0.207317 0.080000 0.043902
1 0.386667 0.160976 0.073333 0.053659
1 0.670000 0.117073 0.066667 0.048780
1 0.960000 0.153659 0.060000 0.053659
1 0.743333 0.046341 0.073333 0.053659
1 0.430000 0.019512 0.073333 0.039024
1 0.246667 0.060976 0.053333 0.053659
1 0.186667 0.034146 0.073333 0.043902
1 0.013333 0.015854 0.026667 0.031707