1 0.141667 0.946341 0.076667 0.048780
1 0.190000 0.937805 0.073333 0.051220
1 0.330000 0.969512 0.066667 0.046341
1 0.388333 0.982927 0.043333 0.034146
1 0.420000 0.995122 0.066667 0.009756
1 0.806667 0.946341 0.073333 0.048780
1 0.113333 0.806098 0.053333 0.041463
1 0.130000 0.837805 0.066667 0.051220
1 0.278333 0.781707 0.056667 0.041463
1 0.401667 0.726829 0.056667 0.039024
1 0.405000 0.779268 0.056667 0.046341
1 0.560000 0.756098 0.060000 0.043902
1 0.695000 0.767073 0.070000 0.060976
1 0.103333 0.678049 0.053333 0.043902
1 0.171667 0.697561 0.070000 0.048780
1 0.620000 0.697561 0.066667 0.053659
1 0.635000 0.651220 0.076667 0.048780
1 0.680000 0.580488 0.080000 0.048780
1 0.123333 0.585366 0.073333 0.058537
1 0.196667 0.551220 0.073333 0.048780
1 0.856667 0.450000 0.073333 0.056098
1 0.741667 0.485366 0.076667 0.053659
1 0.513333 0.531707 0.066667 0.048780
1 0.530000 0.497561 0.053333 0.048780
1 0.423333 0.509756 0.073333 0.053659
1 0.243333 0.465854 0.066667 0.048780
1 0.286667 0.481707 0.066667 0.051220
1 0.301667 0.446341 0.076667 0.048780
1 0.243333 0.417073 0.066667 0.048780
1 0.421667 0.403659 0.063333 0.046341
1 0.651667 0.371951 0.076667 0.051220
1 0.555000 0.307317 0.070000 0.048780
1 0.613333 0.307317 0.073333 0.053659
1 0.170000 0.304878 0.100000 0.053659
1 0.273333 0.324390 0.073333 0.053659
1 0.375000 0.241463 0.070000 0.048780
1 0.076667 0.235366 0.066667 0.046341
1 0.086667 0.182927 0.066667 0.048780
1 0.120000 0.163415 0.066667 0.048780
1 0.161667 0.179268 0.056667 0.046341
1 0.558333 0.232927 0.076667 0.051220
1 0.518333 0.182927 0.076667 0.048780
1 0.396667 0.160976 0.086667 0.048780
1 0.366667 0.141463 0.066667 0.048780
1 0.193333 0.060976 0.060000 0.048780
1 0.306667 0.093902 0.060000 0.051220
1 0.446667 0.042683 0.060000 0.046341
1 0.773333 0.237805 0.066667 0.056098
1 0.845000 0.213415 0.070000 0.051220
1 0.933333 0.181707 0.060000 0.041463
1 0.943333 0.129268 0.060000 0.043902
1 0.840000 0.123171 0.073333 0.051220
1 0.686667 0.075610 0.066667 0.048780