3 0.032158 0.018429 0.020747 0.020833
3 0.020228 0.076923 0.025934 0.025641
3 0.047718 0.060096 0.026971 0.024038
3 0.057054 0.068109 0.024896 0.024038
3 0.058091 0.087340 0.026971 0.024038
3 0.072095 0.168269 0.025934 0.025641
3 0.061203 0.184295 0.031120 0.022436
3 0.082469 0.196314 0.023859 0.020833
3 0.066909 0.215545 0.025934 0.030449
3 0.030083 0.228365 0.026971 0.027244
3 0.058091 0.267628 0.029046 0.025641
3 0.030083 0.302885 0.022822 0.025641
3 0.037863 0.326122 0.025934 0.027244
3 0.020747 0.326923 0.020747 0.025641
3 0.028527 0.347756 0.025934 0.025641
3 0.047199 0.387821 0.028008 0.028846
3 0.029564 0.397436 0.028008 0.022436
3 0.015560 0.415865 0.020747 0.024038
3 0.048755 0.457532 0.024896 0.027244
3 0.048237 0.479167 0.023859 0.025641
3 0.016598 0.485577 0.024896 0.028846
3 0.015560 0.526442 0.020747 0.024038
3 0.043568 0.512019 0.029046 0.024038
3 0.039419 0.528045 0.024896 0.024038
3 0.062241 0.551282 0.029046 0.025641
3 0.064315 0.608974 0.029046 0.025641
3 0.020228 0.669872 0.025934 0.025641
3 0.049274 0.697917 0.034232 0.027244
3 0.043568 0.715545 0.033195 0.020833
3 0.028527 0.735577 0.028008 0.025641
3 0.042531 0.735577 0.024896 0.025641
3 0.032158 0.750801 0.031120 0.024038
3 0.016079 0.773237 0.023859 0.024038
3 0.052386 0.777244 0.032158 0.022436
3 0.038900 0.819712 0.028008 0.027244
3 0.013485 0.822917 0.020747 0.024038
3 0.026971 0.865385 0.026971 0.028846
3 0.038382 0.873397 0.033195 0.019231
3 0.042531 0.913462 0.035270 0.025641
3 0.018672 0.987981 0.020747 0.024038
3 0.041494 0.979167 0.031120 0.032051
3 0.068983 0.963141 0.030083 0.025641
3 0.106846 0.967147 0.029046 0.030449
3 0.094917 0.971154 0.023859 0.025641
3 0.150415 0.995192 0.031120 0.009615
3 0.132780 0.959936 0.026971 0.028846
3 0.114627 0.934295 0.028008 0.025641
3 0.086618 0.932692 0.030083 0.028846
3 0.067946 0.907853 0.023859 0.027244
3 0.055498 0.899038 0.028008 0.028846
3 0.125000 0.906250 0.036307 0.024038
3 0.092842 0.899038 0.032158 0.028846
3 0.092842 0.876603 0.038382 0.025641
3 0.057573 0.866186 0.030083 0.020833
3 0.075726 0.860577 0.031120 0.022436
3 0.048755 0.850962 0.026971 0.025641
3 0.068983 0.846955 0.030083 0.024038
3 0.063278 0.830929 0.029046 0.024038
3 0.107365 0.844551 0.032158 0.025641
3 0.110477 0.848558 0.025934 0.024038
3 0.089212 0.837340 0.026971 0.027244
3 0.089212 0.827724 0.031120 0.027244
3 0.048755 0.810897 0.024896 0.025641
3 0.068465 0.807692 0.020747 0.022436
3 0.065353 0.778045 0.022822 0.024038
3 0.092842 0.802885 0.028008 0.032051
3 0.134855 0.830128 0.031120 0.025641
3 0.139004 0.813301 0.024896 0.024038
3 0.119295 0.818910 0.029046 0.025641
3 0.124481 0.809295 0.031120 0.025641
3 0.129149 0.797276 0.034232 0.027244
3 0.114627 0.775641 0.030083 0.022436
3 0.143154 0.766026 0.029046 0.025641
3 0.125519 0.761218 0.022822 0.025641
3 0.127593 0.744391 0.031120 0.027244
3 0.097510 0.758013 0.024896 0.025641
3 0.082988 0.754006 0.020747 0.030449
3 0.074689 0.741987 0.031120 0.022436
3 0.082469 0.708333 0.032158 0.028846
3 0.072095 0.693910 0.021784 0.025641
3 0.117220 0.714744 0.029046 0.025641
3 0.118257 0.689103 0.029046 0.025641
3 0.082988 0.653846 0.026971 0.028846
3 0.077801 0.628205 0.031120 0.022436
3 0.090249 0.625000 0.026971 0.025641
3 0.090249 0.608173 0.026971 0.020833
3 0.133299 0.673878 0.025934 0.024038
3 0.146784 0.669872 0.030083 0.025641
3 0.134336 0.663462 0.028008 0.022436
3 0.121369 0.646635 0.024896 0.020833
3 0.167012 0.647436 0.035270 0.022436
3 0.134855 0.614583 0.029046 0.020833
3 0.138485 0.603365 0.030083 0.017628
3 0.146266 0.591346 0.026971 0.028846
3 0.113071 0.588141 0.026971 0.028846
3 0.089730 0.567308 0.025934 0.028846
3 0.080913 0.556090 0.020747 0.022436
3 0.113071 0.568910 0.024896 0.025641
3 0.140041 0.554487 0.029046 0.025641
3 0.116701 0.535256 0.028008 0.025641
3 0.099066 0.507212 0.032158 0.020833
3 0.092842 0.487981 0.034232 0.020833
3 0.125000 0.489583 0.021784 0.030449
3 0.138485 0.475160 0.021784 0.024038
3 0.154564 0.468750 0.026971 0.024038
3 0.103734 0.439103 0.031120 0.022436
3 0.095436 0.430288 0.031120 0.030449
3 0.133817 0.412660 0.026971 0.027244
3 0.165456 0.453526 0.025934 0.022436
3 0.176349 0.486378 0.026971 0.027244
3 0.167531 0.532051 0.023859 0.025641
3 0.170124 0.568109 0.024896 0.024038
3 0.170124 0.588141 0.029046 0.022436
3 0.167012 0.628205 0.022822 0.022436
3 0.178942 0.627404 0.025934 0.020833
3 0.195021 0.623397 0.029046 0.022436
3 0.192946 0.613782 0.031120 0.019231
3 0.188797 0.669872 0.033195 0.025641
3 0.191909 0.694712 0.026971 0.020833
3 0.193465 0.687500 0.023859 0.022436
3 0.142116 0.722756 0.024896 0.025641
3 0.160788 0.733974 0.022822 0.025641
3 0.182054 0.758814 0.028008 0.024038
3 0.174274 0.738782 0.026971 0.022436
3 0.169087 0.782051 0.024896 0.022436
3 0.176349 0.800481 0.029046 0.020833
3 0.158714 0.836538 0.022822 0.022436
3 0.183091 0.839744 0.025934 0.025641
3 0.168568 0.910256 0.030083 0.025641
3 0.173237 0.906250 0.020747 0.020833
3 0.196577 0.911058 0.030083 0.024038
3 0.214212 0.911058 0.028008 0.027244
3 0.178423 0.925481 0.024896 0.024038
3 0.160270 0.939103 0.032158 0.022436
3 0.191909 0.946314 0.026971 0.027244
3 0.205394 0.959135 0.031120 0.020833
3 0.204357 0.973558 0.029046 0.024038
3 0.215249 0.952724 0.034232 0.027244
3 0.211618 0.937500 0.026971 0.022436
3 0.238589 0.938301 0.031120 0.024038
3 0.264004 0.995192 0.032158 0.009615
3 0.276971 0.972756 0.035270 0.025641
3 0.283714 0.931891 0.030083 0.020833
3 0.296680 0.933494 0.029046 0.020833
3 0.307054 0.984776 0.026971 0.024038
3 0.253631 0.909455 0.034232 0.020833
3 0.243776 0.904647 0.033195 0.024038
3 0.259855 0.892628 0.036307 0.022436
3 0.275934 0.919071 0.022822 0.020833
3 0.330394 0.919071 0.032158 0.024038
3 0.305498 0.908654 0.032158 0.022436
3 0.310166 0.884615 0.033195 0.022436
3 0.281120 0.883814 0.020747 0.030449
3 0.272822 0.862179 0.031120 0.022436
3 0.259336 0.854167 0.029046 0.022436
3 0.280602 0.832532 0.032158 0.020833
3 0.210062 0.835737 0.028008 0.024038
3 0.220436 0.830929 0.034232 0.024038
3 0.211100 0.814103 0.030083 0.019231
3 0.183610 0.814904 0.024896 0.024038
3 0.190353 0.795673 0.030083 0.024038
3 0.254149 0.810096 0.029046 0.027244
3 0.250519 0.792468 0.028008 0.024038
3 0.298755 0.789263 0.029046 0.027244
3 0.264004 0.785256 0.030083 0.025641
3 0.267635 0.759615 0.022822 0.025641
3 0.234959 0.748397 0.034232 0.019231
3 0.206950 0.749199 0.028008 0.024038
3 0.212137 0.746795 0.025934 0.019231
3 0.220954 0.733173 0.037344 0.017628
3 0.299274 0.741987 0.025934 0.025641
3 0.280602 0.734776 0.032158 0.024038
3 0.321577 0.724359 0.031120 0.025641
3 0.295643 0.690705 0.031120 0.022436
3 0.230290 0.695513 0.022822 0.028846
3 0.245851 0.689103 0.024896 0.025641
3 0.242220 0.650641 0.028008 0.022436
3 0.272822 0.653846 0.029046 0.025641
3 0.309129 0.653846 0.035270 0.019231
3 0.291494 0.642628 0.022822 0.022436
3 0.286307 0.629808 0.031120 0.016026
3 0.264004 0.635417 0.034232 0.020833
3 0.226660 0.630609 0.034232 0.027244
3 0.246369 0.625801 0.032158 0.027244
3 0.266598 0.629808 0.022822 0.025641
3 0.263485 0.618590 0.022822 0.025641
3 0.225622 0.616987 0.030083 0.025641
3 0.247925 0.587340 0.026971 0.024038
3 0.205913 0.615385 0.028008 0.025641
3 0.196058 0.597756 0.020747 0.022436
3 0.211618 0.544071 0.031120 0.024038
3 0.231846 0.551282 0.032158 0.028846
3 0.239108 0.543269 0.028008 0.028846
3 0.236515 0.518429 0.029046 0.027244
3 0.220954 0.532853 0.020747 0.027244
3 0.258299 0.504808 0.031120 0.025641
3 0.196058 0.505609 0.026971 0.027244
3 0.205394 0.488782 0.026971 0.025641
3 0.221992 0.480769 0.024896 0.022436
3 0.176349 0.437500 0.031120 0.022436
3 0.199689 0.429487 0.030083 0.025641
3 0.123444 0.366186 0.035270 0.020833
3 0.079876 0.376603 0.029046 0.028846
3 0.066390 0.367788 0.029046 0.027244
3 0.072614 0.360577 0.020747 0.025641
3 0.053942 0.352564 0.026971 0.025641
3 0.109959 0.342949 0.031120 0.028846
3 0.070539 0.330128 0.024896 0.028846
3 0.088174 0.320513 0.026971 0.025641
3 0.072095 0.314904 0.019710 0.024038
3 0.079357 0.297276 0.023859 0.027244
3 0.135373 0.330128 0.025934 0.028846
3 0.122407 0.329327 0.022822 0.024038
3 0.115664 0.314103 0.028008 0.025641
3 0.143154 0.308494 0.029046 0.020833
3 0.141079 0.294872 0.024896 0.028846
3 0.163382 0.300481 0.025934 0.024038
3 0.178942 0.298878 0.025934 0.027244
3 0.194502 0.366186 0.028008 0.024038
3 0.207469 0.365385 0.022822 0.025641
3 0.231328 0.394231 0.020747 0.025641
3 0.252075 0.451923 0.022822 0.028846
3 0.206432 0.302083 0.020747 0.030449
3 0.185166 0.323718 0.023859 0.022436
3 0.194502 0.334135 0.030083 0.024038
3 0.223029 0.329327 0.024896 0.024038
3 0.235477 0.314103 0.024896 0.022436
3 0.263485 0.363782 0.031120 0.028846
3 0.110996 0.294872 0.020747 0.025641
3 0.123963 0.275641 0.030083 0.025641
3 0.089730 0.254006 0.025934 0.024038
3 0.087137 0.240385 0.024896 0.019231
3 0.124481 0.255609 0.020747 0.020833
3 0.122925 0.248397 0.028008 0.022436
3 0.131743 0.239583 0.029046 0.024038
3 0.127593 0.217949 0.026971 0.025641
3 0.156639 0.248397 0.020747 0.025641
3 0.170643 0.233974 0.028008 0.022436
3 0.215768 0.269231 0.031120 0.025641
3 0.218880 0.261218 0.022822 0.022436
3 0.228216 0.245192 0.024896 0.025641
3 0.247925 0.240385 0.022822 0.025641
3 0.203838 0.215545 0.028008 0.020833
3 0.206432 0.205128 0.033195 0.019231
3 0.187759 0.193910 0.031120 0.022436
3 0.150934 0.173878 0.025934 0.027244
3 0.138485 0.139423 0.030083 0.028846
3 0.106328 0.136218 0.023859 0.028846
3 0.139523 0.106571 0.025934 0.027244
3 0.110996 0.077724 0.026971 0.027244
3 0.086618 0.041667 0.025934 0.025641
3 0.091286 0.033654 0.022822 0.022436
3 0.126556 0.051282 0.022822 0.025641
3 0.166494 0.088141 0.023859 0.028846
3 0.174274 0.060897 0.022822 0.028846
3 0.224066 0.112179 0.024896 0.028846
3 0.185685 0.160256 0.022822 0.025641
3 0.242739 0.198718 0.031120 0.032051
3 0.254149 0.181090 0.029046 0.022436
3 0.257261 0.162660 0.022822 0.024038
3 0.273340 0.204327 0.030083 0.020833
3 0.267635 0.223558 0.022822 0.020833
3 0.268672 0.229968 0.026971 0.020833
3 0.276971 0.291667 0.026971 0.022436
3 0.267635 0.333333 0.022822 0.028846
3 0.269710 0.120192 0.024896 0.028846
3 0.254149 0.081731 0.020747 0.022436
3 0.248444 0.074519 0.023859 0.027244
3 0.269191 0.044872 0.025934 0.025641
3 0.287344 0.026442 0.022822 0.024038
3 0.301867 0.059295 0.026971 0.028846
3 0.311203 0.088141 0.020747 0.025641
3 0.309129 0.142628 0.020747 0.028846
3 0.333506 0.178686 0.025934 0.027244
3 0.338174 0.127404 0.020747 0.024038
3 0.341286 0.048077 0.020747 0.025641
3 0.365145 0.048077 0.020747 0.022436
3 0.382780 0.068109 0.020747 0.024038
3 0.367220 0.092949 0.029046 0.019231
3 0.389004 0.104968 0.026971 0.020833
3 0.383817 0.137019 0.020747 0.020833
3 0.399896 0.128205 0.025934 0.025641
3 0.403527 0.108974 0.020747 0.025641
3 0.419087 0.104968 0.029046 0.024038
3 0.435685 0.112179 0.020747 0.022436
3 0.431535 0.157051 0.024896 0.022436
3 0.484440 0.084936 0.029046 0.022436
3 0.464730 0.140224 0.026971 0.024038
3 0.481328 0.141026 0.022822 0.022436
3 0.506224 0.137821 0.029046 0.022436
3 0.527490 0.083333 0.025934 0.022436
3 0.532158 0.110577 0.020747 0.028846
3 0.534232 0.033654 0.022822 0.025641
3 0.549793 0.023237 0.020747 0.027244
3 0.559129 0.037660 0.022822 0.024038
3 0.580913 0.064904 0.026971 0.024038
3 0.596473 0.052083 0.029046 0.020833
3 0.587137 0.032853 0.022822 0.024038
3 0.612033 0.020833 0.020747 0.022436
3 0.698133 0.033654 0.026971 0.025641
3 0.644191 0.068910 0.024896 0.025641
3 0.689834 0.074519 0.022822 0.024038
3 0.714730 0.078526 0.022822 0.022436
3 0.741183 0.081731 0.025934 0.019231
3 0.752075 0.055288 0.024896 0.024038
3 0.853734 0.059295 0.020747 0.025641
3 0.867220 0.038462 0.024896 0.025641
3 0.889004 0.028045 0.020747 0.024038
3 0.915975 0.062500 0.024896 0.025641
3 0.935166 0.036859 0.021784 0.022436
3 0.957469 0.032051 0.024896 0.025641
3 0.962137 0.056090 0.030083 0.025641
3 0.978734 0.032853 0.023859 0.024038
3 0.987552 0.020032 0.022822 0.024038
3 0.997407 0.036859 0.005187 0.022436
3 0.921680 0.090545 0.023859 0.024038
3 0.987552 0.115385 0.024896 0.022436
3 0.966286 0.116186 0.025934 0.024038
3 0.926349 0.112179 0.024896 0.028846
3 0.948133 0.137821 0.029046 0.022436
3 0.945021 0.173077 0.029046 0.022436
3 0.943983 0.200321 0.022822 0.025641
3 0.991701 0.202724 0.016598 0.024038
3 0.992220 0.218750 0.015560 0.020833
3 0.969917 0.239583 0.026971 0.024038
3 0.932054 0.224359 0.025934 0.022436
3 0.910270 0.169071 0.021784 0.027244
3 0.906120 0.149038 0.025934 0.025641
3 0.904564 0.125000 0.022822 0.025641
3 0.852697 0.089744 0.022822 0.022436
3 0.861515 0.096955 0.023859 0.020833
3 0.823651 0.099359 0.022822 0.019231
3 0.800830 0.095353 0.022822 0.024038
3 0.798237 0.120192 0.032158 0.025641
3 0.766598 0.122596 0.020747 0.027244
3 0.858402 0.143429 0.025934 0.024038
3 0.618776 0.102564 0.023859 0.025641
3 0.551349 0.145833 0.025934 0.025641
3 0.519710 0.179487 0.026971 0.028846
3 0.538382 0.180288 0.029046 0.024038
3 0.573133 0.164263 0.023859 0.027244
3 0.608921 0.154647 0.026971 0.024038
3 0.682054 0.195513 0.032158 0.022436
3 0.646266 0.179487 0.029046 0.022436
3 0.606328 0.259615 0.025934 0.028846
3 0.693465 0.104167 0.028008 0.019231
3 0.687759 0.143429 0.031120 0.024038
3 0.699689 0.148237 0.025934 0.024038
3 0.740145 0.145032 0.034232 0.024038
3 0.630705 0.151442 0.033195 0.024038
3 0.633299 0.157853 0.028008 0.017628
3 0.677386 0.168269 0.029046 0.019231
3 0.703320 0.175481 0.022822 0.020833
3 0.729253 0.163462 0.026971 0.025641
3 0.764523 0.145032 0.022822 0.020833
3 0.782158 0.136218 0.022822 0.025641
3 0.842324 0.160256 0.029046 0.025641
3 0.851660 0.170673 0.020747 0.024038
3 0.863071 0.186699 0.022822 0.027244
3 0.877593 0.173077 0.022822 0.025641
3 0.877593 0.200321 0.022822 0.025641
3 0.864627 0.212340 0.025934 0.024038
3 0.841805 0.229968 0.028008 0.024038
3 0.829876 0.195513 0.024896 0.025641
3 0.810685 0.199519 0.021784 0.024038
3 0.799793 0.198718 0.020747 0.022436
3 0.785788 0.171474 0.021784 0.022436
3 0.768672 0.160256 0.026971 0.019231
3 0.748963 0.184295 0.020747 0.022436
3 0.784232 0.188301 0.022822 0.024038
3 0.779046 0.197115 0.022822 0.025641
3 0.795643 0.220353 0.026971 0.024038
3 0.745851 0.221955 0.022822 0.024038
3 0.725622 0.240385 0.025934 0.025641
3 0.760892 0.259615 0.028008 0.025641
3 0.780083 0.251603 0.029046 0.022436
3 0.787344 0.266827 0.029046 0.020833
3 0.787344 0.262019 0.031120 0.017628
3 0.698651 0.255609 0.030083 0.024038
3 0.647303 0.242788 0.026971 0.027244
3 0.840249 0.256410 0.029046 0.025641
3 0.849585 0.274038 0.024896 0.022436
3 0.836100 0.290865 0.022822 0.020833
3 0.839212 0.307692 0.022822 0.025641
3 0.870332 0.293269 0.022822 0.025641
3 0.901452 0.261218 0.031120 0.019231
3 0.898859 0.267628 0.036307 0.019231
3 0.894191 0.287660 0.022822 0.024038
3 0.928423 0.262821 0.022822 0.025641
3 0.924274 0.291667 0.024896 0.025641
3 0.957988 0.258013 0.028008 0.019231
3 0.958506 0.273237 0.022822 0.020833
3 0.975104 0.292468 0.020747 0.024038
3 0.966286 0.302083 0.025934 0.024038
3 0.987033 0.324519 0.025934 0.024038
3 0.991183 0.383814 0.017635 0.024038
3 0.995851 0.382212 0.008299 0.024038
3 0.995332 0.390224 0.009336 0.020833
3 0.905602 0.334135 0.022822 0.027244
3 0.937759 0.355769 0.022822 0.022436
3 0.961100 0.374199 0.025934 0.024038
3 0.967842 0.387019 0.024896 0.024038
3 0.945539 0.404647 0.025934 0.024038
3 0.918568 0.373397 0.025934 0.025641
3 0.929979 0.408654 0.030083 0.022436
3 0.937241 0.425481 0.025934 0.024038
3 0.939834 0.444712 0.024896 0.027244
3 0.996369 0.433494 0.007261 0.024038
3 0.993257 0.441506 0.013485 0.024038
3 0.980290 0.454327 0.022822 0.024038
3 0.976141 0.469551 0.022822 0.022436
3 0.996888 0.449519 0.006224 0.020833
3 0.995332 0.504808 0.009336 0.025641
3 0.977178 0.504808 0.024896 0.025641
3 0.988071 0.520833 0.023859 0.028846
3 0.970954 0.533654 0.035270 0.022436
3 0.921162 0.470353 0.022822 0.024038
3 0.909232 0.483173 0.028008 0.024038
3 0.904564 0.438301 0.022822 0.027244
3 0.902490 0.411859 0.022822 0.028846
3 0.895228 0.394231 0.020747 0.019231
3 0.882261 0.415064 0.023859 0.025641
3 0.868776 0.375801 0.023859 0.027244
3 0.869813 0.393429 0.021784 0.027244
3 0.867739 0.409455 0.021784 0.027244
3 0.871888 0.468750 0.030083 0.024038
3 0.844917 0.406250 0.023859 0.024038
3 0.833506 0.382212 0.021784 0.024038
3 0.824689 0.368590 0.020747 0.025641
3 0.812241 0.391026 0.031120 0.025641
3 0.819502 0.415865 0.022822 0.027244
3 0.797199 0.413462 0.030083 0.022436
3 0.775415 0.404647 0.030083 0.020833
3 0.844398 0.456731 0.026971 0.025641
3 0.836100 0.466346 0.022822 0.025641
3 0.822614 0.484776 0.022822 0.024038
3 0.822095 0.502404 0.021784 0.030449
3 0.796162 0.459936 0.021784 0.025641
3 0.767116 0.446314 0.028008 0.024038
3 0.749481 0.434295 0.021784 0.028846
3 0.748444 0.440705 0.021784 0.022436
3 0.732884 0.397436 0.021784 0.025641
3 0.756743 0.375000 0.021784 0.022436
3 0.758299 0.353365 0.029046 0.020833
3 0.812759 0.342949 0.023859 0.022436
3 0.800830 0.338141 0.024896 0.025641
3 0.786307 0.334936 0.029046 0.025641
3 0.782676 0.318109 0.025934 0.024038
3 0.746888 0.307692 0.033195 0.025641
3 0.742220 0.348558 0.030083 0.020833
3 0.730809 0.345353 0.030083 0.024038
3 0.724585 0.319712 0.021784 0.024038
3 0.706950 0.325321 0.032158 0.025641
3 0.700726 0.289263 0.023859 0.024038
3 0.663900 0.272436 0.022822 0.025641
3 0.658714 0.282051 0.026971 0.025641
3 0.683610 0.321314 0.020747 0.027244
3 0.681017 0.322115 0.028008 0.025641
3 0.657676 0.311699 0.020747 0.024038
3 0.648340 0.319712 0.024896 0.027244
3 0.628631 0.337340 0.020747 0.030449
3 0.613071 0.302083 0.020747 0.027244
3 0.606846 0.302885 0.020747 0.025641
3 0.582988 0.278846 0.020747 0.025641
3 0.571058 0.252404 0.023859 0.024038
3 0.558091 0.256410 0.020747 0.025641
3 0.565871 0.229968 0.025934 0.024038
3 0.567946 0.196314 0.025934 0.024038
3 0.557054 0.195513 0.026971 0.025641
3 0.518154 0.201122 0.023859 0.024038
3 0.510892 0.222756 0.023859 0.028846
3 0.531639 0.265224 0.028008 0.027244
3 0.489108 0.221955 0.028008 0.024038
3 0.480290 0.207532 0.031120 0.024038
3 0.468880 0.225160 0.035270 0.024038
3 0.388485 0.214744 0.025934 0.025641
3 0.318983 0.211538 0.025934 0.028846
3 0.302905 0.235577 0.022822 0.025641
3 0.291494 0.251603 0.029046 0.025641
3 0.295643 0.260417 0.022822 0.027244
3 0.341805 0.230769 0.021784 0.032051
3 0.346473 0.236378 0.020747 0.027244
3 0.330394 0.266026 0.030083 0.022436
3 0.435166 0.233974 0.034232 0.022436
3 0.436722 0.262019 0.022822 0.027244
3 0.455394 0.253205 0.020747 0.022436
3 0.451763 0.265224 0.021784 0.020833
3 0.496888 0.251603 0.031120 0.022436
3 0.468880 0.285256 0.020747 0.025641
3 0.496888 0.304487 0.020747 0.025641
3 0.528527 0.298077 0.030083 0.028846
3 0.557054 0.314103 0.024896 0.025641
3 0.542531 0.342147 0.020747 0.024038
3 0.546680 0.350160 0.022822 0.024038
3 0.574689 0.365385 0.020747 0.025641
3 0.609959 0.348558 0.029046 0.024038
3 0.615664 0.378205 0.030083 0.022436
3 0.599585 0.391827 0.024896 0.024038
3 0.643672 0.377404 0.028008 0.020833
3 0.629668 0.399038 0.029046 0.025641
3 0.679461 0.379808 0.022822 0.025641
3 0.695021 0.398237 0.029046 0.020833
3 0.694502 0.418269 0.023859 0.025641
3 0.638485 0.430288 0.023859 0.027244
3 0.660788 0.438301 0.031120 0.020833
3 0.676867 0.447917 0.028008 0.024038
3 0.680498 0.457532 0.026971 0.020833
3 0.691909 0.464744 0.022822 0.025641
3 0.684647 0.480769 0.026971 0.022436
3 0.720954 0.479968 0.022822 0.024038
3 0.713693 0.495994 0.022822 0.024038
3 0.721473 0.520032 0.030083 0.024038
3 0.751037 0.519231 0.029046 0.025641
3 0.768672 0.509615 0.024896 0.028846
3 0.771784 0.560897 0.024896 0.025641
3 0.828320 0.529647 0.032158 0.027244
3 0.858921 0.519231 0.029046 0.028846
3 0.858921 0.536058 0.022822 0.027244
3 0.873444 0.540865 0.022822 0.020833
3 0.894710 0.539263 0.021784 0.027244
3 0.921162 0.544872 0.022822 0.028846
3 0.942427 0.545673 0.030083 0.024038
3 0.931017 0.564103 0.028008 0.025641
3 0.801867 0.550481 0.022822 0.027244
3 0.821058 0.571314 0.025934 0.027244
3 0.873963 0.573718 0.030083 0.025641
3 0.934129 0.590545 0.034232 0.020833
3 0.967842 0.560096 0.020747 0.027244
3 0.969917 0.573718 0.020747 0.028846
3 0.987033 0.554487 0.025934 0.028846
3 0.948651 0.616186 0.032158 0.027244
3 0.973029 0.608974 0.020747 0.022436
3 0.978216 0.641026 0.029046 0.028846
3 0.964730 0.646635 0.020747 0.027244
3 0.946058 0.661058 0.024896 0.024038
3 0.945539 0.673878 0.028008 0.024038
3 0.878112 0.592949 0.021784 0.025641
3 0.890560 0.605769 0.030083 0.022436
3 0.877593 0.605769 0.024896 0.022436
3 0.867220 0.634615 0.022822 0.022436
3 0.838174 0.596955 0.024896 0.020833
3 0.840768 0.609776 0.030083 0.020833
3 0.821577 0.616987 0.029046 0.022436
3 0.811203 0.615385 0.029046 0.022436
3 0.806535 0.629006 0.025934 0.024038
3 0.794087 0.616186 0.021784 0.024038
3 0.786307 0.588942 0.022822 0.024038
3 0.763485 0.583333 0.020747 0.025641
3 0.753631 0.579327 0.030083 0.024038
3 0.735996 0.576122 0.030083 0.024038
3 0.718361 0.563301 0.030083 0.020833
3 0.729253 0.538462 0.033195 0.022436
3 0.697095 0.546474 0.020747 0.028846
3 0.694502 0.589744 0.034232 0.022436
3 0.699170 0.629006 0.029046 0.024038
3 0.747925 0.615385 0.031120 0.022436
3 0.754149 0.625801 0.024896 0.027244
3 0.770747 0.623397 0.022822 0.025641
3 0.765041 0.641827 0.030083 0.024038
3 0.762967 0.654647 0.030083 0.020833
3 0.751037 0.664263 0.024896 0.027244
3 0.730290 0.665865 0.026971 0.024038
3 0.798755 0.669872 0.033195 0.025641
3 0.810685 0.662660 0.028008 0.020833
3 0.802905 0.673077 0.024896 0.022436
3 0.799793 0.685897 0.031120 0.022436
3 0.821577 0.683494 0.033195 0.024038
3 0.808610 0.691506 0.023859 0.024038
3 0.856846 0.659455 0.033195 0.024038
3 0.889523 0.669071 0.032158 0.024038
3 0.887967 0.685096 0.029046 0.020833
3 0.859440 0.691506 0.021784 0.027244
3 0.848548 0.694712 0.029046 0.024038
3 0.861515 0.709936 0.036307 0.028846
3 0.831432 0.714744 0.032158 0.025641
3 0.838693 0.721955 0.021784 0.024038
3 0.856328 0.742788 0.032158 0.024038
3 0.894191 0.702724 0.033195 0.020833
3 0.888485 0.722756 0.028008 0.025641
3 0.947095 0.696314 0.022822 0.027244
3 0.969398 0.702724 0.036307 0.020833
3 0.993776 0.701122 0.012448 0.024038
3 0.993257 0.722756 0.013485 0.022436
3 0.979253 0.720353 0.033195 0.020833
3 0.934647 0.714744 0.037344 0.022436
3 0.918050 0.731571 0.026971 0.027244
3 0.941909 0.737179 0.029046 0.025641
3 0.973029 0.745192 0.029046 0.025641
3 0.989627 0.754808 0.020747 0.028846
3 0.997925 0.778846 0.004149 0.025641
3 0.996888 0.801282 0.006224 0.025641
3 0.945539 0.754808 0.030083 0.022436
3 0.941390 0.772436 0.025934 0.028846
3 0.924793 0.746795 0.021784 0.025641
3 0.908195 0.758013 0.025934 0.025641
3 0.863071 0.763622 0.022822 0.024038
3 0.910270 0.792468 0.030083 0.027244
3 0.885373 0.806891 0.028008 0.030449
3 0.966805 0.813301 0.026971 0.027244
3 0.987033 0.826122 0.025934 0.024038
3 0.973029 0.821314 0.026971 0.020833
3 0.989108 0.895032 0.021784 0.027244
3 0.996888 0.898237 0.006224 0.024038
3 0.997925 0.918269 0.004149 0.028846
3 0.982365 0.931090 0.022822 0.028846
3 0.996369 0.975962 0.007261 0.025641
3 0.958506 0.890224 0.022822 0.027244
3 0.911307 0.838942 0.025934 0.027244
3 0.920124 0.849359 0.033195 0.025641
3 0.911307 0.862179 0.025934 0.025641
3 0.966805 0.915865 0.022822 0.024038
3 0.969917 0.939904 0.033195 0.027244
3 0.943983 0.907051 0.022822 0.025641
3 0.945021 0.955128 0.022822 0.028846
3 0.958506 0.975160 0.022822 0.027244
3 0.982884 0.987179 0.034232 0.025641
3 0.968880 0.996795 0.029046 0.006410
3 0.947614 0.994391 0.034232 0.011218
3 0.919087 0.990385 0.029046 0.019231
3 0.914938 0.979167 0.026971 0.028846
3 0.920124 0.916667 0.020747 0.025641
3 0.911826 0.922276 0.022822 0.027244
3 0.887967 0.992788 0.026971 0.014423
3 0.876037 0.990385 0.025934 0.019231
3 0.860477 0.995192 0.030083 0.009615
3 0.841805 0.995192 0.036307 0.009615
3 0.848548 0.989583 0.035270 0.020833
3 0.859440 0.975962 0.023859 0.025641
3 0.843361 0.963141 0.022822 0.025641
3 0.818465 0.988782 0.026971 0.022436
3 0.809129 0.987179 0.026971 0.025641
3 0.795124 0.953526 0.021784 0.025641
3 0.867739 0.906250 0.030083 0.024038
3 0.865145 0.878205 0.035270 0.022436
3 0.843361 0.875801 0.035270 0.027244
3 0.881743 0.837340 0.024896 0.027244
3 0.870332 0.833333 0.031120 0.025641
3 0.859959 0.786859 0.033195 0.025641
3 0.750000 0.985577 0.022822 0.028846
3 0.711618 0.996795 0.031120 0.006410
3 0.729772 0.960737 0.030083 0.027244
3 0.772822 0.948718 0.031120 0.025641
3 0.779046 0.952724 0.026971 0.027244
3 0.704357 0.979167 0.033195 0.025641
3 0.675830 0.981571 0.025934 0.024038
3 0.659232 0.985577 0.025934 0.028846
3 0.629149 0.993590 0.032158 0.012821
3 0.650934 0.984776 0.032158 0.024038
3 0.617739 0.989583 0.025934 0.020833
3 0.628112 0.987981 0.028008 0.024038
3 0.612033 0.978365 0.031120 0.024038
3 0.609440 0.963942 0.034232 0.027244
3 0.658714 0.959135 0.033195 0.027244
3 0.646784 0.958333 0.030083 0.022436
3 0.634855 0.943109 0.024896 0.024038
3 0.727178 0.931090 0.035270 0.022436
3 0.735996 0.904647 0.030083 0.030449
3 0.778008 0.898237 0.020747 0.020833
3 0.779564 0.907853 0.030083 0.020833
3 0.697095 0.899840 0.033195 0.027244
3 0.670643 0.923077 0.025934 0.022436
3 0.665456 0.912660 0.028008 0.024038
3 0.663900 0.903846 0.024896 0.019231
3 0.656120 0.908654 0.025934 0.025641
3 0.640560 0.904647 0.036307 0.024038
3 0.591286 0.925481 0.031120 0.027244
3 0.575207 0.983173 0.028008 0.024038
3 0.558091 0.986378 0.022822 0.027244
3 0.563797 0.994391 0.028008 0.011218
3 0.585062 0.995192 0.031120 0.009615
3 0.567427 0.996795 0.020747 0.006410
3 0.535270 0.995192 0.026971 0.009615
3 0.528527 0.979968 0.032158 0.027244
3 0.511411 0.988782 0.026971 0.022436
3 0.498963 0.982372 0.031120 0.028846
3 0.467842 0.987981 0.029046 0.024038
3 0.453320 0.991987 0.033195 0.016026
3 0.425830 0.991987 0.032158 0.016026
3 0.409232 0.995192 0.023859 0.009615
3 0.390560 0.995192 0.023859 0.009615
3 0.304979 0.999199 0.020747 0.001603
3 0.336100 0.989583 0.029046 0.020833
3 0.346992 0.995994 0.028008 0.008013
3 0.365145 0.992788 0.029046 0.014423
3 0.382261 0.990385 0.028008 0.019231
3 0.399378 0.991186 0.024896 0.017628
3 0.401971 0.983974 0.028008 0.022436
3 0.394710 0.984776 0.032158 0.027244
3 0.403527 0.975962 0.029046 0.025641
3 0.414419 0.971154 0.032158 0.025641
3 0.425311 0.964744 0.041494 0.022436
3 0.435685 0.983173 0.029046 0.024038
3 0.452801 0.952724 0.036307 0.024038
3 0.465768 0.953526 0.031120 0.028846
3 0.493776 0.953526 0.037344 0.025641
3 0.505705 0.938301 0.030083 0.024038
3 0.467842 0.933494 0.035270 0.024038
3 0.439315 0.948718 0.023859 0.028846
3 0.411307 0.936699 0.021784 0.027244
3 0.418568 0.927885 0.032158 0.025641
3 0.356846 0.962340 0.031120 0.027244
3 0.327801 0.963141 0.024896 0.022436
3 0.352178 0.956731 0.034232 0.032051
3 0.314834 0.952724 0.023859 0.024038
3 0.375000 0.934295 0.038382 0.025641
3 0.384336 0.924679 0.025934 0.025641
3 0.366701 0.920673 0.032158 0.024038
3 0.367220 0.912660 0.029046 0.024038
3 0.413382 0.903846 0.034232 0.022436
3 0.441390 0.899038 0.032158 0.025641
3 0.484959 0.916667 0.032158 0.028846
3 0.483402 0.899038 0.035270 0.022436
3 0.516598 0.906250 0.022822 0.027244
3 0.531120 0.908654 0.026971 0.025641
3 0.548755 0.915865 0.033195 0.027244
3 0.570539 0.909455 0.024896 0.027244
3 0.570021 0.895833 0.025934 0.028846
3 0.600104 0.886218 0.030083 0.032051
3 0.575726 0.883814 0.024896 0.027244
3 0.631224 0.862981 0.021784 0.030449
3 0.613589 0.859776 0.023859 0.027244
3 0.620851 0.854167 0.028008 0.025641
3 0.590249 0.857372 0.022822 0.032051
3 0.600622 0.855769 0.031120 0.032051
3 0.672199 0.879006 0.029046 0.024038
3 0.682054 0.866987 0.032158 0.022436
3 0.677386 0.857372 0.029046 0.022436
3 0.691390 0.845353 0.034232 0.030449
3 0.768672 0.864583 0.033195 0.024038
3 0.754668 0.834135 0.032158 0.024038
3 0.776971 0.837340 0.024896 0.027244
3 0.807573 0.837340 0.023859 0.030449
3 0.792531 0.790064 0.020747 0.032051
3 0.777490 0.799679 0.017635 0.025641
3 0.774896 0.793269 0.024896 0.028846
3 0.780083 0.764423 0.024896 0.025641
3 0.837656 0.754006 0.032158 0.027244
3 0.817946 0.758814 0.032158 0.024038
3 0.806535 0.750000 0.032158 0.028846
3 0.792531 0.715545 0.026971 0.027244
3 0.775415 0.740385 0.032158 0.032051
3 0.767116 0.717147 0.038382 0.024038
3 0.755187 0.700321 0.020747 0.032051
3 0.746369 0.703526 0.028008 0.025641
3 0.736515 0.706731 0.024896 0.025641
3 0.728734 0.737179 0.025934 0.025641
3 0.709544 0.812500 0.020747 0.032051
3 0.706950 0.737981 0.028008 0.027244
3 0.718361 0.724359 0.030083 0.032051
3 0.698133 0.709936 0.026971 0.025641
3 0.707988 0.678686 0.028008 0.027244
3 0.680498 0.733173 0.035270 0.030449
3 0.691390 0.771635 0.028008 0.027244
3 0.692427 0.815705 0.034232 0.028846
3 0.670643 0.812500 0.032158 0.022436
3 0.660788 0.803686 0.031120 0.027244
3 0.637448 0.826923 0.028008 0.025641
3 0.619813 0.825321 0.030083 0.022436
3 0.538900 0.869391 0.023859 0.027244
3 0.546680 0.854968 0.024896 0.027244
3 0.552386 0.832532 0.032158 0.027244
3 0.526971 0.834135 0.031120 0.027244
3 0.513485 0.858974 0.031120 0.025641
3 0.485996 0.875000 0.023859 0.025641
3 0.478216 0.868590 0.029046 0.025641
3 0.429461 0.887821 0.024896 0.025641
3 0.411826 0.895833 0.022822 0.025641
3 0.461100 0.874199 0.032158 0.027244
3 0.451245 0.871795 0.024896 0.028846
3 0.386929 0.887821 0.020747 0.025641
3 0.393672 0.876603 0.025934 0.025641
3 0.397822 0.858173 0.030083 0.030449
3 0.368776 0.863782 0.032158 0.025641
3 0.352697 0.873397 0.026971 0.028846
3 0.352697 0.854968 0.026971 0.030449
3 0.372925 0.838141 0.025934 0.028846
3 0.395228 0.832532 0.024896 0.027244
3 0.427386 0.830929 0.026971 0.030449
3 0.434129 0.830128 0.021784 0.032051
3 0.443983 0.796474 0.020747 0.032051
3 0.415975 0.794872 0.020747 0.032051
3 0.375000 0.804487 0.021784 0.032051
3 0.383299 0.798077 0.030083 0.032051
3 0.324170 0.831731 0.030083 0.025641
3 0.309647 0.825321 0.023859 0.025641
3 0.332988 0.819712 0.033195 0.027244
3 0.341805 0.814103 0.030083 0.025641
3 0.353216 0.803686 0.032158 0.024038
3 0.330913 0.807692 0.024896 0.025641
3 0.335062 0.788462 0.033195 0.022436
3 0.353734 0.769231 0.031120 0.028846
3 0.382261 0.773237 0.028008 0.027244
3 0.388485 0.752404 0.030083 0.027244
3 0.342324 0.747596 0.026971 0.027244
3 0.342842 0.711538 0.023859 0.028846
3 0.334544 0.714744 0.025934 0.025641
3 0.349585 0.689103 0.035270 0.025641
3 0.370851 0.701923 0.030083 0.025641
3 0.372407 0.685897 0.022822 0.025641
3 0.389523 0.720353 0.028008 0.027244
3 0.421680 0.733974 0.034232 0.022436
3 0.442427 0.746795 0.034232 0.025641
3 0.426867 0.724359 0.028008 0.025641
3 0.446577 0.737179 0.023859 0.025641
3 0.468361 0.729167 0.032158 0.025641
3 0.412344 0.690705 0.032158 0.028846
3 0.399896 0.678686 0.023859 0.027244
3 0.423237 0.645833 0.029046 0.028846
3 0.354772 0.603365 0.026971 0.024038
3 0.326245 0.621795 0.028008 0.028846
3 0.337137 0.616186 0.026971 0.024038
3 0.303423 0.613782 0.025934 0.025641
3 0.311722 0.604167 0.034232 0.025641
3 0.300311 0.596154 0.025934 0.025641
3 0.289938 0.566506 0.032158 0.024038
3 0.310685 0.576923 0.025934 0.028846
3 0.328320 0.589744 0.032158 0.022436
3 0.348029 0.591346 0.032158 0.028846
3 0.398859 0.612179 0.028008 0.025641
3 0.404564 0.596955 0.022822 0.027244
3 0.395747 0.588141 0.028008 0.028846
3 0.376556 0.576923 0.029046 0.025641
3 0.385892 0.576923 0.026971 0.028846
3 0.274896 0.530449 0.020747 0.025641
3 0.348029 0.540865 0.023859 0.027244
3 0.349066 0.525641 0.023859 0.028846
3 0.286826 0.495192 0.021784 0.025641
3 0.267116 0.483974 0.025934 0.028846
3 0.302905 0.487179 0.029046 0.025641
3 0.295124 0.475962 0.025934 0.025641
3 0.290975 0.463942 0.032158 0.024038
3 0.312241 0.457532 0.029046 0.024038
3 0.278527 0.440705 0.025934 0.022436
3 0.297199 0.428686 0.030083 0.027244
3 0.286826 0.405449 0.023859 0.025641
3 0.319502 0.384615 0.033195 0.022436
3 0.323133 0.366186 0.028008 0.024038
3 0.300311 0.358974 0.030083 0.028846
3 0.292531 0.322115 0.024896 0.025641
3 0.314834 0.286058 0.030083 0.027244
3 0.354772 0.278846 0.026971 0.028846
3 0.366701 0.269231 0.023859 0.028846
3 0.327282 0.310096 0.023859 0.027244
3 0.355290 0.310096 0.028008 0.027244
3 0.369813 0.310096 0.023859 0.027244
3 0.393154 0.308494 0.029046 0.027244
3 0.384336 0.315705 0.021784 0.022436
3 0.413900 0.298077 0.029046 0.025641
3 0.426349 0.294872 0.024896 0.028846
3 0.356846 0.358974 0.031120 0.025641
3 0.390041 0.342147 0.026971 0.027244
3 0.372407 0.372596 0.029046 0.027244
3 0.351141 0.407051 0.025934 0.028846
3 0.335062 0.438301 0.022822 0.030449
3 0.335062 0.452724 0.022822 0.030449
3 0.355290 0.420673 0.023859 0.027244
3 0.370851 0.408654 0.025934 0.025641
3 0.384336 0.405449 0.030083 0.028846
3 0.408714 0.379006 0.029046 0.024038
3 0.401971 0.416667 0.023859 0.025641
3 0.442946 0.389423 0.029046 0.025641
3 0.440871 0.368590 0.022822 0.025641
3 0.429979 0.342147 0.028008 0.024038
3 0.425311 0.334135 0.024896 0.027244
3 0.452282 0.328526 0.024896 0.025641
3 0.484440 0.317308 0.031120 0.025641
3 0.465249 0.370192 0.021784 0.025641
3 0.483921 0.375801 0.030083 0.024038
3 0.531639 0.356571 0.030083 0.024038
3 0.487552 0.383013 0.024896 0.022436
3 0.512448 0.374199 0.022822 0.024038
3 0.524378 0.375801 0.023859 0.024038
3 0.561203 0.380609 0.022822 0.027244
3 0.567946 0.413462 0.023859 0.025641
3 0.531120 0.424679 0.031120 0.025641
3 0.530602 0.442308 0.025934 0.025641
3 0.551867 0.465545 0.029046 0.024038
3 0.576763 0.455929 0.022822 0.027244
3 0.606328 0.454327 0.032158 0.024038
3 0.650415 0.470353 0.035270 0.020833
3 0.660270 0.467147 0.025934 0.024038
3 0.666494 0.503205 0.023859 0.022436
3 0.667012 0.516827 0.022822 0.024038
3 0.617739 0.495994 0.032158 0.017628
3 0.582469 0.476763 0.030083 0.024038
3 0.585062 0.499199 0.031120 0.024038
3 0.614108 0.517628 0.029046 0.025641
3 0.620332 0.554487 0.031120 0.025641
3 0.554979 0.495192 0.026971 0.025641
3 0.676349 0.552885 0.020747 0.022436
3 0.661826 0.546474 0.020747 0.025641
3 0.665456 0.552885 0.028008 0.022436
3 0.647822 0.561699 0.025934 0.024038
3 0.655083 0.567308 0.025934 0.025641
3 0.564315 0.529647 0.026971 0.027244
3 0.522822 0.491987 0.026971 0.025641
3 0.512967 0.512821 0.030083 0.022436
3 0.481328 0.419872 0.026971 0.028846
3 0.449170 0.414263 0.022822 0.027244
3 0.413900 0.439103 0.031120 0.022436
3 0.394191 0.451122 0.024896 0.027244
3 0.357884 0.479167 0.022822 0.025641
3 0.360477 0.491186 0.030083 0.024038
3 0.375519 0.483974 0.022822 0.025641
3 0.441909 0.444712 0.024896 0.027244
3 0.465768 0.448718 0.022822 0.032051
3 0.447095 0.478365 0.020747 0.024038
3 0.430498 0.512821 0.029046 0.022436
3 0.413382 0.534455 0.023859 0.027244
3 0.431017 0.531250 0.030083 0.027244
3 0.425830 0.558494 0.023859 0.024038
3 0.480290 0.472756 0.029046 0.025641
3 0.479772 0.480769 0.028008 0.022436
3 0.477178 0.495192 0.033195 0.022436
3 0.458506 0.531250 0.020747 0.024038
3 0.466805 0.561699 0.024896 0.027244
3 0.445539 0.576122 0.023859 0.027244
3 0.462137 0.584135 0.028008 0.024038
3 0.477697 0.585737 0.030083 0.027244
3 0.504149 0.568910 0.026971 0.025641
3 0.510373 0.571314 0.024896 0.024038
3 0.505187 0.588141 0.026971 0.025641
3 0.545643 0.539263 0.031120 0.024038
3 0.532676 0.560897 0.023859 0.028846
3 0.542531 0.567308 0.024896 0.025641
3 0.571058 0.552885 0.023859 0.025641
3 0.582469 0.602564 0.023859 0.028846
3 0.553942 0.607372 0.024896 0.025641
3 0.577801 0.630609 0.026971 0.027244
3 0.607884 0.608173 0.029046 0.027244
3 0.597510 0.625000 0.031120 0.025641
3 0.649896 0.634615 0.025934 0.025641
3 0.651971 0.663462 0.030083 0.025641
3 0.637448 0.681090 0.021784 0.028846
3 0.668568 0.697115 0.023859 0.025641
3 0.670643 0.709936 0.032158 0.022436
3 0.675311 0.701122 0.031120 0.020833
3 0.662863 0.747596 0.026971 0.027244
3 0.623444 0.754808 0.035270 0.022436
3 0.621888 0.735577 0.028008 0.019231
3 0.600104 0.812500 0.036307 0.025641
3 0.584025 0.813301 0.026971 0.027244
3 0.588174 0.792468 0.029046 0.027244
3 0.542531 0.786859 0.024896 0.025641
3 0.494295 0.854167 0.025934 0.025641
3 0.496888 0.848558 0.026971 0.027244
3 0.505705 0.775641 0.028008 0.025641
3 0.501556 0.755609 0.025934 0.024038
3 0.506224 0.742788 0.024896 0.027244
3 0.531639 0.757212 0.023859 0.027244
3 0.554461 0.754808 0.025934 0.025641
3 0.574689 0.766827 0.022822 0.030449
3 0.563278 0.747596 0.026971 0.027244
3 0.555498 0.717949 0.034232 0.028846
3 0.508817 0.705929 0.028008 0.030449
3 0.474066 0.693910 0.024896 0.028846
3 0.459544 0.676282 0.022822 0.032051
3 0.462137 0.659455 0.023859 0.024038
3 0.457988 0.644231 0.028008 0.025641
3 0.445021 0.622596 0.029046 0.027244
3 0.467324 0.618590 0.025934 0.028846
3 0.490145 0.653846 0.021784 0.028846
3 0.520747 0.642628 0.031120 0.025641
3 0.525415 0.633814 0.021784 0.030449
3 0.535270 0.654647 0.029046 0.024038
3 0.562241 0.646635 0.024896 0.027244
3 0.539419 0.682692 0.033195 0.028846
3 0.566390 0.693109 0.033195 0.024038
3 0.600622 0.712340 0.031120 0.024038
3 0.611515 0.714744 0.023859 0.025641
3 0.614627 0.689103 0.028008 0.025641