2 0.159375 0.048958 0.059375 0.060417
2 0.063281 0.121875 0.042188 0.068750
2 0.035937 0.165625 0.046875 0.056250
2 0.097656 0.170833 0.060937 0.054167
2 0.188281 0.083333 0.057813 0.066667
2 0.432812 0.115625 0.062500 0.056250
2 0.476562 0.153125 0.062500 0.081250
2 0.632031 0.060417 0.060937 0.087500
2 0.750781 0.092708 0.045312 0.047917
2 0.315625 0.276042 0.050000 0.081250
2 0.286719 0.325000 0.051562 0.075000
2 0.245312 0.415625 0.050000 0.052083
2 0.468750 0.381250 0.062500 0.070833
2 0.553125 0.492708 0.053125 0.097917
2 0.221094 0.557292 0.051562 0.077083
2 0.068750 0.605208 0.031250 0.052083
2 0.082812 0.731250 0.062500 0.070833
2 0.295312 0.598958 0.062500 0.077083
2 0.392969 0.594792 0.045312 0.077083
2 0.025000 0.922917 0.050000 0.054167
2 0.287500 0.936458 0.043750 0.060417
2 0.589063 0.945833 0.040625 0.083333
2 0.764844 0.863542 0.060937 0.056250
2 0.610156 0.707292 0.039062 0.072917
2 0.506250 0.660417 0.040625 0.079167
2 0.981250 0.708333 0.037500 0.079167