2 0.187500 0.087500 0.062500 0.050000
2 0.517188 0.032292 0.062500 0.064583
2 0.539062 0.181250 0.050000 0.095833
2 0.321094 0.168750 0.048438 0.079167
2 0.300000 0.261458 0.034375 0.056250
2 0.162500 0.330208 0.062500 0.056250
2 0.017969 0.433333 0.035937 0.083333
2 0.091406 0.479167 0.039062 0.083333
2 0.095312 0.537500 0.040625 0.083333
2 0.134375 0.618750 0.050000 0.066667
2 0.279687 0.529167 0.075000 0.066667
2 0.275000 0.362500 0.056250 0.066667
2 0.331250 0.352083 0.062500 0.070833
2 0.139844 0.789583 0.045312 0.091667
2 0.013281 0.817708 0.026562 0.064583
2 0.182031 0.964583 0.039062 0.070833
2 0.254688 0.571875 0.031250 0.056250
2 0.652344 0.514583 0.054688 0.050000
2 0.653125 0.587500 0.028125 0.054167
2 0.924219 0.776042 0.054688 0.060417
2 0.932031 0.228125 0.042188 0.081250