2 0.039844 0.203125 0.045312 0.072917
2 0.285156 0.163542 0.057813 0.081250
2 0.496094 0.167708 0.057813 0.081250
2 0.533594 0.153125 0.051562 0.064583
2 0.557813 0.047917 0.056250 0.062500
2 0.773438 0.066667 0.062500 0.066667
2 0.767969 0.408333 0.039062 0.083333
2 0.926562 0.139583 0.046875 0.058333
2 0.929688 0.321875 0.050000 0.060417
2 0.961719 0.390625 0.051562 0.060417
2 0.689844 0.558333 0.057813 0.079167
2 0.439063 0.458333 0.046875 0.070833
2 0.490625 0.456250 0.053125 0.062500
2 0.788281 0.632292 0.048438 0.060417
2 0.664062 0.784375 0.062500 0.052083
2 0.715625 0.809375 0.040625 0.068750
2 0.978125 0.612500 0.043750 0.058333
2 0.921875 0.958333 0.053125 0.066667
2 0.436719 0.708333 0.035937 0.066667
2 0.456250 0.833333 0.050000 0.083333
2 0.268750 0.616667 0.062500 0.062500
2 0.149219 0.583333 0.060937 0.083333
2 0.366406 0.948958 0.048438 0.056250
2 0.232813 0.867708 0.056250 0.081250
2 0.077344 0.828125 0.060937 0.056250
2 0.257812 0.711458 0.056250 0.047917
2 0.328125 0.818750 0.062500 0.045833
2 0.292187 0.791667 0.050000 0.041667
2 0.326562 0.552083 0.043750 0.045833
2 0.947656 0.255208 0.042188 0.068750
2 0.675000 0.655208 0.062500 0.047917