2 0.187500 0.060417 0.050000 0.083333
2 0.141406 0.170833 0.042188 0.083333
2 0.053906 0.291667 0.060937 0.066667
2 0.108594 0.361458 0.057813 0.081250
2 0.124219 0.197917 0.057813 0.054167
2 0.267188 0.597917 0.062500 0.079167
2 0.019531 0.635417 0.039062 0.083333
2 0.141406 0.839583 0.039062 0.075000
2 0.318750 0.682292 0.037500 0.064583
2 0.515625 0.686458 0.062500 0.081250
2 0.459375 0.578125 0.040625 0.081250
2 0.535937 0.597917 0.037500 0.075000
2 0.496094 0.125000 0.035937 0.050000
2 0.585938 0.129167 0.040625 0.083333
2 0.554688 0.095833 0.034375 0.029167
2 0.641406 0.207292 0.032813 0.052083
2 0.706250 0.065625 0.028125 0.052083
2 0.691406 0.203125 0.035937 0.089583
2 0.677344 0.364583 0.045312 0.062500
2 0.968750 0.388542 0.062500 0.064583
2 0.889844 0.370833 0.042188 0.041667
2 0.564063 0.395833 0.046875 0.066667
2 0.429688 0.370833 0.050000 0.083333
2 0.776563 0.717708 0.037500 0.068750
2 0.435937 0.940625 0.062500 0.052083