2 0.045312 0.172917 0.056250 0.070833
2 0.140625 0.115625 0.062500 0.072917
2 0.153125 0.150000 0.040625 0.070833
2 0.206250 0.229167 0.050000 0.075000
2 0.293750 0.177083 0.078125 0.075000
2 0.457031 0.228125 0.060937 0.068750
2 0.449219 0.276042 0.051562 0.077083
2 0.728125 0.108333 0.065625 0.083333
2 0.837500 0.239583 0.062500 0.083333
2 0.982812 0.337500 0.034375 0.054167
2 0.614844 0.400000 0.057813 0.066667
2 0.591406 0.479167 0.060937 0.079167
2 0.798438 0.516667 0.040625 0.083333
2 0.678906 0.732292 0.070312 0.081250
2 0.725781 0.798958 0.057813 0.077083
2 0.777344 0.796875 0.048438 0.068750
2 0.893750 0.645833 0.043750 0.045833
2 0.668750 0.823958 0.062500 0.064583
2 0.485156 0.781250 0.042188 0.083333
2 0.485156 0.515625 0.057813 0.060417
2 0.492969 0.895833 0.045312 0.070833
2 0.410156 0.963542 0.048438 0.072917
2 0.455469 0.961458 0.039062 0.068750
2 0.190625 0.885417 0.062500 0.050000
2 0.087500 0.746875 0.062500 0.047917
2 0.182812 0.740625 0.062500 0.072917
2 0.142187 0.668750 0.056250 0.066667
2 0.154688 0.941667 0.062500 0.041667
2 0.246094 0.984375 0.051562 0.031250
2 0.242188 0.626042 0.050000 0.064583
2 0.303906 0.585417 0.045312 0.083333
2 0.125000 0.554167 0.062500 0.062500
2 0.213281 0.530208 0.054688 0.043750
2 0.357031 0.392708 0.051562 0.052083
2 0.980469 0.426042 0.039062 0.039583
2 0.196875 0.413542 0.034375 0.047917
2 0.037500 0.325000 0.046875 0.058333
2 0.033594 0.476042 0.042188 0.052083
2 0.458594 0.559375 0.039062 0.031250