2 0.103125 0.185417 0.043750 0.079167
2 0.320312 0.207292 0.062500 0.056250
2 0.464062 0.241667 0.056250 0.079167
2 0.526563 0.248958 0.050000 0.102083
2 0.593750 0.466667 0.043750 0.070833
2 0.475000 0.509375 0.050000 0.077083
2 0.902344 0.148958 0.057813 0.072917
2 0.839844 0.348958 0.042188 0.072917
2 0.917188 0.401042 0.037500 0.072917
2 0.968750 0.290625 0.056250 0.056250
2 0.933594 0.454167 0.051562 0.045833
2 0.978125 0.538542 0.043750 0.060417
2 0.398438 0.356250 0.031250 0.058333
2 0.442188 0.577083 0.043750 0.041667
2 0.139844 0.598958 0.054688 0.081250
2 0.232813 0.646875 0.062500 0.052083
2 0.250000 0.813542 0.046875 0.056250
2 0.044531 0.895833 0.054688 0.062500
2 0.364063 0.905208 0.084375 0.085417
2 0.500000 0.929167 0.062500 0.083333
2 0.523438 0.845833 0.062500 0.050000
2 0.500781 0.737500 0.042188 0.062500
2 0.678125 0.908333 0.062500 0.083333
2 0.592187 0.731250 0.062500 0.062500
2 0.646875 0.675000 0.050000 0.083333
2 0.771875 0.677083 0.053125 0.075000
2 0.871875 0.981250 0.040625 0.037500
2 0.803125 0.889583 0.046875 0.083333
2 0.967187 0.981250 0.062500 0.037500
2 0.983594 0.933333 0.032813 0.079167