2 0.174219 0.177083 0.060937 0.050000
2 0.159375 0.231250 0.062500 0.037500
2 0.293750 0.272917 0.043750 0.083333
2 0.178906 0.435417 0.051562 0.079167
2 0.222656 0.355208 0.042188 0.064583
2 0.306250 0.459375 0.062500 0.064583
2 0.472656 0.382292 0.082812 0.077083
2 0.453906 0.283333 0.057813 0.066667
2 0.529687 0.325000 0.068750 0.104167
2 0.817187 0.186458 0.046875 0.064583
2 0.982812 0.190625 0.034375 0.077083
2 0.882812 0.236458 0.062500 0.056250
2 0.639844 0.485417 0.079687 0.079167
2 0.588281 0.613542 0.085938 0.064583
2 0.457813 0.611458 0.046875 0.089583
2 0.164062 0.638542 0.062500 0.064583
2 0.096875 0.806250 0.081250 0.070833
2 0.138281 0.762500 0.051562 0.050000
2 0.262500 0.906250 0.065625 0.062500
2 0.315625 0.875000 0.065625 0.054167
2 0.539062 0.926042 0.062500 0.064583
2 0.520312 0.859375 0.043750 0.081250
2 0.432812 0.735417 0.056250 0.083333
2 0.478125 0.705208 0.053125 0.077083
2 0.329688 0.679167 0.034375 0.054167
2 0.778125 0.672917 0.062500 0.050000
2 0.885156 0.847917 0.051562 0.083333
2 0.896094 0.952083 0.045312 0.083333
2 0.831250 0.941667 0.053125 0.075000
2 0.734375 0.971875 0.056250 0.056250
2 0.707031 0.595833 0.076563 0.075000
2 0.839844 0.527083 0.057813 0.083333
2 0.982812 0.460417 0.034375 0.083333