2 0.338281 0.067708 0.054688 0.060417
2 0.253125 0.089583 0.053125 0.050000
2 0.276562 0.156250 0.053125 0.083333
2 0.096875 0.456250 0.062500 0.066667
2 0.188281 0.441667 0.060937 0.054167
2 0.207813 0.480208 0.059375 0.043750
2 0.162500 0.533333 0.034375 0.083333
2 0.046875 0.604167 0.037500 0.083333
2 0.164844 0.628125 0.035937 0.047917
2 0.077344 0.773958 0.060937 0.081250
2 0.359375 0.957292 0.059375 0.077083
2 0.365625 0.635417 0.043750 0.075000
2 0.531250 0.512500 0.062500 0.083333
2 0.522656 0.368750 0.045312 0.075000
2 0.550781 0.321875 0.051562 0.081250
2 0.644531 0.470833 0.070312 0.054167
2 0.608594 0.650000 0.057813 0.070833
2 0.790625 0.658333 0.050000 0.083333
2 0.859375 0.717708 0.062500 0.068750
2 0.840625 0.968750 0.059375 0.062500
2 0.750000 0.419792 0.062500 0.068750
2 0.797656 0.357292 0.048438 0.077083
2 0.983594 0.381250 0.032813 0.066667
2 0.814844 0.160417 0.067187 0.095833
2 0.763281 0.052083 0.051562 0.066667
2 0.858594 0.228125 0.051562 0.060417