2 0.321875 0.104167 0.062500 0.083333
2 0.208594 0.076042 0.054688 0.072917
2 0.160156 0.170833 0.054688 0.083333
2 0.258594 0.337500 0.042188 0.083333
2 0.213281 0.391667 0.057813 0.083333
2 0.185938 0.441667 0.034375 0.062500
2 0.048438 0.383333 0.062500 0.079167
2 0.439063 0.316667 0.037500 0.083333
2 0.517188 0.319792 0.059375 0.068750
2 0.500781 0.343750 0.051562 0.062500
2 0.489844 0.411458 0.070312 0.064583
2 0.600000 0.372917 0.043750 0.083333
2 0.797656 0.187500 0.045312 0.062500
2 0.985156 0.510417 0.029687 0.083333
2 0.711719 0.625000 0.054688 0.045833
2 0.778906 0.502083 0.057813 0.079167
2 0.916406 0.883333 0.054688 0.083333
2 0.945312 0.944792 0.053125 0.072917
2 0.892969 0.886458 0.051562 0.060417
2 0.859375 0.948958 0.050000 0.072917
2 0.571094 0.838542 0.051562 0.060417
2 0.579688 0.963542 0.059375 0.072917
2 0.537500 0.787500 0.062500 0.083333
2 0.494531 0.789583 0.054688 0.083333
2 0.512500 0.634375 0.075000 0.093750
2 0.440625 0.623958 0.050000 0.089583
2 0.416406 0.820833 0.051562 0.083333
2 0.381250 0.842708 0.062500 0.052083
2 0.367969 0.747917 0.032813 0.075000
2 0.126562 0.892708 0.062500 0.052083
2 0.210938 0.643750 0.056250 0.066667
2 0.182812 0.711458 0.059375 0.047917
2 0.058594 0.833333 0.051562 0.045833
2 0.204687 0.847917 0.062500 0.083333