2 0.079687 0.348958 0.062500 0.064583
2 0.267969 0.251042 0.057813 0.052083
2 0.263281 0.311458 0.057813 0.068750
2 0.458594 0.269792 0.057813 0.081250
2 0.264062 0.426042 0.062500 0.047917
2 0.345313 0.554167 0.059375 0.075000
2 0.042969 0.593750 0.039062 0.083333
2 0.486719 0.404167 0.035937 0.050000
2 0.755469 0.356250 0.035937 0.054167
2 0.718750 0.505208 0.050000 0.068750
2 0.870313 0.426042 0.050000 0.052083
2 0.863281 0.563542 0.054688 0.060417
2 0.895312 0.583333 0.043750 0.070833
2 0.702344 0.150000 0.060937 0.083333
2 0.820312 0.025000 0.062500 0.050000
2 0.894531 0.025000 0.051562 0.050000
2 0.485938 0.588542 0.050000 0.047917
2 0.458594 0.658333 0.048438 0.079167
2 0.389062 0.670833 0.062500 0.054167
2 0.572656 0.746875 0.057813 0.043750
2 0.740625 0.896875 0.053125 0.077083
2 0.626563 0.953125 0.062500 0.052083
2 0.894531 0.842708 0.057813 0.081250
2 0.955469 0.834375 0.048438 0.039583
2 0.400781 0.936458 0.035937 0.043750
2 0.008594 0.761458 0.017188 0.068750
2 0.117969 0.210417 0.045312 0.050000
2 0.297656 0.732292 0.051562 0.052083
2 0.100000 0.950000 0.050000 0.062500