2 0.274219 0.114583 0.060937 0.083333
2 0.103906 0.216667 0.039062 0.083333
2 0.059375 0.223958 0.062500 0.072917
2 0.122656 0.436458 0.070312 0.072917
2 0.200000 0.385417 0.062500 0.083333
2 0.035156 0.484375 0.054688 0.052083
2 0.062500 0.610417 0.037500 0.083333
2 0.021875 0.614583 0.043750 0.066667
2 0.021875 0.706250 0.043750 0.054167
2 0.027344 0.664583 0.051562 0.075000
2 0.292187 0.583333 0.040625 0.075000
2 0.114844 0.933333 0.048438 0.083333
2 0.332031 0.904167 0.051562 0.083333
2 0.315625 0.838542 0.050000 0.077083
2 0.705469 0.883333 0.045312 0.079167
2 0.899219 0.886458 0.054688 0.072917
2 0.806250 0.643750 0.062500 0.079167
2 0.838281 0.673958 0.060937 0.052083
2 0.835938 0.497917 0.062500 0.066667
2 0.818750 0.337500 0.056250 0.050000
2 0.675000 0.306250 0.062500 0.070833
2 0.614062 0.225000 0.050000 0.083333
2 0.853125 0.183333 0.062500 0.066667
2 0.842969 0.241667 0.032813 0.062500
2 0.933594 0.404167 0.054688 0.050000
2 0.728906 0.036458 0.057813 0.072917
2 0.881250 0.129167 0.043750 0.050000
2 0.348438 0.344792 0.043750 0.047917