2 0.048438 0.139583 0.059375 0.066667
2 0.074219 0.316667 0.045312 0.079167
2 0.128906 0.273958 0.051562 0.052083
2 0.150781 0.391667 0.054688 0.070833
2 0.203125 0.535417 0.062500 0.066667
2 0.117969 0.748958 0.042188 0.081250
2 0.157031 0.773958 0.051562 0.068750
2 0.298438 0.791667 0.050000 0.066667
2 0.405469 0.882292 0.042188 0.085417
2 0.343750 0.639583 0.062500 0.054167
2 0.372656 0.716667 0.057813 0.075000
2 0.318750 0.603125 0.075000 0.068750
2 0.293750 0.528125 0.062500 0.056250
2 0.348438 0.469792 0.062500 0.068750
2 0.500000 0.661458 0.062500 0.060417
2 0.521875 0.885417 0.040625 0.079167
2 0.599219 0.847917 0.045312 0.070833
2 0.653125 0.800000 0.062500 0.066667
2 0.760156 0.803125 0.051562 0.060417
2 0.969531 0.841667 0.048438 0.075000
2 0.844531 0.591667 0.042188 0.079167
2 0.836719 0.646875 0.039062 0.043750
2 0.971094 0.420833 0.039062 0.054167
2 0.799219 0.538542 0.082812 0.081250
2 0.561719 0.532292 0.067187 0.060417
2 0.423438 0.472917 0.056250 0.054167
2 0.334375 0.536458 0.062500 0.081250
2 0.367188 0.548958 0.062500 0.060417
2 0.390625 0.481250 0.075000 0.070833
2 0.465625 0.504167 0.062500 0.083333
2 0.619531 0.368750 0.048438 0.075000
2 0.785937 0.267708 0.050000 0.072917
2 0.882031 0.282292 0.057813 0.056250
2 0.971094 0.126042 0.054688 0.068750
2 0.589844 0.026042 0.048438 0.052083