2 0.110937 0.032292 0.062500 0.052083
2 0.132812 0.123958 0.046875 0.077083
2 0.304688 0.031250 0.062500 0.062500
2 0.393750 0.028125 0.062500 0.056250
2 0.600000 0.040625 0.053125 0.081250
2 0.463281 0.083333 0.045312 0.058333
2 0.583594 0.095833 0.045312 0.054167
2 0.489063 0.191667 0.056250 0.050000
2 0.509375 0.325000 0.050000 0.083333
2 0.691406 0.220833 0.045312 0.058333
2 0.792969 0.673958 0.042188 0.072917
2 0.856250 0.833333 0.034375 0.070833
2 0.853125 0.964583 0.037500 0.070833
2 0.270313 0.310417 0.062500 0.066667
2 0.300000 0.511458 0.062500 0.068750
2 0.175781 0.425000 0.039062 0.079167
2 0.135937 0.361458 0.046875 0.052083
2 0.110937 0.487500 0.059375 0.075000
2 0.058594 0.696875 0.042188 0.081250
2 0.089063 0.883333 0.050000 0.091667
2 0.148438 0.871875 0.046875 0.068750
2 0.217969 0.938542 0.067187 0.068750
2 0.009375 0.970833 0.018750 0.050000
2 0.421094 0.783333 0.048438 0.083333
2 0.735156 0.840625 0.051562 0.047917
2 0.397656 0.446875 0.032813 0.047917