2 0.603906 0.078125 0.048438 0.081250
2 0.662500 0.181250 0.050000 0.045833
2 0.771094 0.226042 0.045312 0.077083
2 0.713281 0.206250 0.057813 0.070833
2 0.692969 0.262500 0.032813 0.079167
2 0.504687 0.392708 0.056250 0.060417
2 0.586719 0.444792 0.039062 0.068750
2 0.570312 0.525000 0.040625 0.083333
2 0.690625 0.482292 0.059375 0.068750
2 0.727344 0.560417 0.060937 0.058333
2 0.744531 0.657292 0.048438 0.068750
2 0.803125 0.695833 0.056250 0.070833
2 0.971875 0.611458 0.056250 0.060417
2 0.956250 0.795833 0.046875 0.041667
2 0.981250 0.823958 0.037500 0.043750
2 0.945312 0.931250 0.062500 0.083333
2 0.800781 0.963542 0.042188 0.072917
2 0.854688 0.891667 0.062500 0.045833
2 0.686719 0.752083 0.060937 0.083333
2 0.563281 0.646875 0.057813 0.056250
2 0.428906 0.610417 0.060937 0.083333
2 0.244531 0.593750 0.054688 0.070833
2 0.270313 0.743750 0.053125 0.062500
2 0.276562 0.819792 0.050000 0.068750
2 0.355469 0.884375 0.060937 0.064583
2 0.337500 0.958333 0.050000 0.083333
2 0.046094 0.811458 0.039062 0.064583
2 0.804688 0.016667 0.043750 0.033333