2 0.260156 0.082292 0.060937 0.072917
2 0.110937 0.202083 0.062500 0.083333
2 0.025000 0.192708 0.050000 0.056250
2 0.023438 0.400000 0.046875 0.066667
2 0.064062 0.679167 0.062500 0.058333
2 0.098437 0.713542 0.053125 0.077083
2 0.275000 0.875000 0.062500 0.066667
2 0.328906 0.718750 0.035937 0.070833
2 0.400000 0.718750 0.043750 0.066667
2 0.462500 0.718750 0.062500 0.083333
2 0.372656 0.495833 0.048438 0.083333
2 0.493750 0.517708 0.062500 0.060417
2 0.535937 0.611458 0.062500 0.064583
2 0.583594 0.729167 0.039062 0.070833
2 0.546094 0.336458 0.032813 0.052083
2 0.428125 0.189583 0.062500 0.037500
2 0.683594 0.020833 0.039062 0.041667
2 0.733594 0.083333 0.045312 0.083333
2 0.737500 0.426042 0.040625 0.047917
2 0.728906 0.617708 0.039062 0.068750
2 0.884375 0.479167 0.053125 0.083333
2 0.935937 0.479167 0.046875 0.066667
2 0.756250 0.804167 0.043750 0.066667