2 0.131250 0.093750 0.046875 0.083333
2 0.282813 0.095833 0.040625 0.070833
2 0.321875 0.256250 0.046875 0.083333
2 0.408594 0.287500 0.054688 0.083333
2 0.103906 0.558333 0.060937 0.083333
2 0.149219 0.662500 0.054688 0.083333
2 0.452344 0.547917 0.054688 0.083333
2 0.507031 0.283333 0.045312 0.083333
2 0.461719 0.303125 0.057813 0.052083
2 0.385156 0.493750 0.032813 0.083333
2 0.508594 0.737500 0.035937 0.083333
2 0.485938 0.739583 0.053125 0.054167
2 0.417187 0.914583 0.062500 0.054167
2 0.214844 0.868750 0.051562 0.054167
2 0.501563 0.968750 0.059375 0.062500
2 0.671875 0.950000 0.053125 0.066667
2 0.725000 0.684375 0.050000 0.064583
2 0.663281 0.429167 0.042188 0.050000
2 0.904687 0.441667 0.034375 0.083333
2 0.867188 0.488542 0.053125 0.043750
2 0.902344 0.288542 0.048438 0.068750
2 0.973437 0.189583 0.046875 0.083333
2 0.933594 0.407292 0.035937 0.060417
2 0.898438 0.577083 0.043750 0.083333