2 0.146875 0.094792 0.040625 0.052083
2 0.116406 0.152083 0.048438 0.062500
2 0.179688 0.155208 0.037500 0.068750
2 0.337500 0.146875 0.056250 0.089583
2 0.228125 0.289583 0.059375 0.062500
2 0.178906 0.344792 0.032813 0.056250
2 0.075000 0.353125 0.062500 0.081250
2 0.145313 0.481250 0.037500 0.083333
2 0.344531 0.296875 0.035937 0.081250
2 0.537500 0.273958 0.056250 0.102083
2 0.519531 0.365625 0.057813 0.068750
2 0.607812 0.043750 0.050000 0.058333
2 0.759375 0.140625 0.043750 0.077083
2 0.720313 0.458333 0.056250 0.087500
2 0.632031 0.561458 0.048438 0.052083
2 0.628125 0.307292 0.062500 0.052083
2 0.400781 0.589583 0.048438 0.083333
2 0.311719 0.651042 0.076563 0.068750
2 0.182031 0.600000 0.057813 0.045833
2 0.223438 0.583333 0.062500 0.050000
2 0.387500 0.752083 0.062500 0.045833
2 0.366406 0.807292 0.035937 0.068750
2 0.351562 0.881250 0.037500 0.083333
2 0.298438 0.827083 0.062500 0.062500
2 0.541406 0.791667 0.054688 0.083333
2 0.471875 0.847917 0.062500 0.066667
2 0.514062 0.945833 0.053125 0.054167
2 0.589063 0.945833 0.062500 0.083333
2 0.601562 0.776042 0.050000 0.072917
2 0.504687 0.563542 0.040625 0.047917
2 0.978906 0.514583 0.042188 0.070833
2 0.845313 0.791667 0.040625 0.083333
2 0.910937 0.855208 0.056250 0.081250
2 0.792188 0.888542 0.059375 0.056250
2 0.827344 0.955208 0.042188 0.056250
2 0.879687 0.918750 0.053125 0.075000
2 0.083594 0.779167 0.045312 0.079167