2 0.026562 0.513542 0.053125 0.081250
2 0.214844 0.533333 0.051562 0.058333
2 0.198437 0.737500 0.050000 0.054167
2 0.208594 0.769792 0.039062 0.047917
2 0.324219 0.898958 0.048438 0.056250
2 0.332031 0.969792 0.051562 0.060417
2 0.458594 0.887500 0.054688 0.058333
2 0.414844 0.577083 0.054688 0.058333
2 0.474219 0.575000 0.042188 0.083333
2 0.453125 0.401042 0.034375 0.068750
2 0.617188 0.468750 0.046875 0.070833
2 0.609375 0.622917 0.050000 0.054167
2 0.747656 0.648958 0.042188 0.068750
2 0.752344 0.473958 0.051562 0.072917
2 0.770312 0.230208 0.059375 0.072917
2 0.708594 0.150000 0.045312 0.070833
2 0.660156 0.123958 0.042188 0.052083
2 0.658594 0.061458 0.054688 0.068750
2 0.760938 0.114583 0.037500 0.075000
2 0.828906 0.479167 0.057813 0.050000
2 0.949219 0.663542 0.070312 0.072917
2 0.950781 0.868750 0.057813 0.050000
2 0.906250 0.944792 0.043750 0.043750