2 0.041406 0.178125 0.051562 0.060417
2 0.082812 0.223958 0.062500 0.052083
2 0.297656 0.110417 0.060937 0.062500
2 0.429688 0.097917 0.071875 0.062500
2 0.623437 0.091667 0.062500 0.083333
2 0.442188 0.407292 0.062500 0.072917
2 0.565625 0.428125 0.050000 0.097917
2 0.336719 0.305208 0.035937 0.056250
2 0.314844 0.352083 0.048438 0.070833
2 0.294531 0.403125 0.067187 0.072917
2 0.199219 0.591667 0.048438 0.083333
2 0.086719 0.656250 0.039062 0.083333
2 0.125781 0.664583 0.035937 0.062500
2 0.249219 0.685417 0.054688 0.079167
2 0.069531 0.771875 0.057813 0.068750
2 0.358594 0.937500 0.048438 0.041667
2 0.344531 0.775000 0.039062 0.037500
2 0.638281 0.709375 0.048438 0.077083
2 0.581250 0.659375 0.040625 0.068750
2 0.765625 0.970833 0.062500 0.058333
2 0.757812 0.568750 0.062500 0.037500
2 0.515625 0.743750 0.031250 0.041667
2 0.385937 0.613542 0.034375 0.035417