2 0.179688 0.076042 0.050000 0.068750
2 0.176563 0.214583 0.040625 0.066667
2 0.184375 0.240625 0.062500 0.052083
2 0.168750 0.311458 0.059375 0.060417
2 0.197656 0.380208 0.060937 0.072917
2 0.052344 0.357292 0.060937 0.077083
2 0.049219 0.663542 0.057813 0.068750
2 0.150781 0.861458 0.039062 0.056250
2 0.286719 0.955208 0.060937 0.047917
2 0.205469 0.667708 0.045312 0.081250
2 0.368750 0.708333 0.040625 0.070833
2 0.557031 0.693750 0.057813 0.083333
2 0.850000 0.714583 0.062500 0.062500
2 0.863281 0.889583 0.057813 0.066667
2 0.938281 0.877083 0.054688 0.058333
2 0.622656 0.362500 0.054688 0.062500
2 0.688281 0.318750 0.039062 0.066667
2 0.735938 0.393750 0.056250 0.050000
2 0.748437 0.339583 0.043750 0.079167
2 0.893750 0.351042 0.040625 0.056250
2 0.525781 0.076042 0.032813 0.052083
2 0.513281 0.128125 0.035937 0.056250
2 0.619531 0.170833 0.039062 0.079167
2 0.703906 0.103125 0.029687 0.052083
2 0.657813 0.106250 0.062500 0.050000
2 0.587500 0.227083 0.034375 0.083333
2 0.516406 0.566667 0.051562 0.083333