0 0.350000 0.093750 0.062500 0.083333
0 0.421875 0.192708 0.078125 0.064583
0 0.617188 0.093750 0.056250 0.075000
0 0.583594 0.218750 0.060937 0.083333
0 0.716406 0.192708 0.073438 0.060417
0 0.982812 0.257292 0.056250 0.056250
0 0.730469 0.128125 0.032813 0.043750
0 0.818750 0.477083 0.062500 0.054167
0 0.091406 0.183333 0.051562 0.054167
0 0.311719 0.366667 0.057813 0.083333
0 0.319531 0.502083 0.051562 0.075000
0 0.345313 0.510417 0.037500 0.050000
0 0.131250 0.420833 0.037500 0.083333
0 0.184375 0.497917 0.043750 0.083333
0 0.126562 0.540625 0.050000 0.077083
0 0.775781 0.687500 0.042188 0.075000
0 0.879687 0.863542 0.037500 0.081250
0 0.646094 0.857292 0.064062 0.047917
0 0.220312 0.975000 0.046875 0.075000
0 0.131250 0.892708 0.040625 0.081250
0 0.100000 0.909375 0.037500 0.060417
0 0.128125 0.727083 0.040625 0.066667