0 0.275000 0.160417 0.050000 0.083333
0 0.207031 0.172917 0.048438 0.075000
0 0.203125 0.447917 0.071875 0.100000
0 0.126562 0.468750 0.062500 0.079167
0 0.031250 0.633333 0.034375 0.083333
0 0.075781 0.747917 0.060937 0.083333
0 0.128125 0.589583 0.031250 0.075000
0 0.342187 0.612500 0.040625 0.062500
0 0.158594 0.991667 0.042188 0.083333
0 0.360938 0.920833 0.059375 0.070833
0 0.453125 0.378125 0.046875 0.072917
0 0.595313 0.300000 0.050000 0.083333
0 0.608594 0.429167 0.060937 0.083333
0 0.758594 0.570833 0.060937 0.066667
0 0.815625 0.569792 0.062500 0.068750
0 0.876563 0.619792 0.062500 0.064583
0 0.759375 0.785417 0.043750 0.050000
0 0.882812 0.956250 0.053125 0.079167
0 0.947656 0.859375 0.039062 0.068750
0 0.946875 0.354167 0.046875 0.070833
0 0.821875 0.326042 0.034375 0.064583
0 0.838281 0.185417 0.057813 0.083333
0 0.953125 0.164583 0.062500 0.058333
0 0.983594 0.176042 0.051562 0.047917
0 0.773438 0.069792 0.056250 0.077083