1 0.326667 0.991463 0.073333 0.017073
1 0.090000 0.990244 0.060000 0.019512
1 0.340000 0.934146 0.060000 0.048780
1 0.066667 0.914634 0.066667 0.039024
1 0.723333 0.729268 0.080000 0.043902
1 0.080000 0.751220 0.073333 0.053659
1 0.206667 0.687805 0.080000 0.048780
1 0.033333 0.678049 0.040000 0.043902
1 0.100000 0.668293 0.053333 0.039024
1 0.070000 0.612195 0.060000 0.039024
1 0.513333 0.658537 0.073333 0.053659
1 0.476667 0.631707 0.060000 0.048780
1 0.430000 0.600000 0.066667 0.043902
1 0.360000 0.578049 0.073333 0.068293
1 0.606667 0.548780 0.073333 0.058537
1 0.076667 0.451220 0.073333 0.048780
1 0.103333 0.482927 0.060000 0.043902
1 0.423333 0.519512 0.066667 0.043902
1 0.363333 0.470732 0.073333 0.048780
1 0.440000 0.487805 0.066667 0.048780
1 0.660000 0.451220 0.073333 0.053659
1 0.510000 0.414634 0.066667 0.048780
1 0.160000 0.370732 0.060000 0.058537
1 0.336667 0.382927 0.093333 0.048780
1 0.981667 0.209756 0.036667 0.048780
1 0.663333 0.365854 0.080000 0.048780
1 0.646667 0.329268 0.066667 0.053659
1 0.503333 0.358537 0.073333 0.043902
1 0.523333 0.336585 0.073333 0.039024
1 0.770000 0.263415 0.066667 0.048780
1 0.700000 0.141463 0.066667 0.048780
1 0.590000 0.041463 0.073333 0.043902
1 0.446667 0.290244 0.080000 0.043902
1 0.446667 0.248780 0.086667 0.043902
1 0.386667 0.224390 0.066667 0.048780
1 0.273333 0.317073 0.060000 0.048780
1 0.196667 0.321951 0.066667 0.043902
1 0.203333 0.278049 0.080000 0.043902
1 0.260000 0.253659 0.066667 0.043902
1 0.200000 0.221951 0.060000 0.048780
1 0.303333 0.175610 0.066667 0.048780
1 0.050000 0.234146 0.060000 0.039024
1 0.033333 0.192683 0.046667 0.029268
1 0.040000 0.163415 0.053333 0.043902
1 0.093333 0.053659 0.086667 0.034146
1 0.190000 0.029268 0.073333 0.034146
1 0.053333 0.075610 0.066667 0.034146