1 0.025000 0.914634 0.050000 0.048780
1 0.056667 0.953659 0.066667 0.053659
1 0.156667 0.904878 0.080000 0.048780
1 0.930000 0.860976 0.066667 0.048780
1 0.473333 0.956098 0.066667 0.053659
1 0.446667 0.860976 0.073333 0.058537
1 0.643333 0.875610 0.073333 0.058537
1 0.580000 0.839024 0.066667 0.063415
1 0.250000 0.748780 0.073333 0.058537
1 0.263333 0.685366 0.053333 0.048780
1 0.853333 0.526829 0.053333 0.058537
1 0.776667 0.560976 0.066667 0.048780
1 0.803333 0.546341 0.060000 0.053659
1 0.580000 0.595122 0.093333 0.058537
1 0.693333 0.446341 0.080000 0.053659
1 0.410000 0.541463 0.066667 0.058537
1 0.486667 0.553659 0.080000 0.058537
1 0.153333 0.570732 0.080000 0.043902
1 0.016667 0.612195 0.033333 0.048780
1 0.020000 0.570732 0.040000 0.048780
1 0.160000 0.490244 0.073333 0.048780
1 0.356667 0.639024 0.066667 0.048780
1 0.850000 0.363415 0.073333 0.058537
1 0.973333 0.304878 0.053333 0.048780
1 0.976667 0.414634 0.046667 0.048780
1 0.840000 0.095122 0.066667 0.053659
1 0.693333 0.226829 0.073333 0.048780
1 0.353333 0.351220 0.066667 0.048780
1 0.470000 0.270732 0.066667 0.048780
1 0.500000 0.358537 0.073333 0.058537
1 0.021667 0.468293 0.043333 0.048780
1 0.210000 0.373171 0.073333 0.058537
1 0.310000 0.292683 0.093333 0.058537
1 0.543333 0.290244 0.073333 0.053659
1 0.533333 0.212195 0.080000 0.048780
1 0.023333 0.402439 0.046667 0.048780
1 0.046667 0.370732 0.073333 0.053659
1 0.053333 0.295122 0.086667 0.048780
1 0.056667 0.265854 0.086667 0.039024
1 0.123333 0.253659 0.093333 0.053659
1 0.410000 0.031707 0.073333 0.048780
1 0.473333 0.107317 0.073333 0.048780
1 0.500000 0.119512 0.060000 0.058537
1 0.353333 0.114634 0.060000 0.053659
1 0.190000 0.051220 0.086667 0.048780
1 0.226667 0.082927 0.060000 0.039024
1 0.340000 0.156098 0.066667 0.048780
1 0.290000 0.153659 0.066667 0.048780
1 0.263333 0.124390 0.066667 0.048780
1 0.193333 0.153659 0.073333 0.058537
1 0.073333 0.175610 0.073333 0.053659
1 0.043333 0.136585 0.080000 0.048780
1 0.066667 0.102439 0.086667 0.043902