1 0.740000 0.743902 0.066667 0.043902
1 0.313333 0.868293 0.053333 0.039024
1 0.083333 0.929268 0.060000 0.053659
1 0.143333 0.782927 0.073333 0.053659
1 0.403333 0.702439 0.073333 0.058537
1 0.453333 0.665854 0.073333 0.058537
1 0.493333 0.609756 0.060000 0.053659
1 0.433333 0.614634 0.073333 0.053659
1 0.060000 0.729268 0.053333 0.043902
1 0.030000 0.653659 0.040000 0.039024
1 0.103333 0.663415 0.080000 0.043902
1 0.100000 0.614634 0.046667 0.039024
1 0.120000 0.587805 0.046667 0.039024
1 0.060000 0.517073 0.046667 0.043902
1 0.456667 0.526829 0.060000 0.048780
1 0.763333 0.385366 0.060000 0.053659
1 0.603333 0.507317 0.073333 0.053659
1 0.630000 0.487805 0.060000 0.058537
1 0.573333 0.453659 0.073333 0.058537
1 0.646667 0.365854 0.053333 0.048780
1 0.570000 0.341463 0.086667 0.048780
1 0.436667 0.412195 0.060000 0.053659
1 0.290000 0.409756 0.086667 0.043902
1 0.183333 0.363415 0.053333 0.048780
1 0.233333 0.334146 0.080000 0.043902
1 0.266667 0.297561 0.046667 0.048780
1 0.233333 0.287805 0.060000 0.053659
1 0.393333 0.263415 0.073333 0.039024
1 0.393333 0.236585 0.080000 0.039024
1 0.466667 0.312195 0.080000 0.039024
1 0.450000 0.360976 0.086667 0.034146
1 0.460000 0.343902 0.080000 0.034146
1 0.106667 0.292683 0.086667 0.039024
1 0.093333 0.265854 0.060000 0.034146
1 0.123333 0.251220 0.073333 0.048780
1 0.243333 0.182927 0.066667 0.048780
1 0.053333 0.117073 0.053333 0.043902
1 0.046667 0.046341 0.040000 0.039024
1 0.236667 0.082927 0.073333 0.053659
1 0.290000 0.119512 0.060000 0.053659
1 0.440000 0.168293 0.073333 0.053659
1 0.703333 0.146341 0.060000 0.043902
1 0.766667 0.097561 0.066667 0.053659
1 0.985000 0.173171 0.030000 0.053659
1 0.991667 0.056098 0.016667 0.043902