1 0.253333 0.017073 0.066667 0.034146
1 0.116667 0.129268 0.066667 0.048780
1 0.193333 0.151220 0.066667 0.048780
1 0.171667 0.207317 0.076667 0.053659
1 0.205000 0.236585 0.063333 0.043902
1 0.230000 0.290244 0.080000 0.058537
1 0.106667 0.278049 0.066667 0.048780
1 0.053333 0.334146 0.066667 0.048780
1 0.021667 0.378049 0.043333 0.048780
1 0.113333 0.363415 0.066667 0.048780
1 0.178333 0.446341 0.090000 0.058537
1 0.310000 0.256098 0.066667 0.048780
1 0.303333 0.085366 0.066667 0.048780
1 0.320000 0.059756 0.046667 0.036585
1 0.360000 0.312195 0.066667 0.048780
1 0.406667 0.085366 0.040000 0.048780
1 0.470000 0.085366 0.066667 0.048780
1 0.526667 0.034146 0.066667 0.048780
1 0.540000 0.087805 0.066667 0.048780
1 0.606667 0.041463 0.066667 0.048780
1 0.500000 0.136585 0.046667 0.048780
1 0.453333 0.187805 0.066667 0.048780
1 0.570000 0.202439 0.066667 0.048780
1 0.640000 0.139024 0.073333 0.053659
1 0.683333 0.193902 0.080000 0.056098
1 0.783333 0.117073 0.066667 0.048780
1 0.920000 0.060976 0.066667 0.048780
1 0.971667 0.085366 0.056667 0.048780
1 0.896667 0.148780 0.066667 0.048780
1 0.926667 0.195122 0.066667 0.048780
1 0.833333 0.257317 0.053333 0.041463
1 0.958333 0.323171 0.070000 0.046341
1 0.546667 0.329268 0.066667 0.043902
1 0.718333 0.441463 0.043333 0.048780
1 0.253333 0.514634 0.060000 0.043902
1 0.408333 0.518293 0.063333 0.046341
1 0.643333 0.465854 0.066667 0.048780
1 0.626667 0.512195 0.053333 0.043902
1 0.463333 0.531707 0.066667 0.048780
1 0.243333 0.560976 0.066667 0.048780
1 0.496667 0.643902 0.066667 0.053659
1 0.066667 0.658537 0.066667 0.048780
1 0.026667 0.686585 0.046667 0.051220
1 0.101667 0.689024 0.063333 0.046341
1 0.146667 0.673171 0.066667 0.048780
1 0.320000 0.656098 0.066667 0.048780
1 0.373333 0.658537 0.053333 0.048780
1 0.248333 0.690244 0.056667 0.039024
1 0.805000 0.625610 0.056667 0.036585
1 0.871667 0.642683 0.070000 0.051220
1 0.956667 0.729268 0.066667 0.048780
1 0.026667 0.723171 0.053333 0.041463
1 0.050000 0.843902 0.066667 0.048780
1 0.110000 0.878049 0.060000 0.048780
1 0.175000 0.836585 0.050000 0.048780
1 0.283333 0.821951 0.060000 0.048780
1 0.283333 0.879268 0.060000 0.046341
1 0.666667 0.876829 0.060000 0.046341
1 0.563333 0.926829 0.066667 0.048780
1 0.533333 0.958537 0.066667 0.048780
1 0.613333 0.970732 0.066667 0.048780