1 0.040000 0.800000 0.073333 0.053659
1 0.053333 0.917073 0.066667 0.048780
1 0.440000 0.982927 0.066667 0.034146
1 0.470000 0.870732 0.066667 0.058537
1 0.593333 0.919512 0.080000 0.043902
1 0.936667 0.865854 0.060000 0.043902
1 0.700000 0.848780 0.080000 0.053659
1 0.590000 0.782927 0.066667 0.048780
1 0.900000 0.585366 0.066667 0.048780
1 0.180000 0.665854 0.066667 0.053659
1 0.290000 0.687805 0.066667 0.048780
1 0.400000 0.678049 0.066667 0.053659
1 0.436667 0.617073 0.060000 0.058537
1 0.310000 0.600000 0.060000 0.048780
1 0.023333 0.573171 0.046667 0.048780
1 0.433333 0.568293 0.086667 0.053659
1 0.040000 0.521951 0.066667 0.048780
1 0.076667 0.487805 0.073333 0.048780
1 0.503333 0.490244 0.080000 0.053659
1 0.770000 0.453659 0.060000 0.058537
1 0.830000 0.456098 0.066667 0.048780
1 0.826667 0.426829 0.066667 0.058537
1 0.943333 0.395122 0.066667 0.068293
1 0.596667 0.373171 0.080000 0.053659
1 0.038333 0.382927 0.076667 0.048780
1 0.333333 0.358537 0.053333 0.053659
1 0.393333 0.380488 0.066667 0.053659
1 0.463333 0.307317 0.066667 0.048780
1 0.170000 0.292683 0.080000 0.043902
1 0.173333 0.253659 0.080000 0.043902
1 0.180000 0.221951 0.080000 0.048780
1 0.011667 0.339024 0.023333 0.048780
1 0.786667 0.241463 0.066667 0.048780
1 0.863333 0.226829 0.066667 0.048780
1 0.643333 0.229268 0.086667 0.048780
1 0.500000 0.231707 0.060000 0.058537
1 0.923333 0.060976 0.053333 0.048780
1 0.680000 0.073171 0.073333 0.053659
1 0.056667 0.221951 0.086667 0.043902
1 0.026667 0.192683 0.053333 0.039024
1 0.018333 0.092683 0.036667 0.039024
1 0.043333 0.063415 0.086667 0.043902
1 0.176667 0.082927 0.080000 0.043902
1 0.466667 0.192683 0.073333 0.048780
1 0.506667 0.109756 0.080000 0.048780
1 0.496667 0.163415 0.060000 0.058537
1 0.316667 0.170732 0.066667 0.039024
1 0.300000 0.143902 0.060000 0.048780
1 0.340000 0.153659 0.060000 0.048780
1 0.326667 0.109756 0.066667 0.048780
1 0.246667 0.092683 0.066667 0.048780
1 0.380000 0.078049 0.066667 0.048780
1 0.483333 0.056098 0.066667 0.048780
1 0.326667 0.031707 0.080000 0.034146
1 0.326667 0.014634 0.080000 0.029268
1 0.523333 0.018293 0.066667 0.036585