1 0.056667 0.073171 0.066667 0.048780
1 0.090000 0.043902 0.066667 0.048780
1 0.143333 0.056098 0.066667 0.048780
1 0.258333 0.101220 0.083333 0.051220
1 0.380000 0.073171 0.060000 0.048780
1 0.593333 0.039024 0.066667 0.048780
1 0.710000 0.084146 0.080000 0.051220
1 0.563333 0.103659 0.073333 0.051220
1 0.226667 0.158537 0.073333 0.048780
1 0.266667 0.160976 0.066667 0.048780
1 0.370000 0.118293 0.073333 0.046341
1 0.460000 0.139024 0.073333 0.048780
1 0.543333 0.159756 0.066667 0.051220
1 0.980000 0.203659 0.040000 0.046341
1 0.695000 0.236585 0.076667 0.058537
1 0.803333 0.248780 0.066667 0.048780
1 0.940000 0.301220 0.066667 0.060976
1 0.981667 0.296341 0.036667 0.065854
1 0.240000 0.201220 0.086667 0.051220
1 0.105000 0.274390 0.083333 0.056098
1 0.145000 0.279268 0.070000 0.051220
1 0.220000 0.243902 0.073333 0.053659
1 0.338333 0.225610 0.070000 0.056098
1 0.386667 0.235366 0.066667 0.056098
1 0.408333 0.207317 0.070000 0.043902
1 0.490000 0.260976 0.086667 0.053659
1 0.533333 0.298780 0.073333 0.046341
1 0.261667 0.345122 0.090000 0.051220
1 0.370000 0.354878 0.073333 0.051220
1 0.288333 0.370732 0.083333 0.048780
1 0.243333 0.407317 0.080000 0.048780
1 0.221667 0.460976 0.096667 0.048780
1 0.406667 0.448780 0.060000 0.048780
1 0.656667 0.384146 0.093333 0.051220
1 0.645000 0.454878 0.083333 0.051220
1 0.883333 0.536585 0.080000 0.053659
1 0.195000 0.545122 0.076667 0.046341
1 0.296667 0.535366 0.080000 0.046341
1 0.361667 0.514634 0.090000 0.048780
1 0.490000 0.542683 0.060000 0.046341
1 0.626667 0.569512 0.073333 0.046341
1 0.600000 0.543902 0.066667 0.048780
1 0.085000 0.586585 0.070000 0.056098
1 0.080000 0.651220 0.066667 0.048780
1 0.360000 0.641463 0.060000 0.043902
1 0.146667 0.712195 0.066667 0.053659
1 0.351667 0.669512 0.076667 0.051220
1 0.318333 0.750000 0.063333 0.046341
1 0.943333 0.692683 0.060000 0.048780
1 0.883333 0.726829 0.066667 0.063415
1 0.788333 0.731707 0.096667 0.053659
1 0.363333 0.885366 0.060000 0.048780
1 0.430000 0.881707 0.060000 0.051220
1 0.471667 0.865854 0.070000 0.058537
1 0.951667 0.886585 0.063333 0.051220
1 0.598333 0.986585 0.076667 0.026829
1 0.631667 0.982927 0.070000 0.034146