1 0.420000 0.980488 0.060000 0.039024
1 0.021667 0.863415 0.043333 0.043902
1 0.050000 0.904878 0.060000 0.043902
1 0.713333 0.841463 0.080000 0.053659
1 0.936667 0.863415 0.053333 0.039024
1 0.556667 0.878049 0.073333 0.048780
1 0.480000 0.865854 0.060000 0.048780
1 0.603333 0.768293 0.066667 0.048780
1 0.393333 0.746341 0.066667 0.058537
1 0.420000 0.663415 0.060000 0.053659
1 0.240000 0.695122 0.060000 0.043902
1 0.150000 0.626829 0.066667 0.048780
1 0.320000 0.573171 0.040000 0.048780
1 0.386667 0.580488 0.080000 0.053659
1 0.966667 0.600000 0.060000 0.039024
1 0.966667 0.575610 0.066667 0.043902
1 0.936667 0.456098 0.066667 0.068293
1 0.833333 0.456098 0.046667 0.029268
1 0.813333 0.448780 0.073333 0.053659
1 0.760000 0.407317 0.066667 0.063415
1 0.350000 0.468293 0.053333 0.048780
1 0.020000 0.553659 0.040000 0.043902
1 0.480000 0.436585 0.066667 0.058537
1 0.016667 0.507317 0.033333 0.043902
1 0.020000 0.460976 0.040000 0.048780
1 0.326667 0.353659 0.066667 0.048780
1 0.566667 0.326829 0.060000 0.048780
1 0.746667 0.275610 0.060000 0.043902
1 0.820000 0.241463 0.066667 0.048780
1 0.963333 0.107317 0.060000 0.048780
1 0.610000 0.231707 0.080000 0.048780
1 0.620000 0.121951 0.066667 0.053659
1 0.436667 0.292683 0.053333 0.048780
1 0.453333 0.241463 0.066667 0.048780
1 0.490000 0.197561 0.066667 0.048780
1 0.133333 0.280488 0.086667 0.043902
1 0.031667 0.221951 0.063333 0.043902
1 0.146667 0.243902 0.093333 0.043902
1 0.156667 0.204878 0.093333 0.043902
1 0.213333 0.178049 0.080000 0.043902
1 0.046667 0.102439 0.066667 0.043902
1 0.028333 0.039024 0.056667 0.053659
1 0.130000 0.056098 0.073333 0.048780
1 0.290000 0.190244 0.053333 0.053659
1 0.320000 0.182927 0.060000 0.043902
1 0.350000 0.163415 0.053333 0.039024
1 0.536667 0.024390 0.053333 0.039024
1 0.516667 0.107317 0.060000 0.043902
1 0.483333 0.121951 0.053333 0.053659
1 0.496667 0.053659 0.060000 0.043902
1 0.250000 0.080488 0.060000 0.043902
1 0.350000 0.092683 0.066667 0.048780
1 0.403333 0.080488 0.073333 0.043902
1 0.383333 0.012195 0.053333 0.024390
1 0.283333 0.043902 0.080000 0.034146
1 0.276667 0.015854 0.053333 0.031707
1 0.230000 0.010976 0.066667 0.021951