1 0.510000 0.979268 0.060000 0.041463
1 0.236667 0.970732 0.073333 0.048780
1 0.176667 0.941463 0.066667 0.048780
1 0.096667 0.956098 0.066667 0.053659
1 0.035000 0.941463 0.070000 0.048780
1 0.190000 0.860976 0.066667 0.058537
1 0.616667 0.726829 0.073333 0.048780
1 0.633333 0.702439 0.060000 0.043902
1 0.626667 0.624390 0.073333 0.053659
1 0.353333 0.641463 0.073333 0.053659
1 0.016667 0.697561 0.033333 0.039024
1 0.023333 0.660976 0.046667 0.039024
1 0.021667 0.553659 0.043333 0.043902
1 0.186667 0.548780 0.073333 0.053659
1 0.340000 0.500000 0.073333 0.053659
1 0.390000 0.500000 0.060000 0.048780
1 0.440000 0.526829 0.073333 0.048780
1 0.546667 0.490244 0.066667 0.053659
1 0.950000 0.358537 0.073333 0.053659
1 0.586667 0.434146 0.060000 0.048780
1 0.640000 0.417073 0.073333 0.043902
1 0.746667 0.404878 0.073333 0.053659
1 0.736667 0.356098 0.073333 0.058537
1 0.896667 0.195122 0.066667 0.048780
1 0.070000 0.480488 0.066667 0.048780
1 0.170000 0.446341 0.066667 0.048780
1 0.143333 0.412195 0.060000 0.043902
1 0.213333 0.397561 0.073333 0.053659
1 0.276667 0.414634 0.073333 0.058537
1 0.413333 0.421951 0.073333 0.048780
1 0.406667 0.397561 0.073333 0.053659
1 0.543333 0.309756 0.066667 0.043902
1 0.536667 0.275610 0.073333 0.043902
1 0.543333 0.236585 0.080000 0.043902
1 0.326667 0.270732 0.073333 0.053659
1 0.356667 0.287805 0.073333 0.043902
1 0.036667 0.360976 0.073333 0.048780
1 0.716667 0.095122 0.066667 0.043902
1 0.650000 0.109756 0.066667 0.048780
1 0.586667 0.121951 0.066667 0.058537
1 0.333333 0.160976 0.060000 0.043902
1 0.280000 0.163415 0.053333 0.048780
1 0.016667 0.287805 0.033333 0.048780
1 0.056667 0.282927 0.066667 0.048780
1 0.126667 0.265854 0.080000 0.048780
1 0.140000 0.221951 0.086667 0.043902
1 0.093333 0.204878 0.080000 0.048780
1 0.176667 0.146341 0.066667 0.043902
1 0.213333 0.082927 0.080000 0.043902
1 0.176667 0.104878 0.066667 0.053659
1 0.060000 0.112195 0.060000 0.043902
1 0.103333 0.090244 0.080000 0.048780
1 0.015000 0.046341 0.030000 0.053659
1 0.136667 0.018293 0.066667 0.036585
1 0.330000 0.015854 0.066667 0.031707