1 0.015000 0.939024 0.030000 0.043902
1 0.043333 0.974390 0.060000 0.051220
1 0.076667 0.973171 0.060000 0.053659
1 0.170000 0.963415 0.060000 0.058537
1 0.243333 0.968293 0.066667 0.058537
1 0.516667 0.981707 0.060000 0.036585
1 0.193333 0.887805 0.060000 0.058537
1 0.966667 0.873171 0.046667 0.039024
1 0.593333 0.719512 0.073333 0.053659
1 0.646667 0.702439 0.066667 0.043902
1 0.026667 0.700000 0.053333 0.043902
1 0.026667 0.660976 0.053333 0.039024
1 0.323333 0.646341 0.080000 0.043902
1 0.606667 0.607317 0.080000 0.053659
1 0.966667 0.392683 0.066667 0.053659
1 0.906667 0.200000 0.060000 0.043902
1 0.730000 0.365854 0.066667 0.048780
1 0.733333 0.395122 0.080000 0.048780
1 0.616667 0.404878 0.073333 0.043902
1 0.573333 0.417073 0.066667 0.048780
1 0.533333 0.473171 0.066667 0.048780
1 0.443333 0.534146 0.073333 0.048780
1 0.403333 0.507317 0.066667 0.048780
1 0.343333 0.495122 0.066667 0.048780
1 0.163333 0.524390 0.073333 0.048780
1 0.063333 0.490244 0.066667 0.048780
1 0.156667 0.429268 0.066667 0.053659
1 0.246667 0.421951 0.073333 0.053659
1 0.270000 0.385366 0.066667 0.053659
1 0.021667 0.563415 0.043333 0.053659
1 0.018333 0.373171 0.036667 0.053659
1 0.553333 0.317073 0.073333 0.048780
1 0.516667 0.275610 0.080000 0.043902
1 0.523333 0.239024 0.080000 0.043902
1 0.716667 0.126829 0.060000 0.053659
1 0.653333 0.109756 0.073333 0.043902
1 0.583333 0.146341 0.066667 0.053659
1 0.323333 0.160976 0.060000 0.048780
1 0.293333 0.182927 0.060000 0.048780
1 0.025000 0.270732 0.050000 0.043902
1 0.080000 0.248780 0.080000 0.043902
1 0.116667 0.224390 0.080000 0.039024
1 0.063333 0.207317 0.080000 0.048780
1 0.186667 0.153659 0.066667 0.043902
1 0.196667 0.070732 0.066667 0.048780
1 0.176667 0.092683 0.073333 0.039024
1 0.053333 0.102439 0.066667 0.039024
1 0.066667 0.078049 0.080000 0.043902
1 0.133333 0.014634 0.066667 0.029268
1 0.020000 0.082927 0.040000 0.058537