1 0.991667 0.904878 0.016667 0.043902
1 0.243333 0.934146 0.066667 0.053659
1 0.296667 0.982927 0.073333 0.034146
1 0.210000 0.987805 0.073333 0.024390
1 0.043333 0.965854 0.060000 0.043902
1 0.106667 0.991463 0.073333 0.017073
1 0.606667 0.734146 0.080000 0.053659
1 0.693333 0.729268 0.073333 0.043902
1 0.053333 0.729268 0.073333 0.043902
1 0.070000 0.692683 0.060000 0.043902
1 0.333333 0.680488 0.080000 0.043902
1 0.620000 0.612195 0.080000 0.053659
1 0.086667 0.526829 0.066667 0.048780
1 0.170000 0.531707 0.073333 0.048780
1 0.486667 0.575610 0.073333 0.053659
1 0.756667 0.392683 0.066667 0.043902
1 0.743333 0.419512 0.080000 0.039024
1 0.956667 0.234146 0.060000 0.043902
1 0.160000 0.436585 0.046667 0.043902
1 0.173333 0.436585 0.040000 0.048780
1 0.380000 0.558537 0.053333 0.039024
1 0.553333 0.487805 0.060000 0.053659
1 0.390000 0.517073 0.066667 0.043902
1 0.440000 0.529268 0.060000 0.048780
1 0.313333 0.473171 0.080000 0.058537
1 0.433333 0.463415 0.073333 0.048780
1 0.410000 0.421951 0.086667 0.048780
1 0.303333 0.397561 0.066667 0.058537
1 0.593333 0.348780 0.066667 0.048780
1 0.633333 0.412195 0.066667 0.043902
1 0.590000 0.421951 0.066667 0.043902
1 0.756667 0.178049 0.060000 0.053659
1 0.690000 0.141463 0.066667 0.048780
1 0.613333 0.202439 0.066667 0.063415
1 0.543333 0.265854 0.086667 0.039024
1 0.526667 0.300000 0.086667 0.039024
1 0.360000 0.343902 0.073333 0.053659
1 0.323333 0.300000 0.080000 0.048780
1 0.350000 0.221951 0.066667 0.043902
1 0.346667 0.182927 0.053333 0.043902
1 0.080000 0.270732 0.073333 0.039024
1 0.126667 0.260976 0.073333 0.048780
1 0.073333 0.226829 0.080000 0.043902
1 0.240000 0.195122 0.060000 0.039024
1 0.210000 0.168293 0.073333 0.053659
1 0.190000 0.109756 0.066667 0.048780
1 0.216667 0.080488 0.060000 0.039024
1 0.073333 0.119512 0.066667 0.043902