1 0.023333 0.936585 0.046667 0.048780
1 0.033333 0.895122 0.066667 0.048780
1 0.081667 0.926829 0.063333 0.053659
1 0.088333 0.848780 0.056667 0.048780
1 0.155000 0.786585 0.056667 0.046341
1 0.230000 0.762195 0.066667 0.046341
1 0.130000 0.982927 0.066667 0.034146
1 0.353333 0.936585 0.066667 0.043902
1 0.356667 0.824390 0.066667 0.048780
1 0.455000 0.979268 0.090000 0.041463
1 0.600000 0.873171 0.066667 0.048780
1 0.593333 0.982927 0.066667 0.034146
1 0.703333 0.904878 0.066667 0.048780
1 0.746667 0.897561 0.066667 0.058537
1 0.350000 0.707317 0.066667 0.048780
1 0.386667 0.648780 0.053333 0.048780
1 0.971667 0.671951 0.056667 0.041463
1 0.028333 0.613415 0.056667 0.041463
1 0.040000 0.580488 0.066667 0.048780
1 0.073333 0.652439 0.066667 0.041463
1 0.121667 0.618293 0.076667 0.041463
1 0.208333 0.609756 0.070000 0.043902
1 0.023333 0.436585 0.046667 0.048780
1 0.080000 0.473171 0.073333 0.048780
1 0.783333 0.557317 0.073333 0.046341
1 0.743333 0.597561 0.066667 0.048780
1 0.708333 0.570732 0.070000 0.048780
1 0.611667 0.578049 0.056667 0.048780
1 0.440000 0.563415 0.066667 0.048780
1 0.433333 0.517073 0.066667 0.048780
1 0.570000 0.492683 0.080000 0.048780
1 0.216667 0.475610 0.053333 0.048780
1 0.308333 0.441463 0.043333 0.048780
1 0.286667 0.439024 0.046667 0.039024
1 0.173333 0.419512 0.066667 0.043902
1 0.210000 0.387805 0.080000 0.053659
1 0.868333 0.330488 0.076667 0.051220
1 0.770000 0.313415 0.073333 0.051220
1 0.253333 0.317073 0.066667 0.048780
1 0.293333 0.365854 0.073333 0.048780
1 0.386667 0.353659 0.080000 0.048780
1 0.045000 0.292683 0.076667 0.048780
1 0.103333 0.281707 0.073333 0.041463
1 0.126667 0.245122 0.086667 0.041463
1 0.151667 0.217073 0.070000 0.048780
1 0.038333 0.175610 0.076667 0.048780
1 0.070000 0.126829 0.066667 0.043902
1 0.143333 0.107317 0.066667 0.048780
1 0.250000 0.109756 0.073333 0.048780
1 0.373333 0.151220 0.066667 0.048780
1 0.330000 0.107317 0.053333 0.063415
1 0.336667 0.068293 0.040000 0.034146
1 0.350000 0.010976 0.066667 0.021951
1 0.376667 0.034146 0.066667 0.043902
1 0.423333 0.020732 0.066667 0.041463
1 0.455000 0.095122 0.083333 0.048780
1 0.533333 0.170732 0.060000 0.048780
1 0.565000 0.175610 0.050000 0.048780
1 0.611667 0.200000 0.076667 0.043902
1 0.603333 0.146341 0.053333 0.048780
1 0.588333 0.048780 0.056667 0.043902
1 0.620000 0.026829 0.060000 0.053659
1 0.725000 0.195122 0.070000 0.048780
1 0.793333 0.128049 0.053333 0.041463
1 0.896667 0.158537 0.066667 0.048780