1 0.033333 0.953659 0.066667 0.048780
1 0.073333 0.981707 0.066667 0.036585
1 0.223333 0.939024 0.093333 0.053659
1 0.926667 0.860976 0.073333 0.048780
1 0.580000 0.902439 0.060000 0.053659
1 0.616667 0.914634 0.066667 0.058537
1 0.446667 0.909756 0.066667 0.048780
1 0.446667 0.848780 0.080000 0.063415
1 0.293333 0.792683 0.066667 0.048780
1 0.273333 0.709756 0.066667 0.048780
1 0.353333 0.629268 0.066667 0.048780
1 0.443333 0.524390 0.060000 0.048780
1 0.886667 0.573171 0.066667 0.048780
1 0.826667 0.609756 0.060000 0.068293
1 0.643333 0.648780 0.100000 0.053659
1 0.713333 0.556098 0.080000 0.053659
1 0.760000 0.482927 0.080000 0.048780
1 0.533333 0.546341 0.080000 0.053659
1 0.866667 0.336585 0.073333 0.058537
1 0.963333 0.368293 0.073333 0.058537
1 0.033333 0.617073 0.066667 0.058537
1 0.226667 0.597561 0.086667 0.048780
1 0.030000 0.507317 0.060000 0.053659
1 0.200000 0.497561 0.066667 0.048780
1 0.393333 0.485366 0.066667 0.058537
1 0.523333 0.382927 0.073333 0.053659
1 0.073333 0.448780 0.073333 0.048780
1 0.090000 0.414634 0.080000 0.048780
1 0.256667 0.424390 0.093333 0.053659
1 0.353333 0.348780 0.060000 0.048780
1 0.723333 0.224390 0.073333 0.048780
1 0.593333 0.231707 0.086667 0.048780
1 0.560000 0.309756 0.086667 0.053659
1 0.390000 0.263415 0.086667 0.053659
1 0.490000 0.258537 0.060000 0.048780
1 0.090000 0.309756 0.080000 0.048780
1 0.126667 0.300000 0.073333 0.043902
1 0.150000 0.282927 0.086667 0.053659
1 0.026667 0.278049 0.053333 0.053659
1 0.031667 0.212195 0.063333 0.048780
1 0.863333 0.026829 0.066667 0.048780
1 0.450000 0.107317 0.073333 0.048780
1 0.513333 0.117073 0.066667 0.048780
1 0.583333 0.024390 0.066667 0.048780
1 0.540000 0.068293 0.073333 0.053659
1 0.460000 0.046341 0.073333 0.053659
1 0.233333 0.090244 0.066667 0.048780
1 0.253333 0.146341 0.073333 0.048780
1 0.310000 0.124390 0.073333 0.048780
1 0.296667 0.163415 0.066667 0.048780
1 0.346667 0.163415 0.066667 0.048780
1 0.110000 0.180488 0.073333 0.053659
1 0.166667 0.100000 0.073333 0.053659
1 0.080000 0.136585 0.073333 0.053659
1 0.083333 0.095122 0.080000 0.048780
1 0.106667 0.043902 0.080000 0.053659