1 0.028333 0.948780 0.056667 0.043902
1 0.050000 0.897561 0.060000 0.043902
1 0.510000 0.939024 0.066667 0.058537
1 0.786667 0.904878 0.080000 0.048780
1 0.916667 0.851220 0.080000 0.048780
1 0.966667 0.700000 0.053333 0.063415
1 0.021667 0.775610 0.043333 0.043902
1 0.346667 0.729268 0.080000 0.043902
1 0.130000 0.741463 0.066667 0.048780
1 0.156667 0.770732 0.073333 0.043902
1 0.150000 0.831707 0.053333 0.039024
1 0.183333 0.807317 0.053333 0.048780
1 0.240000 0.829268 0.060000 0.053659
1 0.213333 0.873171 0.060000 0.048780
1 0.803333 0.714634 0.080000 0.048780
1 0.833333 0.648780 0.073333 0.048780
1 0.946667 0.426829 0.066667 0.058537
1 0.650000 0.714634 0.060000 0.048780
1 0.700000 0.709756 0.066667 0.063415
1 0.656667 0.646341 0.080000 0.048780
1 0.636667 0.580488 0.086667 0.048780
1 0.135000 0.656098 0.070000 0.058537
1 0.091667 0.545122 0.070000 0.051220
1 0.221667 0.576829 0.070000 0.036585
1 0.230000 0.554878 0.060000 0.036585
1 0.223333 0.468293 0.060000 0.043902
1 0.085000 0.435366 0.070000 0.051220
1 0.365000 0.396341 0.070000 0.051220
1 0.073333 0.390244 0.060000 0.043902
1 0.148333 0.359756 0.070000 0.051220
1 0.200000 0.326829 0.080000 0.058537
1 0.203333 0.229268 0.080000 0.058537
1 0.786667 0.263415 0.060000 0.043902
1 0.741667 0.289024 0.050000 0.036585
1 0.690000 0.302439 0.080000 0.043902
1 0.601667 0.317073 0.070000 0.058537
1 0.021667 0.270732 0.043333 0.043902
1 0.313333 0.282927 0.073333 0.053659
1 0.613333 0.243902 0.073333 0.053659
1 0.500000 0.263415 0.073333 0.048780
1 0.406667 0.263415 0.086667 0.053659
1 0.826667 0.021951 0.066667 0.043902
1 0.680000 0.058537 0.066667 0.048780
1 0.620000 0.065854 0.053333 0.048780
1 0.533333 0.158537 0.073333 0.043902
1 0.463333 0.185366 0.073333 0.043902
1 0.586667 0.100000 0.080000 0.048780
1 0.560000 0.020732 0.073333 0.041463
1 0.096667 0.202439 0.066667 0.053659
1 0.353333 0.180488 0.073333 0.048780
1 0.303333 0.165854 0.060000 0.048780
1 0.380000 0.141463 0.073333 0.053659
1 0.406667 0.085366 0.073333 0.048780
1 0.333333 0.104878 0.073333 0.048780
1 0.350000 0.078049 0.060000 0.053659
1 0.283333 0.046341 0.066667 0.053659
1 0.070000 0.180488 0.060000 0.048780
1 0.025000 0.165854 0.050000 0.053659
1 0.123333 0.148780 0.073333 0.053659
1 0.173333 0.104878 0.066667 0.053659
1 0.130000 0.107317 0.066667 0.048780
1 0.140000 0.073171 0.066667 0.048780
1 0.093333 0.097561 0.066667 0.048780
1 0.063333 0.075610 0.066667 0.053659
1 0.025000 0.109756 0.050000 0.053659
1 0.026667 0.029268 0.053333 0.048780