0 0.160000 1.012195 0.066667 0.034146
0 0.505000 1.000000 0.070000 0.043902
0 0.930000 0.890244 0.066667 0.048780
0 0.938333 0.821951 0.063333 0.048780
0 0.378333 0.924390 0.070000 0.048780
0 0.450000 0.858537 0.066667 0.053659
0 0.373333 0.819512 0.053333 0.034146
0 0.171667 0.807317 0.056667 0.058537
0 0.866667 0.686585 0.066667 0.056098
0 0.955000 0.512195 0.070000 0.048780
0 0.350000 0.757317 0.053333 0.041463
0 0.443333 0.720732 0.066667 0.041463
0 0.050000 0.669512 0.066667 0.041463
0 0.083333 0.646341 0.053333 0.043902
0 0.100000 0.541463 0.066667 0.043902
0 0.323333 0.602439 0.080000 0.048780
0 0.466667 0.569512 0.080000 0.051220
0 0.531667 0.562195 0.050000 0.036585
0 0.315000 0.528049 0.043333 0.036585
0 0.490000 0.510976 0.040000 0.026829
0 0.595000 0.520732 0.050000 0.036585
0 0.415000 0.495122 0.096667 0.048780
0 0.776667 0.441463 0.066667 0.048780
0 0.745000 0.367073 0.070000 0.051220
0 0.055000 0.375610 0.063333 0.043902
0 0.191667 0.353659 0.076667 0.053659
0 0.386667 0.419512 0.066667 0.043902
0 0.388333 0.390244 0.056667 0.048780
0 0.328333 0.382927 0.070000 0.048780
0 0.563333 0.312195 0.080000 0.043902
0 0.453333 0.337805 0.046667 0.036585
0 0.578333 0.248780 0.050000 0.048780
0 0.441667 0.314634 0.070000 0.048780
0 0.303333 0.328049 0.060000 0.046341
0 0.303333 0.296341 0.060000 0.051220
0 0.300000 0.243902 0.066667 0.048780
0 0.455000 0.224390 0.076667 0.048780
0 0.871667 0.223171 0.063333 0.046341
0 0.780000 0.169512 0.066667 0.051220
0 0.950000 0.186585 0.066667 0.051220
0 0.993333 0.123171 0.066667 0.051220
0 0.730000 0.121951 0.066667 0.043902
0 0.816667 0.073171 0.066667 0.048780
0 0.211667 0.214634 0.063333 0.048780
0 0.083333 0.080488 0.053333 0.043902
0 0.083333 0.143902 0.066667 0.048780
0 0.136667 0.163415 0.066667 0.048780
0 0.170000 0.134146 0.066667 0.048780
0 0.195000 0.158537 0.056667 0.039024
0 0.426667 0.141463 0.066667 0.039024
0 0.385000 0.119512 0.056667 0.039024
0 0.368333 0.084146 0.050000 0.036585
0 0.321667 0.085366 0.056667 0.053659