0 0.183333 1.012195 0.066667 0.048780
0 0.476667 0.989024 0.066667 0.041463
0 0.358333 0.932927 0.070000 0.051220
0 0.920000 0.892683 0.066667 0.039024
0 0.946667 0.862195 0.066667 0.056098
0 0.190000 0.835366 0.066667 0.056098
0 0.451667 0.853659 0.056667 0.048780
0 0.355000 0.817073 0.050000 0.039024
0 0.358333 0.754878 0.050000 0.041463
0 0.475000 0.734146 0.070000 0.048780
0 0.880000 0.654878 0.066667 0.056098
0 0.066667 0.684146 0.066667 0.051220
0 0.086667 0.668293 0.046667 0.048780
0 0.973333 0.507317 0.073333 0.048780
0 0.113333 0.565854 0.060000 0.048780
0 0.336667 0.598780 0.066667 0.041463
0 0.498333 0.582927 0.076667 0.048780
0 0.535000 0.558537 0.050000 0.039024
0 0.595000 0.514634 0.056667 0.043902
0 0.430000 0.509756 0.066667 0.048780
0 0.463333 0.492683 0.066667 0.039024
0 0.793333 0.414634 0.060000 0.053659
0 0.763333 0.353659 0.066667 0.053659
0 0.598333 0.337805 0.076667 0.051220
0 0.088333 0.379268 0.063333 0.041463
0 0.206667 0.375610 0.073333 0.048780
0 0.416667 0.429268 0.073333 0.048780
0 0.598333 0.278049 0.056667 0.048780
0 0.351667 0.392683 0.070000 0.048780
0 0.383333 0.373171 0.060000 0.043902
0 0.458333 0.346341 0.076667 0.053659
0 0.298333 0.360976 0.050000 0.048780
0 0.311667 0.319512 0.076667 0.053659
0 0.286667 0.260976 0.073333 0.053659
0 0.213333 0.202439 0.060000 0.053659
0 0.153333 0.159756 0.086667 0.041463
0 0.146667 0.135366 0.093333 0.041463
0 0.463333 0.225610 0.073333 0.041463
0 0.886667 0.215854 0.066667 0.041463
0 0.420000 0.148780 0.073333 0.048780
0 0.358333 0.093902 0.050000 0.041463
0 0.325000 0.052439 0.050000 0.046341
0 0.071667 0.091463 0.043333 0.041463
0 0.801667 0.156098 0.070000 0.053659
0 0.766667 0.119512 0.066667 0.043902
0 0.948333 0.160976 0.063333 0.053659
0 0.990000 0.085366 0.060000 0.048780
0 0.843333 0.063415 0.066667 0.048780