0 0.446667 0.990244 0.060000 0.039024
0 0.080000 0.919512 0.046667 0.048780
0 0.046667 0.900000 0.053333 0.043902
0 0.746667 0.858537 0.060000 0.058537
0 0.980000 0.895122 0.053333 0.043902
0 0.516667 0.895122 0.060000 0.053659
0 0.573333 0.890244 0.073333 0.048780
0 0.650000 0.787805 0.073333 0.048780
0 1.016667 0.726829 0.060000 0.053659
0 0.976667 0.631707 0.073333 0.048780
0 0.426667 0.800000 0.073333 0.053659
0 0.453333 0.709756 0.066667 0.053659
0 0.263333 0.724390 0.060000 0.043902
0 0.173333 0.641463 0.066667 0.048780
0 0.056667 0.578049 0.046667 0.053659
0 0.376667 0.543902 0.060000 0.053659
0 0.400000 0.604878 0.080000 0.048780
0 0.970000 0.509756 0.060000 0.063415
0 0.886667 0.504878 0.060000 0.043902
0 0.826667 0.492683 0.066667 0.053659
0 0.060000 0.485366 0.066667 0.048780
0 0.796667 0.409756 0.066667 0.063415
0 0.990000 0.178049 0.066667 0.073171
0 0.846667 0.273171 0.066667 0.048780
0 0.776667 0.307317 0.060000 0.043902
0 0.610000 0.341463 0.060000 0.053659
0 0.513333 0.429268 0.066667 0.053659
0 0.356667 0.378049 0.066667 0.053659
0 0.066667 0.353659 0.053333 0.043902
0 0.146667 0.295122 0.093333 0.043902
0 0.056667 0.258537 0.073333 0.053659
0 0.160000 0.253659 0.086667 0.043902
0 0.153333 0.212195 0.066667 0.048780
0 0.193333 0.214634 0.066667 0.048780
0 0.466667 0.302439 0.066667 0.048780
0 0.626667 0.260976 0.073333 0.048780
0 0.330000 0.236585 0.060000 0.043902
0 0.360000 0.209756 0.060000 0.043902
0 0.393333 0.202439 0.060000 0.039024
0 0.523333 0.209756 0.073333 0.048780
0 0.650000 0.175610 0.073333 0.053659
0 0.100000 0.146341 0.073333 0.048780
0 0.560000 0.139024 0.060000 0.043902
0 0.516667 0.134146 0.053333 0.048780
0 0.586667 0.070732 0.053333 0.048780
0 0.543333 0.090244 0.060000 0.043902
0 0.453333 0.117073 0.066667 0.048780
0 0.406667 0.114634 0.066667 0.048780
0 0.280000 0.102439 0.060000 0.043902
0 0.163333 0.070732 0.073333 0.048780
0 0.053333 0.048780 0.066667 0.048780
0 0.310000 0.068293 0.080000 0.043902
0 0.313333 0.036585 0.053333 0.034146