0 0.393333 0.996341 0.060000 0.046341
0 0.826667 0.936585 0.066667 0.048780
0 0.310000 0.973171 0.073333 0.048780
0 0.168333 0.947561 0.076667 0.051220
0 0.208333 0.919512 0.076667 0.048780
0 0.131667 0.806098 0.070000 0.056098
0 0.300000 0.778049 0.053333 0.039024
0 0.386667 0.740244 0.053333 0.036585
0 0.415000 0.792683 0.056667 0.048780
0 0.661667 0.721951 0.063333 0.048780
0 0.528333 0.719512 0.056667 0.048780
0 0.608333 0.718293 0.070000 0.051220
0 0.110000 0.680488 0.046667 0.048780
0 0.153333 0.676829 0.066667 0.051220
0 0.113333 0.610976 0.073333 0.056098
0 0.603333 0.654878 0.080000 0.051220
0 0.645000 0.581707 0.076667 0.051220
0 0.850000 0.469512 0.066667 0.056098
0 0.705000 0.457317 0.076667 0.056098
0 0.523333 0.487805 0.060000 0.048780
0 0.523333 0.526829 0.066667 0.048780
0 0.171667 0.521951 0.070000 0.048780
0 0.415000 0.490244 0.070000 0.053659
0 0.220000 0.430488 0.073333 0.051220
0 0.250000 0.473171 0.060000 0.048780
0 0.295000 0.473171 0.056667 0.039024
0 0.303333 0.443902 0.073333 0.053659
0 0.436667 0.391463 0.060000 0.041463
0 0.621667 0.375610 0.076667 0.048780
0 0.546667 0.331707 0.073333 0.053659
0 0.611667 0.323171 0.070000 0.051220
0 0.190000 0.301220 0.073333 0.051220
0 0.263333 0.297561 0.060000 0.048780
0 0.370000 0.265854 0.066667 0.053659
0 0.535000 0.232927 0.076667 0.046341
0 0.775000 0.250000 0.070000 0.051220
0 0.841667 0.226829 0.070000 0.053659
0 0.060000 0.235366 0.066667 0.046341
0 0.106667 0.139024 0.066667 0.048780
0 0.143333 0.173171 0.060000 0.048780
0 0.931667 0.181707 0.056667 0.046341
0 0.941667 0.130488 0.063333 0.046341
0 0.831667 0.112195 0.076667 0.048780
0 0.505000 0.178049 0.083333 0.048780
0 0.370000 0.168293 0.073333 0.048780
0 0.326667 0.160976 0.060000 0.048780
0 0.383333 0.141463 0.066667 0.048780
0 0.385000 0.112195 0.056667 0.048780
0 0.328333 0.076829 0.076667 0.051220
0 0.453333 0.048780 0.053333 0.043902
0 0.690000 0.069512 0.060000 0.046341