0 0.040000 0.965854 0.053333 0.043902
0 0.080000 1.014634 0.060000 0.078049
0 0.113333 1.002439 0.060000 0.058537
0 0.206667 0.990244 0.060000 0.058537
0 0.280000 0.995122 0.066667 0.058537
0 0.553333 1.017073 0.060000 0.053659
0 0.230000 0.914634 0.060000 0.058537
0 1.003333 0.900000 0.046667 0.039024
0 0.630000 0.746341 0.073333 0.053659
0 0.683333 0.729268 0.066667 0.043902
0 0.053333 0.726829 0.073333 0.043902
0 0.063333 0.687805 0.053333 0.039024
0 0.360000 0.673171 0.080000 0.043902
0 0.643333 0.634146 0.080000 0.053659
0 1.003333 0.419512 0.066667 0.053659
0 0.943333 0.226829 0.060000 0.043902
0 0.766667 0.392683 0.066667 0.048780
0 0.770000 0.421951 0.080000 0.048780
0 0.653333 0.431707 0.073333 0.043902
0 0.610000 0.443902 0.066667 0.048780
0 0.570000 0.500000 0.066667 0.048780
0 0.480000 0.560976 0.073333 0.048780
0 0.440000 0.534146 0.066667 0.048780
0 0.380000 0.521951 0.066667 0.048780
0 0.200000 0.551220 0.073333 0.048780
0 0.100000 0.517073 0.066667 0.048780
0 0.193333 0.456098 0.066667 0.053659
0 0.283333 0.448780 0.073333 0.053659
0 0.306667 0.412195 0.066667 0.053659
0 0.046667 0.590244 0.066667 0.053659
0 0.043333 0.400000 0.060000 0.053659
0 0.590000 0.343902 0.073333 0.048780
0 0.553333 0.302439 0.080000 0.043902
0 0.560000 0.265854 0.080000 0.043902
0 0.753333 0.153659 0.060000 0.053659
0 0.690000 0.136585 0.073333 0.043902
0 0.620000 0.173171 0.066667 0.053659
0 0.360000 0.187805 0.060000 0.048780
0 0.330000 0.209756 0.060000 0.048780
0 0.053333 0.297561 0.066667 0.043902
0 0.116667 0.275610 0.080000 0.043902
0 0.153333 0.251220 0.080000 0.039024
0 0.100000 0.234146 0.080000 0.048780
0 0.223333 0.180488 0.066667 0.043902
0 0.233333 0.097561 0.066667 0.048780
0 0.213333 0.119512 0.073333 0.039024
0 0.090000 0.129268 0.066667 0.039024
0 0.103333 0.104878 0.080000 0.043902
0 0.170000 0.034146 0.066667 0.043902
0 0.046667 0.109756 0.060000 0.058537