0 1.023333 0.926829 0.060000 0.048780
0 0.643333 1.019512 0.086667 0.048780
0 0.060000 0.997561 0.060000 0.043902
0 0.090000 0.917073 0.060000 0.043902
0 0.333333 0.900000 0.060000 0.043902
0 0.736667 0.739024 0.073333 0.048780
0 0.113333 0.770732 0.073333 0.053659
0 0.153333 0.687805 0.073333 0.053659
0 0.040000 0.726829 0.053333 0.039024
0 0.043333 0.660976 0.060000 0.039024
0 0.120000 0.643902 0.053333 0.039024
0 0.383333 0.643902 0.073333 0.063415
0 0.470000 0.643902 0.066667 0.053659
0 0.513333 0.641463 0.073333 0.053659
0 0.440000 0.604878 0.073333 0.048780
0 0.063333 0.504878 0.046667 0.043902
0 0.450000 0.519512 0.066667 0.043902
0 0.590000 0.502439 0.060000 0.058537
0 0.626667 0.487805 0.073333 0.053659
0 0.446667 0.460976 0.060000 0.058537
0 0.323333 0.436585 0.080000 0.048780
0 0.053333 0.414634 0.066667 0.048780
0 0.646667 0.404878 0.066667 0.058537
0 0.626667 0.351220 0.086667 0.048780
0 0.773333 0.317073 0.066667 0.053659
0 0.996667 0.190244 0.066667 0.058537
0 0.703333 0.141463 0.066667 0.048780
0 0.483333 0.390244 0.066667 0.043902
0 0.480000 0.348780 0.080000 0.039024
0 0.486667 0.317073 0.073333 0.039024
0 0.276667 0.363415 0.080000 0.043902
0 0.176667 0.353659 0.073333 0.048780
0 0.433333 0.282927 0.080000 0.043902
0 0.423333 0.234146 0.080000 0.043902
0 0.410000 0.204878 0.073333 0.053659
0 0.276667 0.295122 0.066667 0.048780
0 0.246667 0.270732 0.066667 0.048780
0 0.150000 0.290244 0.080000 0.043902
0 0.163333 0.268293 0.086667 0.039024
0 0.183333 0.241463 0.080000 0.043902
0 0.283333 0.182927 0.080000 0.048780
0 0.040000 0.248780 0.053333 0.048780
0 0.046667 0.158537 0.060000 0.043902
0 0.506667 0.043902 0.080000 0.039024
0 0.280000 0.053659 0.060000 0.048780
0 0.210000 0.053659 0.073333 0.053659