0 0.012346 0.472222 0.021605 0.166667
0 0.008488 0.694444 0.016975 0.138889
0 0.033951 0.527778 0.018519 0.194444
0 0.043210 0.694444 0.018519 0.111111
0 0.086420 0.736111 0.021605 0.138889
0 0.060185 0.583333 0.021605 0.138889
0 0.069444 0.388889 0.021605 0.111111
0 0.037037 0.361111 0.018519 0.166667
0 0.072531 0.291667 0.024691 0.166667
0 0.100309 0.500000 0.018519 0.166667
0 0.108025 0.444444 0.015432 0.222222
0 0.114198 0.597222 0.015432 0.166667
0 0.135802 0.638889 0.021605 0.138889
0 0.168210 0.430556 0.021605 0.138889
0 0.205247 0.472222 0.021605 0.138889
0 0.243827 0.222222 0.018519 0.111111
0 0.703704 0.763889 0.024691 0.111111
0 0.754630 0.791667 0.021605 0.138889
0 0.774691 0.625000 0.021605 0.138889
0 0.745370 0.638889 0.018519 0.166667
0 0.851852 0.541667 0.021605 0.138889
0 0.839506 0.277778 0.021605 0.138889
0 0.890432 0.583333 0.021605 0.194444
0 0.896605 0.347222 0.024691 0.138889
0 0.933642 0.416667 0.021605 0.138889
0 0.955247 0.597222 0.021605 0.222222
0 0.991512 0.736111 0.016975 0.138889
0 0.972222 0.541667 0.018519 0.166667
0 0.989198 0.444444 0.018519 0.166667
0 0.955247 0.319444 0.018519 0.166667
0 0.992284 0.319444 0.012346 0.166667