0 0.004630 0.277778 0.009259 0.138889
0 0.367284 0.736111 0.018519 0.138889
0 0.396605 0.250000 0.015432 0.138889
0 0.686728 0.777778 0.021605 0.138889
0 0.765432 0.638889 0.018519 0.138889
0 0.893519 0.763889 0.021605 0.138889
0 0.859568 0.569444 0.024691 0.222222
0 0.820988 0.375000 0.024691 0.138889
0 0.870370 0.277778 0.015432 0.138889
0 0.927469 0.444444 0.021605 0.194444
0 0.925926 0.513889 0.024691 0.138889
0 0.918210 0.263889 0.024691 0.111111
0 0.941358 0.277778 0.021605 0.138889
0 0.986111 0.319444 0.021605 0.194444
0 0.984568 0.638889 0.018519 0.166667
0 0.949074 0.388889 0.018519 0.166667