0 0.027778 0.236111 0.015432 0.138889
0 0.023148 0.319444 0.024691 0.111111
0 0.018519 0.500000 0.024691 0.138889
0 0.072531 0.375000 0.021605 0.138889
0 0.091049 0.361111 0.018519 0.111111
0 0.149691 0.555556 0.018519 0.166667
0 0.169753 0.402778 0.024691 0.111111
0 0.163580 0.277778 0.024691 0.111111
0 0.208333 0.430556 0.021605 0.166667
0 0.197531 0.472222 0.024691 0.111111
0 0.197531 0.569444 0.021605 0.111111
0 0.185185 0.694444 0.015432 0.194444
0 0.223765 0.722222 0.024691 0.111111
0 0.226852 0.583333 0.021605 0.138889
0 0.223765 0.472222 0.015432 0.222222
0 0.240741 0.486111 0.018519 0.166667
0 0.262346 0.402778 0.024691 0.166667
0 0.287037 0.347222 0.024691 0.111111
0 0.268519 0.500000 0.021605 0.166667
0 0.253086 0.638889 0.024691 0.138889
0 0.259259 0.722222 0.015432 0.194444
0 0.273148 0.541667 0.015432 0.138889
0 0.259259 0.638889 0.012346 0.194444
0 0.279321 0.694444 0.015432 0.194444
0 0.271605 0.597222 0.018519 0.111111
0 0.287037 0.527778 0.018519 0.111111
0 0.293210 0.402778 0.021605 0.111111
0 0.297840 0.486111 0.021605 0.138889
0 0.322531 0.208333 0.018519 0.083333
0 0.331790 0.305556 0.021605 0.111111
0 0.311728 0.347222 0.021605 0.111111
0 0.322531 0.430556 0.021605 0.138889
0 0.317901 0.666667 0.015432 0.138889
0 0.305556 0.708333 0.012346 0.111111
0 0.330247 0.569444 0.018519 0.166667
0 0.339506 0.472222 0.018519 0.138889
0 0.358025 0.430556 0.021605 0.138889
0 0.351852 0.319444 0.015432 0.166667
0 0.367284 0.361111 0.018519 0.138889
0 0.345679 0.638889 0.012346 0.166667
0 0.337963 0.625000 0.018519 0.111111
0 0.327160 0.763889 0.018519 0.111111
0 0.353395 0.708333 0.015432 0.138889
0 0.367284 0.750000 0.015432 0.166667
0 0.368827 0.597222 0.018519 0.111111
0 0.376543 0.555556 0.015432 0.166667
0 0.385802 0.416667 0.018519 0.083333
0 0.393519 0.500000 0.018519 0.111111
0 0.382716 0.652778 0.021605 0.111111
0 0.388889 0.763889 0.015432 0.111111
0 0.424383 0.750000 0.018519 0.111111
0 0.422840 0.652778 0.021605 0.111111
0 0.427469 0.472222 0.018519 0.111111
0 0.449074 0.736111 0.021605 0.138889
0 0.435185 0.583333 0.018519 0.111111
0 0.444444 0.541667 0.018519 0.111111
0 0.445988 0.430556 0.012346 0.138889
0 0.458333 0.569444 0.012346 0.166667
0 0.470679 0.652778 0.021605 0.111111
0 0.481481 0.722222 0.015432 0.166667
0 0.486111 0.763889 0.018519 0.138889
0 0.506173 0.777778 0.018519 0.166667
0 0.487654 0.625000 0.012346 0.166667
0 0.495370 0.513889 0.018519 0.083333
0 0.469136 0.486111 0.015432 0.166667
0 0.467593 0.361111 0.018519 0.111111
0 0.475309 0.250000 0.021605 0.111111
0 0.486111 0.319444 0.018519 0.138889
0 0.489198 0.416667 0.018519 0.138889
0 0.513889 0.361111 0.018519 0.111111
0 0.486111 0.444444 0.018519 0.111111
0 0.529321 0.263889 0.018519 0.111111
0 0.535494 0.444444 0.018519 0.111111
0 0.532407 0.680556 0.018519 0.111111
0 0.544753 0.750000 0.018519 0.111111
0 0.547840 0.680556 0.018519 0.111111
0 0.547840 0.569444 0.018519 0.111111
0 0.540123 0.500000 0.018519 0.111111
0 0.547840 0.430556 0.012346 0.166667
0 0.547840 0.236111 0.012346 0.111111
0 0.503086 0.416667 0.018519 0.111111
0 0.518519 0.458333 0.018519 0.083333
0 0.526235 0.569444 0.018519 0.111111
0 0.560185 0.541667 0.012346 0.166667
0 0.572531 0.625000 0.012346 0.194444
0 0.569444 0.722222 0.018519 0.111111
0 0.570988 0.333333 0.015432 0.166667
0 0.577160 0.277778 0.012346 0.138889
0 0.586420 0.361111 0.015432 0.138889
0 0.578704 0.458333 0.015432 0.111111
0 0.592593 0.416667 0.018519 0.111111
0 0.589506 0.666667 0.012346 0.166667
0 0.611111 0.486111 0.015432 0.166667
0 0.603395 0.583333 0.012346 0.166667
0 0.609568 0.694444 0.018519 0.111111
0 0.628086 0.763889 0.018519 0.166667
0 0.634259 0.333333 0.015432 0.166667
0 0.634259 0.569444 0.018519 0.111111
0 0.660494 0.791667 0.018519 0.111111
0 0.683642 0.722222 0.018519 0.111111
0 0.685185 0.625000 0.015432 0.166667
0 0.660494 0.652778 0.018519 0.166667
0 0.665123 0.472222 0.024691 0.111111
0 0.683642 0.513889 0.018519 0.166667
0 0.674383 0.347222 0.021605 0.111111
0 0.776235 0.541667 0.024691 0.138889
0 0.759259 0.611111 0.021605 0.138889
0 0.757716 0.694444 0.018519 0.111111
0 0.780864 0.722222 0.021605 0.138889
0 0.750000 0.763889 0.018519 0.111111
0 0.709877 0.791667 0.015432 0.111111
0 0.733025 0.750000 0.012346 0.111111
0 0.862654 0.597222 0.018519 0.138889
0 0.870370 0.777778 0.021605 0.166667
0 0.871914 0.527778 0.018519 0.138889
0 0.890432 0.597222 0.021605 0.138889
0 0.899691 0.680556 0.027778 0.194444
0 0.916667 0.583333 0.021605 0.138889
0 0.933642 0.652778 0.021605 0.166667
0 0.942901 0.722222 0.024691 0.111111
0 0.984568 0.763889 0.015432 0.138889