0 0.035494 0.375000 0.018519 0.138889
0 0.044753 0.416667 0.015432 0.138889
0 0.063272 0.500000 0.024691 0.138889
0 0.029321 0.569444 0.024691 0.111111
0 0.040123 0.722222 0.012346 0.194444
0 0.027778 0.791667 0.024691 0.138889
0 0.064815 0.708333 0.024691 0.111111
0 0.103395 0.625000 0.021605 0.111111
0 0.115741 0.555556 0.021605 0.111111
0 0.112654 0.430556 0.021605 0.111111
0 0.129630 0.500000 0.024691 0.138889
0 0.135802 0.555556 0.021605 0.111111
0 0.118827 0.680556 0.018519 0.138889
0 0.138889 0.722222 0.018519 0.166667
0 0.155864 0.583333 0.021605 0.111111
0 0.152778 0.527778 0.012346 0.166667
0 0.149691 0.388889 0.021605 0.138889
0 0.162037 0.416667 0.018519 0.111111
0 0.163580 0.722222 0.024691 0.138889
0 0.183642 0.750000 0.021605 0.138889
0 0.171296 0.666667 0.024691 0.111111
0 0.205247 0.847222 0.015432 0.138889
0 0.174383 0.625000 0.012346 0.166667
0 0.186728 0.541667 0.018519 0.138889
0 0.172840 0.444444 0.015432 0.166667
0 0.179012 0.361111 0.018519 0.138889
0 0.195988 0.333333 0.021605 0.111111
0 0.192901 0.472222 0.012346 0.166667
0 0.206790 0.472222 0.018519 0.138889
0 0.239198 0.694444 0.024691 0.111111
0 0.240741 0.569444 0.021605 0.138889
0 0.260802 0.708333 0.012346 0.194444
0 0.262346 0.541667 0.021605 0.138889
0 0.262346 0.486111 0.012346 0.166667
0 0.287037 0.666667 0.018519 0.111111
0 0.274691 0.777778 0.021605 0.111111
0 0.288580 0.805556 0.018519 0.138889
0 0.287037 0.555556 0.018519 0.111111
0 0.285494 0.486111 0.021605 0.138889
0 0.320988 0.416667 0.024691 0.111111
0 0.331790 0.347222 0.024691 0.111111
0 0.319444 0.555556 0.015432 0.166667
0 0.308642 0.847222 0.018519 0.138889
0 0.339506 0.875000 0.021605 0.111111
0 0.334877 0.763889 0.021605 0.111111
0 0.344136 0.763889 0.012346 0.166667
0 0.361111 0.694444 0.021605 0.111111
0 0.345679 0.625000 0.018519 0.138889
0 0.333333 0.555556 0.018519 0.111111
0 0.375000 0.583333 0.012346 0.166667
0 0.421296 0.416667 0.018519 0.111111
0 0.427469 0.708333 0.015432 0.166667
0 0.418210 0.805556 0.012346 0.166667
0 0.430556 0.541667 0.018519 0.111111
0 0.441358 0.444444 0.012346 0.166667
0 0.447531 0.513889 0.018519 0.111111
0 0.458333 0.611111 0.021605 0.138889
0 0.466049 0.666667 0.018519 0.111111
0 0.479938 0.847222 0.021605 0.138889
0 0.481481 0.736111 0.018519 0.111111
0 0.490741 0.708333 0.015432 0.166667
0 0.500000 0.569444 0.024691 0.111111
0 0.498457 0.472222 0.021605 0.111111
0 0.496914 0.375000 0.015432 0.111111
0 0.476852 0.361111 0.012346 0.111111
0 0.527778 0.736111 0.021605 0.111111
0 0.527778 0.680556 0.012346 0.138889
0 0.543210 0.638889 0.018519 0.166667
0 0.558642 0.375000 0.018519 0.111111
0 0.555556 0.527778 0.018519 0.111111
0 0.572531 0.652778 0.018519 0.111111
0 0.581790 0.583333 0.021605 0.111111
0 0.578704 0.472222 0.021605 0.111111
0 0.603395 0.375000 0.018519 0.111111
0 0.614198 0.569444 0.018519 0.138889
0 0.611111 0.708333 0.018519 0.138889
0 0.651235 0.819444 0.024691 0.111111
0 0.412037 0.736111 0.018519 0.111111
0 0.663580 0.888889 0.021605 0.111111
0 0.648148 0.694444 0.018519 0.138889
0 0.631173 0.736111 0.018519 0.111111
0 0.660494 0.611111 0.018519 0.138889
0 0.675926 0.736111 0.018519 0.166667
0 0.686728 0.527778 0.021605 0.111111
0 0.702160 0.486111 0.018519 0.111111
0 0.705247 0.875000 0.015432 0.166667
0 0.723765 0.513889 0.015432 0.166667
0 0.745370 0.361111 0.012346 0.111111
0 0.757716 0.513889 0.018519 0.138889
0 0.733025 0.555556 0.021605 0.111111
0 0.734568 0.708333 0.021605 0.138889
0 0.748457 0.625000 0.018519 0.111111
0 0.736111 0.847222 0.018519 0.138889
0 0.726852 0.902778 0.018519 0.111111
0 0.750000 0.819444 0.012346 0.166667
0 0.777778 0.777778 0.024691 0.138889
0 0.788580 0.902778 0.012346 0.111111
0 0.771605 0.638889 0.018519 0.166667
0 0.782407 0.597222 0.012346 0.166667
0 0.793210 0.652778 0.015432 0.166667
0 0.824074 0.791667 0.018519 0.194444
0 0.824074 0.888889 0.021605 0.138889
0 0.828704 0.569444 0.018519 0.111111
0 0.873457 0.444444 0.040123 0.166667
0 0.859568 0.638889 0.021605 0.138889
0 0.862654 0.763889 0.021605 0.166667
0 0.879630 0.555556 0.012346 0.166667
0 0.915123 0.486111 0.018519 0.166667
0 0.893519 0.833333 0.018519 0.111111
0 0.925926 0.916667 0.018519 0.111111
0 0.938272 0.708333 0.024691 0.138889
0 0.924383 0.458333 0.009259 0.111111
0 0.966049 0.416667 0.012346 0.138889
0 0.988426 0.541667 0.023148 0.111111
0 0.989969 0.902778 0.020062 0.138889
0 0.993827 0.500000 0.012346 0.166667
0 0.999228 0.402778 0.001543 0.111111
0 0.952160 0.833333 0.018519 0.111111