0 0.032407 0.722222 0.012346 0.166667
0 0.012346 0.583333 0.018519 0.111111
0 0.046296 0.638889 0.018519 0.111111
0 0.061728 0.638889 0.018519 0.111111
0 0.047840 0.527778 0.018519 0.111111
0 0.075617 0.375000 0.021605 0.111111
0 0.072531 0.444444 0.021605 0.111111
0 0.091049 0.416667 0.018519 0.111111
0 0.080247 0.541667 0.018519 0.111111
0 0.095679 0.555556 0.018519 0.111111
0 0.087963 0.597222 0.021605 0.111111
0 0.094136 0.722222 0.021605 0.111111
0 0.128086 0.361111 0.021605 0.111111
0 0.143519 0.472222 0.021605 0.138889
0 0.180556 0.763889 0.021605 0.138889
0 0.200617 0.722222 0.015432 0.166667
0 0.217593 0.569444 0.021605 0.138889
0 0.220679 0.430556 0.021605 0.138889
0 0.188272 0.361111 0.021605 0.138889
0 0.209877 0.333333 0.021605 0.138889
0 0.228395 0.236111 0.021605 0.138889
0 0.242284 0.402778 0.015432 0.166667
0 0.254630 0.250000 0.015432 0.138889
0 0.243827 0.541667 0.021605 0.166667
0 0.248457 0.666667 0.015432 0.166667
0 0.268519 0.736111 0.021605 0.138889
0 0.273148 0.638889 0.021605 0.138889
0 0.263889 0.472222 0.012346 0.194444
0 0.262346 0.333333 0.018519 0.111111
0 0.300926 0.263889 0.021605 0.138889
0 0.279321 0.402778 0.018519 0.138889
0 0.277778 0.486111 0.018519 0.111111
0 0.285494 0.597222 0.012346 0.166667
0 0.299383 0.569444 0.018519 0.166667
0 0.311728 0.333333 0.018519 0.138889
0 0.339506 0.277778 0.033951 0.166667
0 0.337963 0.333333 0.018519 0.166667
0 0.322531 0.402778 0.021605 0.111111
0 0.324074 0.597222 0.018519 0.111111
0 0.324074 0.763889 0.018519 0.138889
0 0.341049 0.694444 0.015432 0.138889
0 0.348765 0.583333 0.018519 0.111111
0 0.365741 0.652778 0.024691 0.138889
0 0.354938 0.777778 0.012346 0.138889
0 0.375000 0.750000 0.021605 0.111111
0 0.388889 0.750000 0.018519 0.138889
0 0.387346 0.444444 0.018519 0.166667
0 0.375000 0.388889 0.015432 0.194444
0 0.388889 0.236111 0.018519 0.111111
0 0.425926 0.291667 0.018519 0.111111
0 0.418210 0.750000 0.018519 0.138889
0 0.441358 0.611111 0.012346 0.194444
0 0.467593 0.541667 0.024691 0.138889
0 0.483025 0.777778 0.018519 0.138889
0 0.467593 0.777778 0.015432 0.166667
0 0.481481 0.625000 0.018519 0.138889
0 0.503086 0.583333 0.024691 0.138889
0 0.512346 0.708333 0.012346 0.166667
0 0.496914 0.388889 0.021605 0.111111
0 0.496914 0.319444 0.024691 0.138889
0 0.489198 0.263889 0.015432 0.138889
0 0.510802 0.263889 0.018519 0.111111
0 0.549383 0.277778 0.021605 0.111111
0 0.430556 0.750000 0.012346 0.166667
0 0.550926 0.736111 0.018519 0.138889
0 0.629630 0.277778 0.024691 0.138889
0 0.589506 0.777778 0.018519 0.138889
0 0.666667 0.472222 0.024691 0.138889
0 0.662037 0.736111 0.024691 0.111111
0 0.694444 0.777778 0.018519 0.138889
0 0.709877 0.680556 0.024691 0.166667
0 0.733025 0.263889 0.018519 0.111111
0 0.746914 0.263889 0.018519 0.111111
0 0.770062 0.263889 0.018519 0.111111
0 0.716049 0.333333 0.021605 0.083333
0 0.706790 0.472222 0.015432 0.166667
0 0.733025 0.444444 0.018519 0.166667
0 0.779321 0.500000 0.018519 0.166667
0 0.774691 0.694444 0.018519 0.194444
0 0.754630 0.708333 0.021605 0.166667
0 0.757716 0.777778 0.024691 0.166667
0 0.850309 0.263889 0.018519 0.166667
0 0.962963 0.361111 0.021605 0.138889
0 0.959877 0.444444 0.024691 0.138889
0 0.981481 0.763889 0.021605 0.138889
0 0.992284 0.791667 0.015432 0.166667
0 0.989198 0.263889 0.018519 0.111111