0 0.030864 0.222222 0.012346 0.111111
0 0.023148 0.402778 0.021605 0.111111
0 0.005401 0.527778 0.010802 0.166667
0 0.020062 0.541667 0.018519 0.138889
0 0.060185 0.555556 0.024691 0.111111
0 0.070988 0.375000 0.012346 0.166667
0 0.077160 0.486111 0.021605 0.111111
0 0.103395 0.541667 0.024691 0.138889
0 0.125000 0.388889 0.021605 0.138889
0 0.115741 0.486111 0.021605 0.138889
0 0.118827 0.250000 0.024691 0.138889
0 0.145062 0.208333 0.018519 0.111111
0 0.155864 0.263889 0.018519 0.138889
0 0.148148 0.402778 0.018519 0.166667
0 0.135802 0.486111 0.018519 0.111111
0 0.129630 0.597222 0.018519 0.166667
0 0.129630 0.652778 0.024691 0.138889
0 0.143519 0.666667 0.015432 0.166667
0 0.165123 0.722222 0.021605 0.138889
0 0.180556 0.694444 0.021605 0.138889
0 0.202160 0.736111 0.021605 0.138889
0 0.162037 0.638889 0.018519 0.111111
0 0.158951 0.555556 0.018519 0.166667
0 0.177469 0.361111 0.018519 0.138889
0 0.174383 0.416667 0.018519 0.111111
0 0.182099 0.458333 0.021605 0.111111
0 0.200617 0.402778 0.021605 0.111111
0 0.194444 0.472222 0.024691 0.083333
0 0.197531 0.569444 0.021605 0.111111
0 0.225309 0.666667 0.021605 0.111111
0 0.228395 0.541667 0.018519 0.111111
0 0.214506 0.597222 0.018519 0.111111
0 0.212963 0.486111 0.018519 0.083333
0 0.219136 0.472222 0.012346 0.222222
0 0.233025 0.277778 0.018519 0.138889
0 0.245370 0.333333 0.024691 0.111111
0 0.251543 0.527778 0.015432 0.166667
0 0.268519 0.513889 0.021605 0.194444
0 0.248457 0.444444 0.024691 0.111111
0 0.262346 0.638889 0.018519 0.166667
0 0.291667 0.638889 0.018519 0.111111
0 0.282407 0.583333 0.015432 0.138889
0 0.300926 0.486111 0.024691 0.111111
0 0.311728 0.583333 0.018519 0.138889
0 0.325617 0.652778 0.018519 0.138889
0 0.344136 0.597222 0.015432 0.166667
0 0.317901 0.361111 0.018519 0.166667
0 0.297840 0.277778 0.012346 0.166667
0 0.290123 0.222222 0.012346 0.111111
0 0.376543 0.513889 0.018519 0.138889
0 0.388889 0.347222 0.021605 0.111111
0 0.396605 0.444444 0.018519 0.138889
0 0.398148 0.569444 0.018519 0.138889
0 0.416667 0.763889 0.021605 0.111111
0 0.424383 0.736111 0.018519 0.166667
0 0.435185 0.763889 0.018519 0.111111
0 0.442901 0.597222 0.018519 0.138889
0 0.435185 0.513889 0.018519 0.138889
0 0.422840 0.527778 0.018519 0.138889
0 0.427469 0.416667 0.024691 0.111111
0 0.473765 0.333333 0.021605 0.111111
0 0.473765 0.416667 0.018519 0.111111
0 0.478395 0.513889 0.018519 0.111111
0 0.473765 0.597222 0.018519 0.111111
0 0.473765 0.722222 0.018519 0.111111
0 0.500000 0.736111 0.018519 0.111111
0 0.500000 0.638889 0.018519 0.111111
0 0.487654 0.416667 0.012346 0.166667
0 0.506173 0.333333 0.015432 0.138889
0 0.516975 0.333333 0.018519 0.111111
0 0.520062 0.652778 0.018519 0.111111
0 0.538580 0.722222 0.018519 0.111111
0 0.554012 0.694444 0.018519 0.138889
0 0.533951 0.597222 0.018519 0.111111
0 0.547840 0.555556 0.021605 0.111111
0 0.561728 0.611111 0.021605 0.111111
0 0.570988 0.597222 0.015432 0.138889
0 0.557099 0.500000 0.018519 0.138889
0 0.574074 0.486111 0.018519 0.138889
0 0.552469 0.319444 0.012346 0.166667
0 0.574074 0.263889 0.018519 0.111111
0 0.614198 0.680556 0.018519 0.138889
0 0.614198 0.791667 0.012346 0.138889
0 0.621914 0.750000 0.012346 0.111111
0 0.649691 0.611111 0.018519 0.111111
0 0.663580 0.750000 0.012346 0.166667
0 0.677469 0.694444 0.018519 0.166667
0 0.694444 0.652778 0.018519 0.138889
0 0.717593 0.680556 0.021605 0.111111
0 0.671296 0.569444 0.018519 0.111111
0 0.660494 0.513889 0.018519 0.138889
0 0.660494 0.416667 0.021605 0.111111
0 0.680556 0.375000 0.021605 0.138889
0 0.689815 0.305556 0.012346 0.166667
0 0.708333 0.250000 0.018519 0.111111
0 0.723765 0.402778 0.024691 0.111111
0 0.736111 0.305556 0.018519 0.111111
0 0.740741 0.402778 0.015432 0.166667
0 0.720679 0.513889 0.021605 0.111111
0 0.753086 0.583333 0.024691 0.138889
0 0.728395 0.486111 0.012346 0.138889
0 0.745370 0.750000 0.018519 0.111111
0 0.765432 0.791667 0.018519 0.166667
0 0.794753 0.791667 0.018519 0.111111
0 0.790123 0.736111 0.024691 0.138889
0 0.774691 0.638889 0.024691 0.111111
0 0.776235 0.555556 0.024691 0.138889
0 0.814815 0.513889 0.024691 0.138889
0 0.822531 0.319444 0.018519 0.111111
0 0.830247 0.277778 0.018519 0.138889
0 0.831790 0.611111 0.024691 0.138889
0 0.820988 0.625000 0.015432 0.166667
0 0.822531 0.777778 0.018519 0.166667
0 0.851852 0.777778 0.018519 0.166667
0 0.881173 0.791667 0.012346 0.111111
0 0.876543 0.319444 0.012346 0.138889
0 0.922840 0.611111 0.024691 0.138889
0 0.902778 0.666667 0.012346 0.138889
0 0.922840 0.777778 0.012346 0.111111
0 0.956790 0.805556 0.015432 0.138889
0 0.953704 0.527778 0.018519 0.222222
0 0.955247 0.361111 0.021605 0.138889
0 0.949074 0.263889 0.012346 0.111111
0 0.992284 0.805556 0.015432 0.222222
0 0.862654 0.597222 0.015432 0.222222