0 0.994599 0.875000 0.010802 0.138889
0 0.962963 0.777778 0.021605 0.138889
0 0.858025 0.458333 0.024691 0.138889
0 0.768519 0.375000 0.021605 0.111111
0 0.796296 0.527778 0.021605 0.138889
0 0.810185 0.611111 0.018519 0.166667
0 0.808642 0.750000 0.024691 0.138889
0 0.820988 0.847222 0.024691 0.138889
0 0.794753 0.805556 0.021605 0.166667
0 0.773148 0.819444 0.018519 0.138889
0 0.756173 0.888889 0.021605 0.138889
0 0.748457 0.763889 0.021605 0.111111
0 0.729938 0.805556 0.021605 0.111111
0 0.720679 0.736111 0.018519 0.166667
0 0.722222 0.611111 0.018519 0.138889
0 0.703704 0.500000 0.021605 0.138889
0 0.694444 0.597222 0.024691 0.138889
0 0.706790 0.791667 0.018519 0.111111
0 0.691358 0.833333 0.018519 0.166667
0 0.689815 0.902778 0.018519 0.138889
0 0.675926 0.791667 0.018519 0.138889
0 0.665123 0.625000 0.018519 0.166667
0 0.680556 0.472222 0.024691 0.166667
0 0.638889 0.722222 0.012346 0.166667
0 0.638889 0.888889 0.012346 0.166667
0 0.631173 0.902778 0.018519 0.138889
0 0.601852 0.791667 0.018519 0.194444
0 0.600309 0.597222 0.015432 0.166667
0 0.583333 0.611111 0.012346 0.166667
0 0.578704 0.805556 0.015432 0.222222
0 0.564815 0.819444 0.012346 0.166667
0 0.580247 0.388889 0.012346 0.138889
0 0.550926 0.597222 0.018519 0.111111
0 0.544753 0.444444 0.018519 0.111111
0 0.512346 0.458333 0.018519 0.138889
0 0.523148 0.513889 0.018519 0.111111
0 0.523148 0.722222 0.018519 0.166667
0 0.535494 0.861111 0.012346 0.166667
0 0.526235 0.375000 0.018519 0.111111
0 0.495370 0.361111 0.018519 0.111111
0 0.498457 0.513889 0.015432 0.166667
0 0.509259 0.722222 0.015432 0.166667
0 0.524691 0.875000 0.015432 0.111111
0 0.516975 0.861111 0.018519 0.138889
0 0.498457 0.805556 0.018519 0.111111
0 0.492284 0.708333 0.018519 0.111111
0 0.487654 0.583333 0.018519 0.166667
0 0.473765 0.861111 0.018519 0.138889
0 0.466049 0.777778 0.012346 0.166667
0 0.473765 0.583333 0.018519 0.166667
0 0.458333 0.500000 0.018519 0.138889
0 0.441358 0.625000 0.018519 0.111111
0 0.441358 0.736111 0.018519 0.111111
0 0.402778 0.888889 0.018519 0.111111
0 0.415123 0.861111 0.018519 0.111111
0 0.418210 0.777778 0.024691 0.083333
0 0.422840 0.722222 0.018519 0.166667
0 0.408951 0.722222 0.015432 0.166667
0 0.419753 0.625000 0.012346 0.166667
0 0.429012 0.583333 0.012346 0.166667
0 0.442901 0.500000 0.012346 0.166667
0 0.427469 0.375000 0.018519 0.138889
0 0.405864 0.430556 0.012346 0.166667
0 0.391975 0.472222 0.009259 0.166667
0 0.393519 0.750000 0.009259 0.166667
0 0.393519 0.861111 0.018519 0.111111
0 0.381173 0.791667 0.009259 0.166667
0 0.368827 0.805556 0.012346 0.166667
0 0.373457 0.611111 0.012346 0.194444
0 0.370370 0.472222 0.009259 0.166667
0 0.384259 0.375000 0.021605 0.111111
0 0.364198 0.513889 0.018519 0.166667
0 0.348765 0.805556 0.018519 0.083333
0 0.328704 0.750000 0.018519 0.138889
0 0.317901 0.875000 0.018519 0.166667
0 0.299383 0.861111 0.012346 0.194444
0 0.305556 0.722222 0.012346 0.166667
0 0.314815 0.666667 0.012346 0.166667
0 0.319444 0.500000 0.018519 0.166667
0 0.331790 0.375000 0.018519 0.111111
0 0.285494 0.652778 0.018519 0.111111
0 0.274691 0.819444 0.018519 0.166667
0 0.262346 0.861111 0.018519 0.111111
0 0.246914 0.722222 0.018519 0.111111
0 0.273148 0.597222 0.018519 0.166667
0 0.280864 0.513889 0.018519 0.166667
0 0.259259 0.500000 0.018519 0.138889
0 0.240741 0.541667 0.018519 0.166667
0 0.228395 0.416667 0.021605 0.166667
0 0.202160 0.555556 0.018519 0.138889
0 0.214506 0.597222 0.018519 0.138889
0 0.219136 0.722222 0.012346 0.138889
0 0.222222 0.638889 0.018519 0.111111
0 0.202160 0.694444 0.018519 0.166667
0 0.192901 0.888889 0.018519 0.166667
0 0.114198 0.847222 0.021605 0.138889
0 0.101852 0.750000 0.021605 0.111111
0 0.118827 0.680556 0.024691 0.111111
0 0.092593 0.347222 0.024691 0.138889
0 0.069444 0.416667 0.021605 0.111111
0 0.055556 0.375000 0.021605 0.111111
0 0.038580 0.333333 0.021605 0.111111
0 0.041667 0.416667 0.024691 0.111111
0 0.038580 0.527778 0.024691 0.111111
0 0.016975 0.638889 0.021605 0.111111
0 0.018519 0.333333 0.018519 0.111111