0 0.040123 0.375000 0.018519 0.166667
0 0.131173 0.375000 0.018519 0.166667
0 0.145062 0.625000 0.018519 0.166667
0 0.209877 0.513889 0.018519 0.166667
0 0.106481 0.652778 0.018519 0.166667
0 0.066358 0.638889 0.018519 0.166667
0 0.057099 0.777778 0.018519 0.166667
0 0.050926 0.888889 0.018519 0.166667
0 0.016975 0.805556 0.018519 0.166667
0 0.405864 0.597222 0.021605 0.194444
0 0.442901 0.847222 0.015432 0.138889
0 0.533951 0.388889 0.018519 0.138889
0 0.861111 0.652778 0.021605 0.194444
0 0.737654 0.458333 0.015432 0.138889
0 0.774691 0.583333 0.018519 0.166667
0 0.859568 0.875000 0.018519 0.166667
0 0.887346 0.666667 0.018519 0.166667
0 0.938272 0.569444 0.018519 0.166667
0 0.993056 0.430556 0.013889 0.166667