0 0.041667 0.333333 0.018519 0.111111
0 0.038580 0.444444 0.024691 0.111111
0 0.035494 0.527778 0.024691 0.111111
0 0.023148 0.638889 0.018519 0.166667
0 0.061728 0.388889 0.018519 0.111111
0 0.092593 0.347222 0.021605 0.138889
0 0.094136 0.486111 0.021605 0.111111
0 0.080247 0.569444 0.018519 0.166667
0 0.097222 0.666667 0.024691 0.138889
0 0.140432 0.444444 0.021605 0.138889
0 0.141975 0.652778 0.018519 0.222222
0 0.186728 0.680556 0.018519 0.111111
0 0.192901 0.861111 0.021605 0.111111
0 0.211420 0.847222 0.024691 0.138889
0 0.223765 0.777778 0.024691 0.138889
0 0.223765 0.638889 0.024691 0.111111
0 0.223765 0.541667 0.018519 0.166667
0 0.205247 0.555556 0.021605 0.138889
0 0.248457 0.722222 0.021605 0.138889
0 0.253086 0.625000 0.009259 0.194444
0 0.251543 0.402778 0.018519 0.166667
0 0.270062 0.680556 0.024691 0.111111
0 0.282407 0.611111 0.024691 0.166667
0 0.296296 0.638889 0.018519 0.111111
0 0.297840 0.541667 0.021605 0.111111
0 0.302469 0.500000 0.018519 0.166667
0 0.314815 0.486111 0.018519 0.111111
0 0.308642 0.708333 0.015432 0.194444
0 0.320988 0.819444 0.018519 0.111111
0 0.324074 0.708333 0.024691 0.111111
0 0.324074 0.625000 0.018519 0.138889
0 0.328704 0.583333 0.015432 0.166667
0 0.341049 0.416667 0.024691 0.138889
0 0.336420 0.513889 0.009259 0.166667
0 0.354938 0.527778 0.018519 0.111111
0 0.354938 0.680556 0.024691 0.111111
0 0.337963 0.763889 0.018519 0.138889
0 0.347222 0.805556 0.018519 0.138889
0 0.371914 0.861111 0.015432 0.111111
0 0.378086 0.472222 0.015432 0.166667
0 0.393519 0.347222 0.024691 0.138889
0 0.387346 0.486111 0.009259 0.166667
0 0.379630 0.611111 0.012346 0.166667
0 0.391975 0.750000 0.018519 0.111111
0 0.395062 0.819444 0.018519 0.111111
0 0.413580 0.777778 0.018519 0.111111
0 0.419753 0.861111 0.012346 0.166667
0 0.433642 0.861111 0.018519 0.111111
0 0.445988 0.875000 0.012346 0.111111
0 0.433642 0.791667 0.012346 0.111111
0 0.424383 0.750000 0.018519 0.111111
0 0.410494 0.708333 0.018519 0.111111
0 0.416667 0.611111 0.018519 0.111111
0 0.398148 0.666667 0.015432 0.166667
0 0.401235 0.541667 0.018519 0.138889
0 0.412037 0.416667 0.018519 0.111111
0 0.422840 0.486111 0.018519 0.111111
0 0.429012 0.388889 0.021605 0.111111
0 0.429012 0.555556 0.015432 0.166667
0 0.445988 0.666667 0.015432 0.166667
0 0.442901 0.416667 0.018519 0.111111
0 0.450617 0.347222 0.018519 0.111111
0 0.473765 0.472222 0.012346 0.222222
0 0.490741 0.361111 0.012346 0.111111
0 0.466049 0.527778 0.018519 0.083333
0 0.475309 0.625000 0.015432 0.166667
0 0.483025 0.805556 0.018519 0.194444
0 0.493827 0.750000 0.012346 0.166667
0 0.503086 0.833333 0.015432 0.166667
0 0.504630 0.875000 0.021605 0.111111
0 0.520062 0.861111 0.012346 0.111111
0 0.518519 0.750000 0.018519 0.083333
0 0.516975 0.708333 0.012346 0.166667
0 0.529321 0.527778 0.018519 0.111111
0 0.540123 0.486111 0.012346 0.166667
0 0.550926 0.402778 0.018519 0.111111
0 0.555556 0.597222 0.018519 0.111111
0 0.555556 0.708333 0.012346 0.166667
0 0.557099 0.763889 0.018519 0.138889
0 0.540123 0.763889 0.012346 0.166667
0 0.527778 0.611111 0.018519 0.111111
0 0.580247 0.569444 0.012346 0.166667
0 0.612654 0.527778 0.015432 0.166667
0 0.598765 0.722222 0.018519 0.166667
0 0.595679 0.833333 0.018519 0.111111
0 0.614198 0.736111 0.018519 0.111111
0 0.628086 0.777778 0.012346 0.166667
0 0.638889 0.888889 0.024691 0.111111
0 0.648148 0.833333 0.018519 0.166667
0 0.666667 0.805556 0.018519 0.166667
0 0.688272 0.861111 0.021605 0.138889
0 0.665123 0.888889 0.015432 0.166667
0 0.645062 0.597222 0.012346 0.166667
0 0.655864 0.569444 0.018519 0.111111
0 0.672840 0.708333 0.018519 0.166667
0 0.685185 0.652778 0.018519 0.166667
0 0.706790 0.750000 0.018519 0.111111
0 0.716049 0.708333 0.018519 0.166667
0 0.740741 0.652778 0.018519 0.166667
0 0.748457 0.736111 0.021605 0.138889
0 0.742284 0.875000 0.018519 0.166667
0 0.763889 0.916667 0.018519 0.166667
0 0.774691 0.819444 0.018519 0.166667
0 0.753086 0.611111 0.012346 0.222222
0 0.694444 0.513889 0.024691 0.111111
0 0.663580 0.472222 0.018519 0.111111
0 0.680556 0.430556 0.021605 0.111111
0 0.692901 0.375000 0.018519 0.111111
0 0.813272 0.611111 0.018519 0.138889
0 0.837963 0.652778 0.024691 0.138889
0 0.908951 0.652778 0.024691 0.166667
0 0.930556 0.458333 0.024691 0.138889
0 0.998457 0.638889 0.003086 0.166667
0 0.993827 0.916667 0.012346 0.166667