0 0.986883 0.791667 0.026235 0.194444
0 0.991512 0.666667 0.016975 0.166667
0 0.970679 0.597222 0.018519 0.166667
0 0.949074 0.638889 0.021605 0.111111
0 0.961420 0.416667 0.021605 0.194444
0 0.927469 0.597222 0.018519 0.138889
0 0.939815 0.319444 0.015432 0.138889
0 0.913580 0.277778 0.021605 0.138889
0 0.893519 0.513889 0.012346 0.166667
0 0.896605 0.625000 0.024691 0.194444
0 0.865741 0.583333 0.018519 0.138889
0 0.858025 0.777778 0.015432 0.166667
0 0.844136 0.666667 0.018519 0.194444
0 0.841049 0.486111 0.024691 0.111111
0 0.824074 0.625000 0.021605 0.111111
0 0.810185 0.569444 0.015432 0.194444
0 0.783951 0.333333 0.018519 0.138889
0 0.793210 0.625000 0.021605 0.138889
0 0.776235 0.652778 0.018519 0.138889
0 0.780864 0.791667 0.018519 0.111111
0 0.750000 0.763889 0.018519 0.166667
0 0.740741 0.777778 0.021605 0.111111
0 0.759259 0.638889 0.024691 0.111111
0 0.748457 0.555556 0.018519 0.166667
0 0.739198 0.388889 0.024691 0.111111
0 0.723765 0.625000 0.018519 0.111111
0 0.700617 0.666667 0.018519 0.111111
0 0.702160 0.333333 0.018519 0.111111
0 0.686728 0.444444 0.015432 0.166667
0 0.706790 0.555556 0.018519 0.111111
0 0.692901 0.500000 0.018519 0.111111
0 0.685185 0.597222 0.018519 0.138889
0 0.668210 0.500000 0.012346 0.222222
0 0.668210 0.652778 0.015432 0.222222
0 0.652778 0.694444 0.012346 0.166667
0 0.655864 0.791667 0.018519 0.111111
0 0.643519 0.777778 0.015432 0.166667
0 0.623457 0.666667 0.018519 0.166667
0 0.626543 0.500000 0.021605 0.138889
0 0.637346 0.444444 0.018519 0.111111
0 0.584877 0.388889 0.018519 0.138889
0 0.597222 0.680556 0.018519 0.138889
0 0.584877 0.597222 0.018519 0.111111
0 0.564815 0.527778 0.015432 0.166667
0 0.538580 0.430556 0.018519 0.111111
0 0.538580 0.611111 0.018519 0.138889
0 0.546296 0.694444 0.018519 0.111111
0 0.516975 0.625000 0.018519 0.111111
0 0.516975 0.750000 0.015432 0.138889
0 0.506173 0.722222 0.018519 0.111111
0 0.493827 0.527778 0.015432 0.194444
0 0.478395 0.500000 0.018519 0.138889
0 0.475309 0.402778 0.021605 0.111111
0 0.464506 0.375000 0.021605 0.111111
0 0.458333 0.652778 0.018519 0.166667
0 0.453704 0.513889 0.018519 0.111111
0 0.438272 0.486111 0.018519 0.138889
0 0.438272 0.652778 0.018519 0.138889
0 0.432099 0.722222 0.018519 0.138889
0 0.433642 0.555556 0.021605 0.111111
0 0.416667 0.694444 0.012346 0.166667
0 0.408951 0.611111 0.021605 0.111111
0 0.408951 0.513889 0.021605 0.111111
0 0.398148 0.458333 0.021605 0.111111
0 0.408951 0.361111 0.027778 0.138889
0 0.371914 0.263889 0.021605 0.111111
0 0.384259 0.680556 0.024691 0.111111
0 0.364198 0.750000 0.021605 0.111111
0 0.371914 0.666667 0.024691 0.138889
0 0.362654 0.541667 0.021605 0.138889
0 0.353395 0.458333 0.021605 0.111111
0 0.342593 0.375000 0.024691 0.138889
0 0.331790 0.416667 0.021605 0.111111
0 0.325617 0.555556 0.018519 0.138889
0 0.310185 0.458333 0.015432 0.138889
0 0.300926 0.513889 0.018519 0.138889
0 0.293210 0.555556 0.021605 0.111111
0 0.283951 0.611111 0.021605 0.111111
0 0.291667 0.680556 0.021605 0.111111
0 0.288580 0.750000 0.018519 0.111111
0 0.283951 0.472222 0.015432 0.166667
0 0.271605 0.402778 0.015432 0.166667
0 0.265432 0.333333 0.015432 0.166667
0 0.257716 0.444444 0.018519 0.111111
0 0.236111 0.736111 0.018519 0.138889
0 0.220679 0.611111 0.018519 0.138889
0 0.228395 0.444444 0.018519 0.111111
0 0.229938 0.361111 0.018519 0.111111
0 0.216049 0.319444 0.024691 0.138889
0 0.205247 0.416667 0.018519 0.111111
0 0.206790 0.527778 0.018519 0.138889
0 0.197531 0.652778 0.018519 0.138889
0 0.186728 0.569444 0.024691 0.111111
0 0.183642 0.472222 0.021605 0.111111
0 0.179012 0.388889 0.021605 0.111111
0 0.169753 0.236111 0.018519 0.111111
0 0.163580 0.361111 0.021605 0.138889
0 0.158951 0.416667 0.018519 0.111111
0 0.165123 0.527778 0.018519 0.138889
0 0.168210 0.722222 0.015432 0.222222
0 0.154321 0.638889 0.018519 0.111111
0 0.140432 0.750000 0.018519 0.111111
0 0.145062 0.486111 0.018519 0.111111
0 0.129630 0.527778 0.018519 0.194444
0 0.146605 0.361111 0.021605 0.138889
0 0.115741 0.333333 0.018519 0.111111
0 0.098765 0.430556 0.018519 0.166667
0 0.097222 0.597222 0.018519 0.166667
0 0.087963 0.486111 0.024691 0.111111
0 0.087963 0.638889 0.024691 0.138889
0 0.063272 0.472222 0.024691 0.194444
0 0.038580 0.472222 0.024691 0.138889
0 0.041667 0.347222 0.024691 0.138889
0 0.030864 0.208333 0.015432 0.111111
0 0.026235 0.666667 0.021605 0.166667