0 0.859568 0.305556 0.024691 0.138889
0 0.853395 0.805556 0.021605 0.138889
0 0.824074 0.263889 0.021605 0.111111
0 0.991512 0.277778 0.016975 0.111111
0 0.992284 0.805556 0.015432 0.111111
0 0.810185 0.722222 0.018519 0.166667
0 0.773148 0.319444 0.018519 0.138889
0 0.762346 0.277778 0.030864 0.138889
0 0.743827 0.513889 0.027778 0.138889
0 0.729938 0.666667 0.015432 0.166667
0 0.729938 0.791667 0.021605 0.111111
0 0.702160 0.263889 0.021605 0.111111
0 0.679012 0.750000 0.021605 0.138889
0 0.608025 0.472222 0.018519 0.111111
0 0.611111 0.750000 0.024691 0.138889
0 0.546296 0.250000 0.021605 0.111111
0 0.521605 0.347222 0.021605 0.138889
0 0.495370 0.513889 0.021605 0.138889
0 0.512346 0.777778 0.024691 0.138889
0 0.487654 0.250000 0.015432 0.111111
0 0.452160 0.222222 0.018519 0.111111
0 0.467593 0.472222 0.018519 0.166667
0 0.470679 0.777778 0.021605 0.166667
0 0.449074 0.333333 0.018519 0.166667
0 0.424383 0.666667 0.018519 0.194444
0 0.435185 0.750000 0.018519 0.111111
0 0.415123 0.750000 0.018519 0.111111
0 0.361111 0.416667 0.021605 0.111111
0 0.370370 0.347222 0.021605 0.138889
0 0.361111 0.250000 0.021605 0.138889
0 0.353395 0.583333 0.021605 0.138889
0 0.362654 0.763889 0.018519 0.166667
0 0.336420 0.736111 0.018519 0.138889
0 0.322531 0.680556 0.021605 0.111111
0 0.331790 0.597222 0.021605 0.111111
0 0.341049 0.513889 0.021605 0.138889
0 0.339506 0.333333 0.015432 0.222222
0 0.313272 0.416667 0.018519 0.138889
0 0.313272 0.263889 0.018519 0.166667
0 0.290123 0.250000 0.018519 0.138889
0 0.294753 0.375000 0.012346 0.222222
0 0.274691 0.458333 0.021605 0.194444
0 0.291667 0.625000 0.018519 0.138889
0 0.276235 0.527778 0.018519 0.111111
0 0.259259 0.555556 0.018519 0.166667
0 0.277778 0.680556 0.018519 0.111111
0 0.259259 0.708333 0.018519 0.111111
0 0.239198 0.388889 0.018519 0.111111
0 0.237654 0.541667 0.018519 0.166667
0 0.225309 0.638889 0.018519 0.166667
0 0.226852 0.722222 0.024691 0.138889
0 0.214506 0.305556 0.021605 0.111111
0 0.199074 0.555556 0.018519 0.138889
0 0.180556 0.541667 0.018519 0.222222
0 0.146605 0.611111 0.018519 0.138889
0 0.143519 0.736111 0.024691 0.138889
0 0.141975 0.347222 0.021605 0.138889
0 0.135802 0.236111 0.024691 0.138889
0 0.121914 0.291667 0.021605 0.138889
0 0.114198 0.347222 0.021605 0.138889
0 0.089506 0.694444 0.018519 0.111111
0 0.072531 0.541667 0.015432 0.138889
0 0.066358 0.680556 0.018519 0.138889
0 0.057099 0.652778 0.018519 0.166667
0 0.052469 0.527778 0.018519 0.138889
0 0.038580 0.500000 0.018519 0.138889
0 0.041667 0.583333 0.018519 0.138889
0 0.027778 0.388889 0.018519 0.138889
0 0.027778 0.638889 0.018519 0.111111
0 0.021605 0.625000 0.018519 0.138889
0 0.012346 0.708333 0.018519 0.166667
0 0.004630 0.750000 0.009259 0.138889
0 0.396605 0.638889 0.018519 0.166667
0 0.408951 0.652778 0.021605 0.111111