0 0.026235 0.402778 0.018519 0.111111
0 0.038580 0.625000 0.018519 0.138889
0 0.027778 0.569444 0.021605 0.138889
0 0.138889 0.388889 0.024691 0.111111
0 0.126543 0.500000 0.021605 0.138889
0 0.095679 0.777778 0.021605 0.138889
0 0.129630 0.833333 0.021605 0.138889
0 0.135802 0.750000 0.021605 0.111111
0 0.160494 0.847222 0.021605 0.111111
0 0.169753 0.638889 0.021605 0.138889
0 0.177469 0.527778 0.021605 0.138889
0 0.186728 0.458333 0.018519 0.138889
0 0.208333 0.416667 0.021605 0.138889
0 0.208333 0.722222 0.021605 0.111111
0 0.199074 0.805556 0.018519 0.138889
0 0.205247 0.875000 0.021605 0.138889
0 0.223765 0.708333 0.018519 0.111111
0 0.237654 0.791667 0.018519 0.166667
0 0.239198 0.625000 0.021605 0.138889
0 0.233025 0.486111 0.018519 0.111111
0 0.242284 0.472222 0.018519 0.166667
0 0.242284 0.347222 0.021605 0.138889
0 0.265432 0.388889 0.018519 0.138889
0 0.265432 0.472222 0.021605 0.138889
0 0.256173 0.541667 0.027778 0.111111
0 0.268519 0.611111 0.024691 0.138889
0 0.260802 0.722222 0.021605 0.138889
0 0.276235 0.777778 0.018519 0.166667
0 0.266975 0.833333 0.021605 0.138889
0 0.290123 0.652778 0.015432 0.166667
0 0.294753 0.555556 0.024691 0.138889
0 0.287037 0.388889 0.018519 0.166667
0 0.347222 0.861111 0.021605 0.138889
0 0.362654 0.347222 0.018519 0.138889
0 0.370370 0.402778 0.021605 0.138889
0 0.336420 0.347222 0.021605 0.138889
0 0.320988 0.513889 0.024691 0.166667
0 0.418210 0.833333 0.024691 0.138889
0 0.518519 0.708333 0.021605 0.111111
0 0.524691 0.583333 0.015432 0.194444
0 0.550926 0.777778 0.021605 0.194444
0 0.544753 0.847222 0.024691 0.138889
0 0.547840 0.361111 0.012346 0.111111
0 0.564815 0.402778 0.018519 0.138889
0 0.608025 0.375000 0.015432 0.138889
0 0.625000 0.625000 0.024691 0.138889
0 0.662037 0.666667 0.024691 0.166667
0 0.746914 0.736111 0.021605 0.166667
0 0.779321 0.375000 0.015432 0.138889
0 0.796296 0.472222 0.024691 0.166667
0 0.841049 0.375000 0.024691 0.111111
0 0.831790 0.513889 0.015432 0.194444
0 0.861111 0.569444 0.018519 0.194444
0 0.876543 0.569444 0.015432 0.194444
0 0.930556 0.652778 0.021605 0.138889
0 0.967593 0.875000 0.027778 0.138889
0 0.964506 0.458333 0.024691 0.138889
0 0.981481 0.402778 0.024691 0.138889
0 0.828704 0.694444 0.015432 0.166667
0 0.991512 0.458333 0.016975 0.111111