0 0.987654 0.680556 0.018519 0.166667
0 0.979938 0.527778 0.018519 0.166667
0 0.953704 0.597222 0.018519 0.166667
0 0.949074 0.486111 0.018519 0.138889
0 0.933642 0.361111 0.024691 0.138889
0 0.938272 0.638889 0.018519 0.111111
0 0.927469 0.722222 0.018519 0.138889
0 0.929012 0.569444 0.018519 0.111111
0 0.916667 0.625000 0.018519 0.111111
0 0.905864 0.597222 0.018519 0.138889
0 0.905864 0.500000 0.018519 0.138889
0 0.882716 0.763889 0.021605 0.138889
0 0.878086 0.666667 0.018519 0.138889
0 0.888889 0.555556 0.024691 0.166667
0 0.884259 0.416667 0.024691 0.138889
0 0.861111 0.375000 0.024691 0.111111
0 0.859568 0.513889 0.018519 0.166667
0 0.867284 0.555556 0.015432 0.166667
0 0.861111 0.597222 0.021605 0.111111
0 0.856481 0.694444 0.018519 0.138889
0 0.839506 0.583333 0.018519 0.111111
0 0.831790 0.500000 0.018519 0.138889
0 0.825617 0.750000 0.021605 0.138889
0 0.805556 0.791667 0.015432 0.111111
0 0.794753 0.694444 0.018519 0.111111
0 0.820988 0.638889 0.018519 0.111111
0 0.814815 0.583333 0.018519 0.138889
0 0.788580 0.583333 0.018519 0.166667
0 0.796296 0.486111 0.018519 0.111111
0 0.794753 0.416667 0.021605 0.138889
0 0.790123 0.263889 0.018519 0.111111
0 0.762346 0.472222 0.021605 0.138889
0 0.774691 0.555556 0.018519 0.138889
0 0.763889 0.597222 0.018519 0.138889
0 0.745370 0.597222 0.024691 0.111111
0 0.742284 0.375000 0.027778 0.138889
0 0.712963 0.500000 0.021605 0.111111
0 0.689815 0.569444 0.024691 0.138889
0 0.683642 0.694444 0.021605 0.111111
0 0.675926 0.500000 0.024691 0.138889
0 0.655864 0.555556 0.021605 0.138889
0 0.652778 0.416667 0.021605 0.111111
0 0.623457 0.444444 0.015432 0.166667
0 0.626543 0.583333 0.018519 0.138889
0 0.589506 0.583333 0.018519 0.166667
0 0.591049 0.680556 0.018519 0.138889
0 0.606481 0.597222 0.018519 0.166667
0 0.566358 0.416667 0.018519 0.111111
0 0.550926 0.458333 0.021605 0.138889
0 0.537037 0.652778 0.018519 0.166667
0 0.524691 0.527778 0.024691 0.111111
0 0.506173 0.611111 0.021605 0.138889
0 0.487654 0.583333 0.012346 0.194444
0 0.476852 0.583333 0.018519 0.166667
0 0.461420 0.500000 0.018519 0.138889
0 0.455247 0.305556 0.018519 0.138889
0 0.435185 0.500000 0.021605 0.138889
0 0.444444 0.666667 0.021605 0.111111
0 0.418210 0.458333 0.018519 0.138889
0 0.391975 0.458333 0.021605 0.138889
0 0.390432 0.736111 0.021605 0.111111
0 0.311728 0.416667 0.021605 0.138889
0 0.285494 0.555556 0.021605 0.138889
0 0.270062 0.680556 0.024691 0.138889
0 0.246914 0.569444 0.021605 0.111111
0 0.266975 0.541667 0.021605 0.138889
0 0.259259 0.500000 0.021605 0.138889
0 0.266975 0.416667 0.021605 0.111111
0 0.265432 0.333333 0.021605 0.111111
0 0.248457 0.375000 0.021605 0.111111
0 0.229938 0.416667 0.021605 0.111111
0 0.243827 0.319444 0.021605 0.111111
0 0.229938 0.291667 0.015432 0.166667
0 0.202160 0.458333 0.021605 0.138889
0 0.157407 0.597222 0.012346 0.166667
0 0.149691 0.430556 0.021605 0.111111
0 0.149691 0.222222 0.015432 0.111111
0 0.138889 0.527778 0.021605 0.111111
0 0.140432 0.625000 0.021605 0.083333
0 0.112654 0.625000 0.015432 0.111111
0 0.117284 0.527778 0.018519 0.166667
0 0.121914 0.430556 0.012346 0.083333
0 0.115741 0.375000 0.021605 0.111111
0 0.100309 0.416667 0.021605 0.111111
0 0.106481 0.527778 0.021605 0.111111
0 0.098765 0.625000 0.021605 0.111111
0 0.087963 0.486111 0.024691 0.111111
0 0.075617 0.680556 0.018519 0.166667
0 0.089506 0.569444 0.018519 0.111111
0 0.060185 0.597222 0.018519 0.138889
0 0.066358 0.472222 0.015432 0.166667
0 0.038580 0.597222 0.015432 0.222222
0 0.023148 0.611111 0.018519 0.111111
0 0.021605 0.500000 0.018519 0.111111
0 0.012346 0.444444 0.021605 0.138889
0 0.038580 0.375000 0.015432 0.166667
0 0.035494 0.222222 0.021605 0.111111
0 0.021605 0.375000 0.015432 0.166667
0 0.004630 0.375000 0.009259 0.166667
0 0.006944 0.527778 0.013889 0.111111