2 0.075000 0.147917 0.043750 0.079167
2 0.292187 0.169792 0.062500 0.056250
2 0.435937 0.204167 0.056250 0.079167
2 0.498437 0.211458 0.050000 0.102083
2 0.565625 0.429167 0.043750 0.070833
2 0.446875 0.471875 0.050000 0.077083
2 0.874219 0.111458 0.057813 0.072917
2 0.811719 0.311458 0.042188 0.072917
2 0.889062 0.363542 0.037500 0.072917
2 0.940625 0.253125 0.056250 0.056250
2 0.905469 0.416667 0.051562 0.045833
2 0.959375 0.501042 0.062500 0.060417
2 0.370312 0.318750 0.031250 0.058333
2 0.414062 0.539583 0.043750 0.041667
2 0.111719 0.561458 0.054688 0.081250
2 0.204687 0.609375 0.062500 0.052083
2 0.221875 0.776042 0.046875 0.056250
2 0.021875 0.858333 0.043750 0.062500
2 0.335938 0.867708 0.084375 0.085417
2 0.471875 0.891667 0.062500 0.083333
2 0.495312 0.808333 0.062500 0.050000
2 0.472656 0.700000 0.042188 0.062500
2 0.650000 0.870833 0.062500 0.083333
2 0.564063 0.693750 0.062500 0.062500
2 0.618750 0.637500 0.050000 0.083333
2 0.743750 0.639583 0.053125 0.075000
2 0.843750 0.962500 0.040625 0.075000
2 0.775000 0.852083 0.046875 0.083333
2 0.939063 0.954167 0.062500 0.058333
2 0.963281 0.895833 0.048438 0.079167