2 0.616406 0.060417 0.060937 0.075000
2 0.275000 0.135417 0.062500 0.083333
2 0.060937 0.243750 0.062500 0.083333
2 0.400781 0.448958 0.035937 0.072917
2 0.230469 0.560417 0.051562 0.079167
2 0.109375 0.585417 0.062500 0.050000
2 0.117188 0.763542 0.056250 0.064583
2 0.089063 0.848958 0.062500 0.064583
2 0.298438 0.761458 0.040625 0.077083
2 0.376563 0.727083 0.037500 0.070833
2 0.425000 0.743750 0.046875 0.083333
2 0.303906 0.560417 0.048438 0.054167
2 0.117188 0.693750 0.062500 0.045833
2 0.375000 0.608333 0.062500 0.045833
2 0.475000 0.867708 0.062500 0.047917
2 0.367969 0.840625 0.035937 0.056250
2 0.657813 0.664583 0.043750 0.112500
2 0.787500 0.482292 0.046875 0.102083
2 0.621875 0.766667 0.034375 0.066667
2 0.810156 0.568750 0.032813 0.050000
2 0.979688 0.237500 0.040625 0.054167
2 0.747656 0.858333 0.042188 0.054167