2 0.310156 0.030208 0.054688 0.060417
2 0.225000 0.052083 0.053125 0.050000
2 0.248438 0.118750 0.053125 0.083333
2 0.068750 0.418750 0.062500 0.066667
2 0.160156 0.404167 0.060937 0.054167
2 0.179688 0.442708 0.059375 0.043750
2 0.134375 0.495833 0.034375 0.083333
2 0.018750 0.566667 0.037500 0.083333
2 0.136719 0.590625 0.035937 0.047917
2 0.049219 0.736458 0.060937 0.081250
2 0.139063 0.967708 0.046875 0.064583
2 0.331250 0.919792 0.059375 0.077083
2 0.337500 0.597917 0.043750 0.075000
2 0.503125 0.475000 0.062500 0.083333
2 0.494531 0.331250 0.045312 0.075000
2 0.522656 0.284375 0.051562 0.081250
2 0.616406 0.433333 0.070312 0.054167
2 0.580469 0.612500 0.057813 0.070833
2 0.762500 0.620833 0.050000 0.083333
2 0.831250 0.680208 0.062500 0.068750
2 0.812500 0.936458 0.059375 0.072917
2 0.721875 0.382292 0.062500 0.068750
2 0.769531 0.319792 0.048438 0.077083
2 0.967187 0.343750 0.056250 0.066667
2 0.786719 0.122917 0.067187 0.095833
2 0.735156 0.023958 0.051562 0.047917
2 0.830469 0.190625 0.051562 0.060417