2 0.187500 0.086458 0.059375 0.060417
2 0.091406 0.159375 0.042188 0.068750
2 0.064062 0.203125 0.046875 0.056250
2 0.125781 0.208333 0.060937 0.054167
2 0.216406 0.120833 0.057813 0.066667
2 0.460938 0.153125 0.062500 0.056250
2 0.504687 0.190625 0.062500 0.081250
2 0.660156 0.097917 0.060937 0.087500
2 0.778906 0.130208 0.045312 0.047917
2 0.343750 0.313542 0.050000 0.081250
2 0.314844 0.362500 0.051562 0.075000
2 0.273438 0.453125 0.050000 0.052083
2 0.496875 0.418750 0.062500 0.070833
2 0.581250 0.530208 0.053125 0.097917
2 0.249219 0.594792 0.051562 0.077083
2 0.096875 0.642708 0.031250 0.052083
2 0.024219 0.672917 0.032813 0.083333
2 0.110937 0.768750 0.062500 0.070833
2 0.323437 0.636458 0.062500 0.077083
2 0.421094 0.632292 0.045312 0.077083
2 0.051562 0.960417 0.053125 0.054167
2 0.315625 0.971875 0.043750 0.056250
2 0.617188 0.970833 0.040625 0.058333
2 0.792969 0.901042 0.060937 0.056250
2 0.638281 0.744792 0.039062 0.072917
2 0.534375 0.697917 0.040625 0.079167
2 0.995313 0.745833 0.009375 0.079167