2 0.578125 0.077083 0.046875 0.075000
2 0.644531 0.166667 0.060937 0.083333
2 0.610156 0.251042 0.060937 0.047917
2 0.748437 0.310417 0.043750 0.083333
2 0.730469 0.080208 0.035937 0.039583
2 0.980469 0.259375 0.039062 0.039583
2 0.873437 0.466667 0.062500 0.083333
2 0.682813 0.382292 0.034375 0.056250
2 0.599219 0.420833 0.048438 0.054167
2 0.619531 0.485417 0.060937 0.070833
2 0.644531 0.479167 0.039062 0.083333
2 0.504687 0.421875 0.062500 0.056250
2 0.758594 0.660417 0.039062 0.079167
2 0.858594 0.716667 0.057813 0.083333
2 0.884375 0.823958 0.050000 0.064583
2 0.844531 0.876042 0.060937 0.064583
2 0.620313 0.625000 0.053125 0.062500
2 0.676562 0.707292 0.059375 0.072917
2 0.611719 0.947917 0.042188 0.083333
2 0.514844 0.671875 0.057813 0.064583
2 0.415625 0.622917 0.062500 0.075000
2 0.734375 0.918750 0.062500 0.062500
2 0.344531 0.939583 0.045312 0.083333
2 0.255469 0.862500 0.060937 0.070833
2 0.239063 0.732292 0.053125 0.072917
2 0.114844 0.766667 0.045312 0.070833
2 0.065625 0.790625 0.056250 0.052083
2 0.281250 0.717708 0.053125 0.077083
2 0.272656 0.657292 0.057813 0.068750
2 0.067969 0.262500 0.054688 0.062500