2 0.107813 0.386458 0.062500 0.064583
2 0.296094 0.288542 0.057813 0.052083
2 0.291406 0.348958 0.057813 0.068750
2 0.486719 0.307292 0.057813 0.081250
2 0.292187 0.463542 0.062500 0.047917
2 0.373437 0.591667 0.059375 0.075000
2 0.071094 0.631250 0.039062 0.083333
2 0.514844 0.441667 0.035937 0.050000
2 0.783594 0.393750 0.035937 0.054167
2 0.746875 0.542708 0.050000 0.068750
2 0.898438 0.463542 0.050000 0.052083
2 0.891406 0.601042 0.054688 0.060417
2 0.923438 0.620833 0.043750 0.070833
2 0.730469 0.187500 0.060937 0.083333
2 0.848437 0.055208 0.062500 0.064583
2 0.922656 0.062500 0.051562 0.050000
2 0.514062 0.626042 0.050000 0.047917
2 0.486719 0.695833 0.048438 0.079167
2 0.417187 0.708333 0.062500 0.054167
2 0.600781 0.784375 0.057813 0.043750
2 0.768750 0.934375 0.053125 0.077083
2 0.654687 0.982292 0.062500 0.035417
2 0.922656 0.880208 0.057813 0.081250
2 0.979688 0.871875 0.040625 0.039583
2 0.428906 0.973958 0.035937 0.043750
2 0.026562 0.798958 0.037500 0.068750
2 0.146094 0.247917 0.045312 0.050000
2 0.325781 0.769792 0.051562 0.052083
2 0.128125 0.978125 0.050000 0.043750