2 0.025000 0.129167 0.050000 0.083333
2 0.013281 0.156250 0.026562 0.058333
2 0.097656 0.060417 0.051562 0.083333
2 0.139063 0.064583 0.043750 0.070833
2 0.286719 0.030208 0.048438 0.060417
2 0.396875 0.282292 0.050000 0.077083
2 0.210938 0.270833 0.053125 0.070833
2 0.032813 0.228125 0.062500 0.064583
2 0.041406 0.298958 0.060937 0.060417
2 0.011719 0.314583 0.023438 0.050000
2 0.096875 0.435417 0.046875 0.054167
2 0.082812 0.455208 0.050000 0.035417
2 0.028906 0.509375 0.051562 0.064583
2 0.079687 0.527083 0.062500 0.058333
2 0.146875 0.547917 0.062500 0.062500
2 0.120313 0.654167 0.062500 0.054167
2 0.198437 0.680208 0.062500 0.052083
2 0.159375 0.646875 0.062500 0.052083
2 0.217188 0.675000 0.062500 0.058333
2 0.156250 0.840625 0.050000 0.052083
2 0.170313 0.915625 0.062500 0.052083
2 0.425000 0.829167 0.043750 0.070833
2 0.284375 0.535417 0.043750 0.083333
2 0.367188 0.408333 0.053125 0.062500
2 0.497656 0.421875 0.051562 0.072917
2 0.312500 0.896875 0.062500 0.060417
2 0.475000 0.865625 0.062500 0.052083
2 0.507812 0.908333 0.062500 0.062500
2 0.467969 0.715625 0.042188 0.077083
2 0.637500 0.566667 0.062500 0.066667
2 0.685156 0.702083 0.042188 0.066667
2 0.703906 0.782292 0.082812 0.077083
2 0.742188 0.819792 0.071875 0.068750
2 0.818750 0.691667 0.062500 0.050000
2 0.816406 0.650000 0.048438 0.066667
2 0.642969 0.343750 0.054688 0.079167
2 0.485938 0.162500 0.056250 0.075000
2 0.475000 0.026042 0.056250 0.052083
2 0.735938 0.087500 0.062500 0.083333
2 0.819531 0.311458 0.048438 0.081250
2 0.900000 0.251042 0.040625 0.056250
2 0.981250 0.206250 0.037500 0.045833