2 0.054688 0.126042 0.059375 0.060417
2 0.132031 0.168750 0.051562 0.058333
2 0.182031 0.146875 0.045312 0.068750
2 0.177344 0.264583 0.070312 0.070833
2 0.106250 0.367708 0.062500 0.064583
2 0.302344 0.410417 0.057813 0.070833
2 0.361719 0.408333 0.045312 0.087500
2 0.185156 0.518750 0.064062 0.066667
2 0.164844 0.553125 0.057813 0.064583
2 0.221094 0.578125 0.054688 0.052083
2 0.162500 0.658333 0.062500 0.058333
2 0.260937 0.632292 0.037500 0.089583
2 0.271875 0.661458 0.062500 0.056250
2 0.239844 0.645833 0.060937 0.070833
2 0.256250 0.700000 0.059375 0.062500
2 0.200781 0.848958 0.067187 0.068750
2 0.261719 0.823958 0.057813 0.047917
2 0.175000 0.964583 0.062500 0.062500
2 0.413281 0.843750 0.045312 0.087500
2 0.507812 0.953125 0.040625 0.068750
2 0.523438 0.817708 0.062500 0.056250
2 0.464062 0.782292 0.040625 0.056250
2 0.594531 0.718750 0.054688 0.075000
2 0.525000 0.628125 0.050000 0.068750
2 0.582812 0.600000 0.043750 0.050000
2 0.461719 0.477083 0.057813 0.062500
2 0.527344 0.364583 0.045312 0.083333
2 0.620313 0.836458 0.046875 0.064583
2 0.753125 0.911458 0.059375 0.072917
2 0.960938 0.967708 0.056250 0.064583
2 0.784375 0.734375 0.059375 0.068750
2 0.860938 0.636458 0.043750 0.060417
2 0.831250 0.491667 0.046875 0.083333
2 0.664844 0.207292 0.060937 0.068750
2 0.570312 0.063542 0.053125 0.068750
2 0.688281 0.122917 0.060937 0.050000
2 0.778906 0.158333 0.054688 0.083333
2 0.785937 0.250000 0.043750 0.045833
2 0.794531 0.060417 0.054688 0.062500
2 0.814844 0.121875 0.045312 0.056250
2 0.489844 0.406250 0.035937 0.045833