2 0.295312 0.097917 0.056250 0.083333
2 0.217188 0.375000 0.062500 0.083333
2 0.285938 0.333333 0.043750 0.083333
2 0.070312 0.214583 0.037500 0.050000
2 0.129688 0.443750 0.062500 0.070833
2 0.076563 0.434375 0.059375 0.047917
2 0.013281 0.636458 0.026562 0.068750
2 0.025000 0.642708 0.037500 0.068750
2 0.096094 0.932292 0.051562 0.089583
2 0.278125 0.583333 0.037500 0.083333
2 0.300781 0.836458 0.048438 0.056250
2 0.375781 0.766667 0.064062 0.083333
2 0.425000 0.464583 0.062500 0.066667
2 0.632031 0.501042 0.057813 0.072917
2 0.722656 0.376042 0.051562 0.047917
2 0.796094 0.394792 0.054688 0.081250
2 0.846875 0.759375 0.062500 0.068750
2 0.867188 0.801042 0.053125 0.068750
2 0.938281 0.864583 0.054688 0.075000
2 0.962500 0.812500 0.062500 0.041667
2 0.906250 0.384375 0.062500 0.043750
2 0.903125 0.239583 0.062500 0.079167
2 0.931250 0.183333 0.050000 0.066667
2 0.768750 0.217708 0.056250 0.047917
2 0.656250 0.170833 0.053125 0.083333
2 0.820312 0.084375 0.043750 0.060417
2 0.694531 0.031250 0.048438 0.062500