2 0.293750 0.066667 0.062500 0.083333
2 0.180469 0.038542 0.054688 0.072917
2 0.132031 0.133333 0.054688 0.083333
2 0.230469 0.300000 0.042188 0.083333
2 0.185156 0.354167 0.057813 0.083333
2 0.157812 0.404167 0.034375 0.062500
2 0.025781 0.345833 0.051562 0.079167
2 0.410938 0.279167 0.037500 0.083333
2 0.489063 0.282292 0.059375 0.068750
2 0.472656 0.306250 0.051562 0.062500
2 0.461719 0.373958 0.070312 0.064583
2 0.571875 0.335417 0.043750 0.083333
2 0.769531 0.150000 0.045312 0.062500
2 0.975781 0.158333 0.048438 0.058333
2 0.961719 0.472917 0.039062 0.083333
2 0.683594 0.587500 0.054688 0.045833
2 0.750781 0.464583 0.057813 0.079167
2 0.888281 0.845833 0.054688 0.083333
2 0.917188 0.907292 0.053125 0.072917
2 0.864844 0.848958 0.051562 0.060417
2 0.831250 0.911458 0.050000 0.072917
2 0.542969 0.801042 0.051562 0.060417
2 0.551562 0.931250 0.059375 0.083333
2 0.509375 0.750000 0.062500 0.083333
2 0.466406 0.752083 0.054688 0.083333
2 0.484375 0.596875 0.075000 0.093750
2 0.412500 0.586458 0.050000 0.089583
2 0.388281 0.783333 0.051562 0.083333
2 0.353125 0.805208 0.062500 0.052083
2 0.383594 0.969792 0.054688 0.060417
2 0.339844 0.710417 0.032813 0.075000
2 0.098437 0.855208 0.062500 0.052083
2 0.182812 0.606250 0.056250 0.066667
2 0.154688 0.673958 0.059375 0.047917
2 0.030469 0.795833 0.051562 0.045833
2 0.176563 0.810417 0.062500 0.083333