2 0.146094 0.139583 0.060937 0.050000
2 0.131250 0.193750 0.062500 0.037500
2 0.265625 0.235417 0.043750 0.083333
2 0.150781 0.397917 0.051562 0.079167
2 0.194531 0.317708 0.042188 0.064583
2 0.278125 0.421875 0.062500 0.064583
2 0.444531 0.344792 0.082812 0.077083
2 0.425781 0.245833 0.057813 0.066667
2 0.501563 0.287500 0.068750 0.104167
2 0.789062 0.148958 0.046875 0.064583
2 0.968750 0.153125 0.062500 0.077083
2 0.854688 0.198958 0.062500 0.056250
2 0.611719 0.447917 0.079687 0.079167
2 0.560156 0.576042 0.085938 0.064583
2 0.429688 0.573958 0.046875 0.089583
2 0.135937 0.601042 0.062500 0.064583
2 0.068750 0.768750 0.081250 0.070833
2 0.110156 0.725000 0.051562 0.050000
2 0.234375 0.868750 0.065625 0.062500
2 0.287500 0.837500 0.065625 0.054167
2 0.350781 0.967708 0.051562 0.064583
2 0.510938 0.888542 0.062500 0.064583
2 0.492188 0.821875 0.043750 0.081250
2 0.404687 0.697917 0.056250 0.083333
2 0.450000 0.667708 0.053125 0.077083
2 0.301563 0.641667 0.034375 0.054167
2 0.750000 0.635417 0.062500 0.050000
2 0.857031 0.810417 0.051562 0.083333
2 0.867969 0.914583 0.045312 0.083333
2 0.803125 0.904167 0.053125 0.075000
2 0.706250 0.946875 0.056250 0.081250
2 0.678906 0.558333 0.076563 0.075000
2 0.811719 0.489583 0.057813 0.083333
2 0.956250 0.422917 0.037500 0.083333