1 0.020000 0.960976 0.040000 0.048780
1 0.060000 0.971951 0.073333 0.056098
1 0.515000 0.974390 0.076667 0.046341
1 0.583333 0.958537 0.066667 0.048780
1 0.601667 0.930488 0.050000 0.046341
1 0.678333 0.895122 0.056667 0.043902
1 0.791667 0.968293 0.070000 0.058537
1 0.315000 0.903659 0.056667 0.046341
1 0.048333 0.874390 0.063333 0.056098
1 0.098333 0.862195 0.056667 0.051220
1 0.161667 0.817073 0.050000 0.048780
1 0.270000 0.795122 0.066667 0.048780
1 0.373333 0.743902 0.066667 0.048780
1 0.953333 0.675610 0.053333 0.039024
1 0.808333 0.596341 0.076667 0.051220
1 0.333333 0.687805 0.066667 0.048780
1 0.235000 0.657317 0.056667 0.041463
1 0.070000 0.651220 0.066667 0.048780
1 0.100000 0.631707 0.066667 0.048780
1 0.200000 0.604878 0.066667 0.048780
1 0.423333 0.602439 0.066667 0.048780
1 0.463333 0.592683 0.066667 0.048780
1 0.623333 0.530488 0.060000 0.041463
1 0.728333 0.504878 0.063333 0.048780
1 0.785000 0.615854 0.063333 0.046341
1 0.230000 0.524390 0.046667 0.048780
1 0.426667 0.519512 0.066667 0.048780
1 0.596667 0.490244 0.066667 0.048780
1 0.021667 0.397561 0.043333 0.048780
1 0.125000 0.468293 0.083333 0.053659
1 0.290000 0.485366 0.060000 0.048780
1 0.133333 0.396341 0.060000 0.046341
1 0.181667 0.413415 0.050000 0.046341
1 0.236667 0.435366 0.066667 0.046341
1 0.028333 0.309756 0.056667 0.048780
1 0.153333 0.332927 0.073333 0.046341
1 0.340000 0.352439 0.073333 0.046341
1 0.476667 0.339024 0.080000 0.048780
1 0.910000 0.309756 0.086667 0.048780
1 0.811667 0.282927 0.070000 0.048780
1 0.273333 0.290244 0.066667 0.048780
1 0.111667 0.196341 0.096667 0.056098
1 0.190000 0.226829 0.080000 0.039024
1 0.200000 0.259756 0.100000 0.041463
1 0.198333 0.291463 0.083333 0.041463
1 0.121667 0.136585 0.056667 0.048780
1 0.233333 0.140244 0.080000 0.051220
1 0.400000 0.156098 0.060000 0.048780
1 0.728333 0.191463 0.090000 0.051220
1 0.318333 0.092683 0.063333 0.048780
1 0.335000 0.063415 0.050000 0.034146
1 0.405000 0.068293 0.063333 0.048780
1 0.450000 0.060976 0.060000 0.048780
1 0.485000 0.108537 0.056667 0.041463
1 0.303333 0.013415 0.066667 0.026829
1 0.556667 0.028049 0.066667 0.036585
1 0.556667 0.051220 0.066667 0.039024
1 0.620000 0.021951 0.066667 0.043902
1 0.596667 0.112195 0.066667 0.048780
1 0.560000 0.141463 0.066667 0.048780
1 0.556667 0.173171 0.066667 0.048780
1 0.620000 0.170732 0.066667 0.053659
1 0.798333 0.114634 0.076667 0.043902
1 0.896667 0.152439 0.073333 0.051220
1 0.906667 0.029268 0.066667 0.048780