1 0.051667 0.963415 0.063333 0.048780
1 0.070000 0.921951 0.066667 0.048780
1 0.118333 0.953659 0.063333 0.053659
1 0.125000 0.875610 0.056667 0.048780
1 0.191667 0.813415 0.056667 0.046341
1 0.266667 0.789024 0.066667 0.046341
1 0.390000 0.963415 0.066667 0.043902
1 0.393333 0.851220 0.066667 0.048780
1 0.636667 0.900000 0.066667 0.048780
1 0.740000 0.931707 0.066667 0.048780
1 0.783333 0.924390 0.066667 0.058537
1 0.386667 0.734146 0.066667 0.048780
1 0.423333 0.675610 0.053333 0.048780
1 0.063333 0.640244 0.060000 0.041463
1 0.076667 0.607317 0.066667 0.048780
1 0.110000 0.679268 0.066667 0.041463
1 0.158333 0.645122 0.076667 0.041463
1 0.245000 0.636585 0.070000 0.043902
1 0.050000 0.463415 0.066667 0.048780
1 0.116667 0.500000 0.073333 0.048780
1 0.820000 0.584146 0.073333 0.046341
1 0.780000 0.624390 0.066667 0.048780
1 0.745000 0.597561 0.070000 0.048780
1 0.648333 0.604878 0.056667 0.048780
1 0.476667 0.590244 0.066667 0.048780
1 0.470000 0.543902 0.066667 0.048780
1 0.606667 0.519512 0.080000 0.048780
1 0.253333 0.502439 0.053333 0.048780
1 0.345000 0.468293 0.043333 0.048780
1 0.323333 0.465854 0.046667 0.039024
1 0.210000 0.446341 0.066667 0.043902
1 0.246667 0.414634 0.080000 0.053659
1 0.905000 0.357317 0.076667 0.051220
1 0.806667 0.340244 0.073333 0.051220
1 0.290000 0.343902 0.066667 0.048780
1 0.330000 0.392683 0.073333 0.048780
1 0.423333 0.380488 0.080000 0.048780
1 0.081667 0.319512 0.076667 0.048780
1 0.140000 0.308537 0.073333 0.041463
1 0.163333 0.271951 0.086667 0.041463
1 0.188333 0.243902 0.070000 0.048780
1 0.073333 0.202439 0.080000 0.048780
1 0.106667 0.153659 0.066667 0.043902
1 0.180000 0.134146 0.066667 0.048780
1 0.286667 0.136585 0.073333 0.048780
1 0.410000 0.178049 0.066667 0.048780
1 0.366667 0.134146 0.053333 0.063415
1 0.373333 0.095122 0.040000 0.034146
1 0.386667 0.029268 0.066667 0.039024
1 0.413333 0.060976 0.066667 0.043902
1 0.460000 0.043902 0.066667 0.048780
1 0.491667 0.121951 0.083333 0.048780
1 0.570000 0.197561 0.060000 0.048780
1 0.601667 0.202439 0.050000 0.048780
1 0.648333 0.226829 0.076667 0.043902
1 0.640000 0.173171 0.053333 0.048780
1 0.625000 0.075610 0.056667 0.043902
1 0.656667 0.052439 0.060000 0.056098
1 0.761667 0.221951 0.070000 0.048780
1 0.830000 0.154878 0.053333 0.041463
1 0.933333 0.185366 0.066667 0.048780