1 0.053333 0.921951 0.066667 0.048780
1 0.093333 0.856098 0.073333 0.053659
1 0.470000 0.981707 0.066667 0.036585
1 0.650000 0.963415 0.086667 0.048780
1 0.463333 0.868293 0.073333 0.063415
1 0.930000 0.856098 0.060000 0.048780
1 0.676667 0.851220 0.086667 0.053659
1 0.580000 0.807317 0.066667 0.058537
1 0.206667 0.700000 0.066667 0.048780
1 0.028333 0.595122 0.056667 0.053659
1 0.276667 0.646341 0.053333 0.048780
1 0.330000 0.665854 0.066667 0.053659
1 0.083333 0.543902 0.066667 0.048780
1 0.120000 0.485366 0.080000 0.043902
1 0.403333 0.604878 0.060000 0.053659
1 0.440000 0.565854 0.066667 0.053659
1 0.530000 0.548780 0.066667 0.053659
1 0.833333 0.573171 0.073333 0.053659
1 0.853333 0.490244 0.066667 0.053659
1 0.786667 0.507317 0.066667 0.063415
1 0.830000 0.397561 0.066667 0.063415
1 0.968333 0.348780 0.063333 0.063415
1 0.633333 0.409756 0.086667 0.048780
1 0.343333 0.351220 0.066667 0.048780
1 0.470000 0.331707 0.066667 0.053659
1 0.430000 0.304878 0.066667 0.048780
1 0.813333 0.173171 0.066667 0.053659
1 0.666667 0.224390 0.080000 0.043902
1 0.516667 0.248780 0.080000 0.053659
1 0.050000 0.365854 0.080000 0.043902
1 0.013333 0.341463 0.026667 0.048780
1 0.193333 0.326829 0.066667 0.058537
1 0.246667 0.282927 0.100000 0.053659
1 0.035000 0.280488 0.070000 0.053659
1 0.090000 0.231707 0.093333 0.053659
1 0.193333 0.202439 0.073333 0.068293
1 0.503333 0.185366 0.073333 0.053659
1 0.733333 0.021951 0.080000 0.043902
1 0.476667 0.151220 0.073333 0.048780
1 0.490000 0.109756 0.080000 0.048780
1 0.483333 0.080488 0.060000 0.048780
1 0.363333 0.029268 0.080000 0.043902
1 0.366667 0.092683 0.073333 0.053659
1 0.343333 0.160976 0.066667 0.048780
1 0.296667 0.170732 0.066667 0.048780
1 0.316667 0.131707 0.080000 0.053659
1 0.273333 0.051220 0.080000 0.048780
1 0.223333 0.104878 0.080000 0.053659
1 0.056667 0.092683 0.093333 0.053659
1 0.028333 0.131707 0.056667 0.048780
1 0.041667 0.170732 0.083333 0.048780