1 0.123333 0.984146 0.066667 0.031707
1 0.468333 0.973171 0.070000 0.043902
1 0.893333 0.863415 0.066667 0.048780
1 0.901667 0.795122 0.063333 0.048780
1 0.341667 0.897561 0.070000 0.048780
1 0.413333 0.831707 0.066667 0.053659
1 0.336667 0.792683 0.053333 0.034146
1 0.135000 0.780488 0.056667 0.058537
1 0.830000 0.659756 0.066667 0.056098
1 0.918333 0.485366 0.070000 0.048780
1 0.313333 0.730488 0.053333 0.041463
1 0.406667 0.693902 0.066667 0.041463
1 0.023333 0.642683 0.046667 0.041463
1 0.046667 0.619512 0.053333 0.043902
1 0.063333 0.514634 0.066667 0.043902
1 0.286667 0.575610 0.080000 0.048780
1 0.430000 0.542683 0.080000 0.051220
1 0.495000 0.535366 0.050000 0.036585
1 0.278333 0.501220 0.043333 0.036585
1 0.453333 0.484146 0.040000 0.026829
1 0.558333 0.493902 0.050000 0.036585
1 0.378333 0.468293 0.096667 0.048780
1 0.740000 0.414634 0.066667 0.048780
1 0.708333 0.340244 0.070000 0.051220
1 0.025000 0.348780 0.050000 0.043902
1 0.155000 0.326829 0.076667 0.053659
1 0.350000 0.392683 0.066667 0.043902
1 0.351667 0.363415 0.056667 0.048780
1 0.291667 0.356098 0.070000 0.048780
1 0.526667 0.285366 0.080000 0.043902
1 0.416667 0.310976 0.046667 0.036585
1 0.541667 0.221951 0.050000 0.048780
1 0.405000 0.287805 0.070000 0.048780
1 0.266667 0.301220 0.060000 0.046341
1 0.266667 0.269512 0.060000 0.051220
1 0.263333 0.217073 0.066667 0.048780
1 0.418333 0.197561 0.076667 0.048780
1 0.835000 0.196341 0.063333 0.046341
1 0.743333 0.142683 0.066667 0.051220
1 0.913333 0.159756 0.066667 0.051220
1 0.956667 0.096341 0.066667 0.051220
1 0.693333 0.095122 0.066667 0.043902
1 0.780000 0.046341 0.066667 0.048780
1 0.175000 0.187805 0.063333 0.048780
1 0.046667 0.053659 0.053333 0.043902
1 0.046667 0.117073 0.066667 0.048780
1 0.100000 0.136585 0.066667 0.048780
1 0.133333 0.107317 0.066667 0.048780
1 0.158333 0.131707 0.056667 0.039024
1 0.390000 0.114634 0.066667 0.039024
1 0.348333 0.092683 0.056667 0.039024
1 0.331667 0.057317 0.050000 0.036585
1 0.285000 0.058537 0.056667 0.053659