1 0.410000 0.963415 0.060000 0.039024
1 0.043333 0.892683 0.046667 0.048780
1 0.018333 0.873171 0.036667 0.043902
1 0.710000 0.831707 0.060000 0.058537
1 0.943333 0.868293 0.053333 0.043902
1 0.480000 0.868293 0.060000 0.053659
1 0.536667 0.863415 0.073333 0.048780
1 0.613333 0.760976 0.073333 0.048780
1 0.975000 0.700000 0.050000 0.053659
1 0.940000 0.604878 0.073333 0.048780
1 0.390000 0.773171 0.073333 0.053659
1 0.416667 0.682927 0.066667 0.053659
1 0.226667 0.697561 0.060000 0.043902
1 0.136667 0.614634 0.066667 0.048780
1 0.021667 0.551220 0.043333 0.053659
1 0.340000 0.517073 0.060000 0.053659
1 0.363333 0.578049 0.080000 0.048780
1 0.933333 0.482927 0.060000 0.063415
1 0.850000 0.478049 0.060000 0.043902
1 0.790000 0.465854 0.066667 0.053659
1 0.028333 0.458537 0.056667 0.048780
1 0.760000 0.382927 0.066667 0.063415
1 0.953333 0.151220 0.066667 0.073171
1 0.810000 0.246341 0.066667 0.048780
1 0.740000 0.280488 0.060000 0.043902
1 0.573333 0.314634 0.060000 0.053659
1 0.476667 0.402439 0.066667 0.053659
1 0.320000 0.351220 0.066667 0.053659
1 0.030000 0.326829 0.053333 0.043902
1 0.110000 0.268293 0.093333 0.043902
1 0.028333 0.231707 0.056667 0.053659
1 0.123333 0.226829 0.086667 0.043902
1 0.116667 0.185366 0.066667 0.048780
1 0.156667 0.187805 0.066667 0.048780
1 0.430000 0.275610 0.066667 0.048780
1 0.590000 0.234146 0.073333 0.048780
1 0.293333 0.209756 0.060000 0.043902
1 0.323333 0.182927 0.060000 0.043902
1 0.356667 0.175610 0.060000 0.039024
1 0.486667 0.182927 0.073333 0.048780
1 0.613333 0.148780 0.073333 0.053659
1 0.063333 0.119512 0.073333 0.048780
1 0.523333 0.112195 0.060000 0.043902
1 0.480000 0.107317 0.053333 0.048780
1 0.550000 0.043902 0.053333 0.048780
1 0.506667 0.063415 0.060000 0.043902
1 0.416667 0.090244 0.066667 0.048780
1 0.370000 0.087805 0.066667 0.048780
1 0.243333 0.075610 0.060000 0.043902
1 0.126667 0.043902 0.073333 0.048780
1 0.025000 0.023171 0.050000 0.046341
1 0.273333 0.041463 0.080000 0.043902
1 0.276667 0.013415 0.053333 0.026829