1 0.986667 0.946341 0.026667 0.043902
1 0.066667 0.953659 0.053333 0.048780
1 0.030000 0.865854 0.040000 0.068293
1 0.293333 0.846341 0.060000 0.048780
1 0.453333 0.812195 0.073333 0.068293
1 0.753333 0.758537 0.086667 0.043902
1 0.173333 0.800000 0.053333 0.043902
1 0.146667 0.763415 0.053333 0.039024
1 0.093333 0.717073 0.066667 0.043902
1 0.473333 0.721951 0.066667 0.063415
1 0.616667 0.624390 0.066667 0.058537
1 0.603333 0.575610 0.066667 0.063415
1 0.450000 0.617073 0.086667 0.048780
1 0.046667 0.660976 0.053333 0.039024
1 0.046667 0.585366 0.053333 0.043902
1 0.143333 0.592683 0.046667 0.043902
1 0.080000 0.529268 0.053333 0.039024
1 0.463333 0.551220 0.066667 0.048780
1 0.453333 0.509756 0.046667 0.039024
1 0.750000 0.478049 0.066667 0.053659
1 0.190000 0.419512 0.053333 0.053659
1 0.650000 0.360976 0.060000 0.048780
1 0.556667 0.380488 0.066667 0.053659
1 0.473333 0.329268 0.086667 0.048780
1 0.393333 0.380488 0.073333 0.039024
1 0.243333 0.378049 0.066667 0.048780
1 0.373333 0.358537 0.080000 0.039024
1 0.386667 0.324390 0.086667 0.034146
1 0.393333 0.307317 0.073333 0.034146
1 0.386667 0.278049 0.080000 0.039024
1 0.060000 0.317073 0.066667 0.043902
1 0.103333 0.317073 0.060000 0.043902
1 0.156667 0.304878 0.066667 0.048780
1 0.200000 0.312195 0.066667 0.048780
1 0.253333 0.268293 0.066667 0.043902
1 0.306667 0.226829 0.073333 0.043902
1 0.053333 0.229268 0.066667 0.048780
1 0.170000 0.197561 0.073333 0.043902
1 0.133333 0.180488 0.073333 0.043902
1 0.053333 0.078049 0.060000 0.048780
1 0.246667 0.117073 0.066667 0.048780
1 0.266667 0.173171 0.066667 0.048780
1 0.483333 0.146341 0.066667 0.048780
1 0.400000 0.048780 0.080000 0.053659
1 0.713333 0.151220 0.080000 0.053659
1 0.973333 0.060976 0.053333 0.043902