1 0.020000 0.887805 0.040000 0.048780
1 0.056667 0.934146 0.066667 0.053659
1 0.120000 0.878049 0.073333 0.053659
1 0.473333 0.976829 0.053333 0.046341
1 0.936667 0.863415 0.066667 0.048780
1 0.663333 0.978049 0.073333 0.043902
1 0.656667 0.860976 0.080000 0.053659
1 0.456667 0.863415 0.073333 0.058537
1 0.580000 0.814634 0.066667 0.053659
1 0.230000 0.724390 0.066667 0.053659
1 0.266667 0.668293 0.053333 0.048780
1 0.343333 0.651220 0.066667 0.053659
1 0.806667 0.568293 0.073333 0.048780
1 0.553333 0.570732 0.086667 0.048780
1 0.463333 0.560976 0.073333 0.058537
1 0.410000 0.578049 0.066667 0.058537
1 0.018333 0.604878 0.036667 0.048780
1 0.123333 0.553659 0.080000 0.043902
1 0.136667 0.487805 0.080000 0.048780
1 0.796667 0.526829 0.066667 0.058537
1 0.853333 0.504878 0.066667 0.058537
1 0.666667 0.426829 0.093333 0.048780
1 0.843333 0.380488 0.073333 0.058537
1 0.971667 0.331707 0.056667 0.058537
1 0.050000 0.368293 0.073333 0.048780
1 0.203333 0.351220 0.073333 0.053659
1 0.350000 0.353659 0.066667 0.048780
1 0.486667 0.339024 0.066667 0.048780
1 0.040000 0.287805 0.080000 0.043902
1 0.028333 0.253659 0.056667 0.043902
1 0.100000 0.239024 0.086667 0.053659
1 0.273333 0.290244 0.093333 0.048780
1 0.453333 0.290244 0.066667 0.048780
1 0.533333 0.273171 0.073333 0.053659
1 0.683333 0.226829 0.080000 0.048780
1 0.826667 0.129268 0.060000 0.053659
1 0.513333 0.195122 0.073333 0.053659
1 0.490000 0.102439 0.073333 0.048780
1 0.493333 0.139024 0.066667 0.048780
1 0.196667 0.175610 0.073333 0.058537
1 0.360000 0.100000 0.066667 0.048780
1 0.243333 0.112195 0.080000 0.043902
1 0.316667 0.134146 0.073333 0.043902
1 0.296667 0.160976 0.073333 0.039024
1 0.226667 0.090244 0.060000 0.048780
1 0.233333 0.053659 0.080000 0.048780
1 0.376667 0.031707 0.073333 0.048780
1 0.053333 0.173171 0.073333 0.048780
1 0.030000 0.141463 0.060000 0.048780
1 0.053333 0.100000 0.080000 0.048780