1 0.046667 0.902439 0.040000 0.034146
1 0.076667 0.885366 0.060000 0.043902
1 0.410000 0.958537 0.066667 0.048780
1 0.975000 0.895122 0.050000 0.043902
1 0.740000 0.819512 0.060000 0.053659
1 0.523333 0.900000 0.066667 0.048780
1 0.390000 0.846341 0.073333 0.053659
1 0.533333 0.853659 0.073333 0.048780
1 0.975000 0.770732 0.050000 0.053659
1 0.676667 0.770732 0.073333 0.043902
1 0.903333 0.670732 0.073333 0.043902
1 0.420000 0.751220 0.066667 0.048780
1 0.253333 0.746341 0.066667 0.048780
1 0.050000 0.731707 0.060000 0.043902
1 0.026667 0.700000 0.040000 0.034146
1 0.963333 0.558537 0.066667 0.058537
1 0.906667 0.556098 0.053333 0.058537
1 0.793333 0.524390 0.073333 0.053659
1 0.356667 0.556098 0.053333 0.039024
1 0.336667 0.636585 0.053333 0.048780
1 0.330000 0.600000 0.073333 0.039024
1 0.156667 0.614634 0.073333 0.048780
1 0.063333 0.548780 0.053333 0.053659
1 0.103333 0.507317 0.080000 0.053659
1 0.073333 0.365854 0.046667 0.043902
1 0.973333 0.256098 0.053333 0.058537
1 0.796667 0.375610 0.066667 0.053659
1 0.816667 0.270732 0.060000 0.039024
1 0.763333 0.309756 0.053333 0.034146
1 0.343333 0.353659 0.086667 0.043902
1 0.503333 0.375610 0.066667 0.048780
1 0.466667 0.346341 0.066667 0.053659
1 0.603333 0.307317 0.060000 0.053659
1 0.610000 0.124390 0.046667 0.053659
1 0.630000 0.221951 0.066667 0.053659
1 0.593333 0.258537 0.080000 0.043902
1 0.450000 0.282927 0.060000 0.058537
1 0.340000 0.278049 0.066667 0.053659
1 0.383333 0.221951 0.040000 0.048780
1 0.363333 0.217073 0.066667 0.048780
1 0.100000 0.265854 0.073333 0.048780
1 0.110000 0.214634 0.073333 0.048780
1 0.160000 0.187805 0.073333 0.043902
1 0.113333 0.158537 0.073333 0.043902
1 0.583333 0.107317 0.080000 0.039024
1 0.570000 0.134146 0.060000 0.039024
1 0.486667 0.175610 0.073333 0.043902
1 0.506667 0.107317 0.066667 0.048780
1 0.473333 0.141463 0.073333 0.048780
1 0.403333 0.112195 0.053333 0.043902
1 0.133333 0.053659 0.066667 0.043902
1 0.250000 0.100000 0.073333 0.039024
1 0.310000 0.095122 0.060000 0.043902
1 0.303333 0.043902 0.066667 0.034146
1 0.263333 0.068293 0.066667 0.039024
1 0.450000 0.051220 0.060000 0.039024