1 0.073333 0.924390 0.080000 0.048780
1 0.146667 0.929268 0.066667 0.058537
1 0.308333 0.929268 0.056667 0.048780
1 0.353333 0.964634 0.053333 0.041463
1 0.391667 0.980488 0.076667 0.039024
1 0.740000 0.918293 0.066667 0.046341
1 0.093333 0.846341 0.066667 0.048780
1 0.080000 0.807317 0.053333 0.048780
1 0.681667 0.780488 0.063333 0.058537
1 0.541667 0.765854 0.056667 0.048780
1 0.208333 0.748780 0.063333 0.039024
1 0.368333 0.697561 0.056667 0.043902
1 0.363333 0.736585 0.060000 0.043902
1 0.156667 0.698780 0.066667 0.046341
1 0.066667 0.658537 0.060000 0.043902
1 0.586667 0.653659 0.060000 0.048780
1 0.621667 0.614634 0.076667 0.048780
1 0.660000 0.565854 0.066667 0.048780
1 0.086667 0.531707 0.073333 0.053659
1 0.165000 0.539024 0.070000 0.048780
1 0.730000 0.486585 0.073333 0.051220
1 0.828333 0.400000 0.070000 0.048780
1 0.510000 0.475610 0.053333 0.048780
1 0.466667 0.509756 0.066667 0.048780
1 0.401667 0.501220 0.070000 0.051220
1 0.205000 0.434146 0.070000 0.043902
1 0.235000 0.453659 0.056667 0.039024
1 0.186667 0.400000 0.053333 0.048780
1 0.246667 0.418293 0.066667 0.041463
1 0.250000 0.378049 0.073333 0.048780
1 0.240000 0.314634 0.066667 0.048780
1 0.361667 0.392683 0.063333 0.043902
1 0.353333 0.460976 0.066667 0.039024
1 0.661667 0.340244 0.076667 0.051220
1 0.913333 0.104878 0.053333 0.043902
1 0.823333 0.107317 0.073333 0.048780
1 0.890000 0.154878 0.060000 0.046341
1 0.796667 0.163415 0.060000 0.048780
1 0.726667 0.187805 0.060000 0.048780
1 0.531667 0.263415 0.063333 0.048780
1 0.570000 0.253659 0.066667 0.048780
1 0.553333 0.200000 0.073333 0.048780
1 0.498333 0.160976 0.076667 0.043902
1 0.340000 0.189024 0.073333 0.051220
1 0.106667 0.280488 0.066667 0.048780
1 0.060000 0.280488 0.066667 0.043902
1 0.055000 0.214634 0.076667 0.048780
1 0.101667 0.162195 0.070000 0.051220
1 0.143333 0.174390 0.060000 0.051220
1 0.153333 0.051220 0.066667 0.048780
1 0.268333 0.075610 0.070000 0.053659
1 0.636667 0.041463 0.066667 0.048780
1 0.396667 0.017073 0.060000 0.034146
1 0.380000 0.117073 0.073333 0.053659
1 0.315000 0.129268 0.056667 0.043902
1 0.340000 0.102439 0.066667 0.048780