1 0.040000 0.958537 0.040000 0.039024
1 0.083333 0.941463 0.053333 0.039024
1 0.220000 0.981707 0.060000 0.036585
1 0.530000 0.989024 0.053333 0.021951
1 0.985000 0.900000 0.030000 0.043902
1 0.090000 0.870732 0.060000 0.053659
1 0.193333 0.914634 0.060000 0.053659
1 0.223333 0.907317 0.053333 0.048780
1 0.083333 0.812195 0.073333 0.053659
1 0.203333 0.800000 0.053333 0.053659
1 0.736667 0.778049 0.080000 0.048780
1 0.660000 0.721951 0.066667 0.043902
1 0.740000 0.680488 0.080000 0.048780
1 0.046667 0.675610 0.053333 0.034146
1 0.130000 0.578049 0.086667 0.048780
1 0.266667 0.617073 0.073333 0.043902
1 0.483333 0.641463 0.086667 0.043902
1 0.633333 0.570732 0.066667 0.053659
1 0.703333 0.543902 0.066667 0.048780
1 0.830000 0.473171 0.080000 0.048780
1 0.750000 0.441463 0.066667 0.048780
1 0.483333 0.548780 0.080000 0.048780
1 0.510000 0.448780 0.073333 0.048780
1 0.316667 0.500000 0.053333 0.048780
1 0.413333 0.495122 0.080000 0.043902
1 0.326667 0.529268 0.073333 0.043902
1 0.123333 0.480488 0.053333 0.048780
1 0.186667 0.439024 0.060000 0.039024
1 0.193333 0.492683 0.066667 0.048780
1 0.160000 0.387805 0.053333 0.039024
1 0.103333 0.356098 0.080000 0.048780
1 0.773333 0.297561 0.073333 0.053659
1 0.971667 0.251220 0.056667 0.053659
1 0.936667 0.295122 0.066667 0.053659
1 0.903333 0.231707 0.060000 0.043902
1 0.620000 0.282927 0.073333 0.043902
1 0.596667 0.246341 0.053333 0.043902
1 0.563333 0.314634 0.073333 0.043902
1 0.466667 0.358537 0.066667 0.048780
1 0.456667 0.302439 0.073333 0.053659
1 0.203333 0.336585 0.073333 0.053659
1 0.263333 0.309756 0.080000 0.039024
1 0.276667 0.273171 0.080000 0.043902
1 0.413333 0.236585 0.060000 0.058537
1 0.680000 0.134146 0.073333 0.048780
1 0.740000 0.065854 0.066667 0.043902
1 0.633333 0.063415 0.060000 0.043902
1 0.396667 0.092683 0.066667 0.048780
1 0.326667 0.153659 0.060000 0.043902
1 0.193333 0.195122 0.080000 0.043902
1 0.193333 0.153659 0.060000 0.043902
1 0.086667 0.170732 0.046667 0.043902
1 0.273333 0.114634 0.086667 0.043902
1 0.306667 0.104878 0.066667 0.043902
1 0.283333 0.039024 0.066667 0.039024
1 0.183333 0.046341 0.066667 0.039024
1 0.190000 0.090244 0.046667 0.039024