1 0.025000 0.039024 0.050000 0.048780
1 0.081667 0.018293 0.063333 0.036585
1 0.196667 0.078049 0.086667 0.053659
1 0.031667 0.178049 0.063333 0.053659
1 0.171667 0.134146 0.076667 0.053659
1 0.343333 0.050000 0.060000 0.046341
1 0.340000 0.092683 0.073333 0.048780
1 0.245000 0.162195 0.076667 0.051220
1 0.706667 0.063415 0.080000 0.053659
1 0.571667 0.086585 0.083333 0.051220
1 0.413333 0.120732 0.080000 0.051220
1 0.516667 0.158537 0.066667 0.058537
1 0.093333 0.263415 0.086667 0.053659
1 0.131667 0.240244 0.076667 0.051220
1 0.201667 0.242683 0.076667 0.056098
1 0.301667 0.209756 0.076667 0.053659
1 0.351667 0.224390 0.070000 0.063415
1 0.383333 0.185366 0.073333 0.048780
1 0.681667 0.189024 0.076667 0.051220
1 0.795000 0.219512 0.070000 0.048780
1 0.960000 0.180488 0.066667 0.048780
1 0.965000 0.220732 0.070000 0.051220
1 0.916667 0.242683 0.073333 0.060976
1 0.463333 0.237805 0.080000 0.056098
1 0.470000 0.285366 0.066667 0.048780
1 0.315000 0.323171 0.070000 0.051220
1 0.243333 0.330488 0.086667 0.051220
1 0.281667 0.359756 0.083333 0.051220
1 0.246667 0.407317 0.080000 0.048780
1 0.233333 0.440244 0.086667 0.046341
1 0.023333 0.458537 0.046667 0.048780
1 0.360000 0.407317 0.066667 0.048780
1 0.646667 0.369512 0.093333 0.056098
1 0.650000 0.431707 0.086667 0.053659
1 0.870000 0.501220 0.080000 0.051220
1 0.566667 0.509756 0.066667 0.048780
1 0.548333 0.541463 0.070000 0.048780
1 0.470000 0.514634 0.066667 0.048780
1 0.345000 0.501220 0.090000 0.056098
1 0.270000 0.514634 0.073333 0.048780
1 0.196667 0.545122 0.093333 0.051220
1 0.050000 0.580488 0.073333 0.058537
1 0.036667 0.631707 0.066667 0.048780
1 0.320000 0.612195 0.066667 0.048780
1 0.343333 0.663415 0.080000 0.053659
1 0.120000 0.714634 0.073333 0.063415
1 0.286667 0.732927 0.060000 0.046341
1 0.920000 0.697561 0.066667 0.048780
1 0.778333 0.703659 0.083333 0.051220
1 0.856667 0.725610 0.066667 0.056098
1 0.916667 0.862195 0.073333 0.051220
1 0.378333 0.826829 0.056667 0.048780
1 0.426667 0.843902 0.073333 0.058537
1 0.570000 0.979268 0.093333 0.041463
1 0.336667 0.870732 0.066667 0.048780
1 0.028333 0.981707 0.056667 0.036585