1 0.053333 0.941463 0.066667 0.048780
1 0.093333 0.976829 0.066667 0.046341
1 0.193333 0.931707 0.080000 0.048780
1 0.966667 0.887805 0.066667 0.048780
1 0.510000 0.978049 0.066667 0.043902
1 0.483333 0.887805 0.073333 0.058537
1 0.680000 0.902439 0.073333 0.058537
1 0.616667 0.865854 0.066667 0.063415
1 0.286667 0.775610 0.073333 0.058537
1 0.300000 0.712195 0.053333 0.048780
1 0.890000 0.553659 0.053333 0.058537
1 0.813333 0.587805 0.066667 0.048780
1 0.840000 0.573171 0.060000 0.053659
1 0.616667 0.621951 0.093333 0.058537
1 0.730000 0.473171 0.080000 0.053659
1 0.446667 0.568293 0.066667 0.058537
1 0.523333 0.580488 0.080000 0.058537
1 0.190000 0.597561 0.080000 0.043902
1 0.046667 0.639024 0.046667 0.048780
1 0.043333 0.597561 0.066667 0.048780
1 0.196667 0.517073 0.073333 0.048780
1 0.393333 0.665854 0.066667 0.048780
1 0.886667 0.390244 0.073333 0.058537
1 0.876667 0.121951 0.066667 0.053659
1 0.730000 0.253659 0.073333 0.048780
1 0.390000 0.378049 0.066667 0.048780
1 0.506667 0.297561 0.066667 0.048780
1 0.536667 0.385366 0.073333 0.058537
1 0.046667 0.495122 0.066667 0.048780
1 0.246667 0.400000 0.073333 0.058537
1 0.346667 0.319512 0.093333 0.058537
1 0.580000 0.317073 0.073333 0.053659
1 0.570000 0.239024 0.080000 0.048780
1 0.050000 0.429268 0.066667 0.048780
1 0.083333 0.397561 0.073333 0.053659
1 0.090000 0.321951 0.086667 0.048780
1 0.093333 0.292683 0.086667 0.039024
1 0.160000 0.280488 0.093333 0.053659
1 0.446667 0.058537 0.073333 0.048780
1 0.510000 0.134146 0.073333 0.048780
1 0.536667 0.146341 0.060000 0.058537
1 0.390000 0.141463 0.060000 0.053659
1 0.226667 0.078049 0.086667 0.048780
1 0.263333 0.109756 0.060000 0.039024
1 0.376667 0.182927 0.066667 0.048780
1 0.326667 0.180488 0.066667 0.048780
1 0.300000 0.151220 0.066667 0.048780
1 0.230000 0.180488 0.073333 0.058537
1 0.110000 0.202439 0.073333 0.053659
1 0.080000 0.163415 0.080000 0.048780
1 0.103333 0.129268 0.086667 0.043902