1 0.190000 0.970732 0.066667 0.048780
1 0.386667 0.963415 0.066667 0.048780
1 0.920000 0.891463 0.060000 0.056098
1 0.873333 0.885366 0.060000 0.048780
1 0.283333 0.914634 0.073333 0.048780
1 0.176667 0.853659 0.073333 0.053659
1 0.398333 0.814634 0.056667 0.048780
1 0.303333 0.782927 0.040000 0.039024
1 0.330000 0.721951 0.040000 0.034146
1 0.483333 0.721951 0.073333 0.048780
1 0.846667 0.553659 0.066667 0.053659
1 0.960000 0.485366 0.073333 0.048780
1 0.046667 0.682927 0.066667 0.048780
1 0.063333 0.670732 0.053333 0.048780
1 0.096667 0.585366 0.046667 0.048780
1 0.355000 0.586585 0.056667 0.041463
1 0.516667 0.607317 0.073333 0.048780
1 0.528333 0.545122 0.070000 0.051220
1 0.453333 0.525610 0.066667 0.051220
1 0.543333 0.490244 0.066667 0.043902
1 0.033333 0.402439 0.066667 0.048780
1 0.136667 0.367073 0.060000 0.046341
1 0.201667 0.402439 0.063333 0.048780
1 0.413333 0.476829 0.060000 0.041463
1 0.470000 0.447561 0.066667 0.051220
1 0.425000 0.414634 0.070000 0.048780
1 0.338333 0.393902 0.070000 0.051220
1 0.283333 0.380488 0.053333 0.048780
1 0.273333 0.337805 0.066667 0.056098
1 0.601667 0.360976 0.070000 0.053659
1 0.450000 0.356098 0.073333 0.053659
1 0.338333 0.323171 0.070000 0.051220
1 0.233333 0.286585 0.066667 0.051220
1 0.226667 0.251220 0.066667 0.048780
1 0.771667 0.317073 0.070000 0.048780
1 0.741667 0.295122 0.070000 0.048780
1 0.576667 0.289024 0.060000 0.046341
1 0.876667 0.178049 0.066667 0.048780
1 0.430000 0.202439 0.066667 0.043902
1 0.790000 0.100000 0.073333 0.048780
1 0.906667 0.075610 0.066667 0.048780
1 0.176667 0.168293 0.066667 0.039024
1 0.201667 0.158537 0.056667 0.048780
1 0.413333 0.142683 0.066667 0.036585
1 0.375000 0.121951 0.063333 0.048780
1 0.048333 0.134146 0.070000 0.048780
1 0.176667 0.117073 0.080000 0.048780
1 0.060000 0.093902 0.066667 0.041463
1 0.331667 0.070732 0.050000 0.039024
1 0.291667 0.015854 0.056667 0.031707
1 0.226667 0.017073 0.066667 0.034146