1 0.413333 0.982927 0.060000 0.034146
1 0.053333 0.914634 0.066667 0.048780
1 0.020000 0.863415 0.040000 0.043902
1 0.021667 0.770732 0.043333 0.043902
1 0.480000 0.870732 0.073333 0.058537
1 0.573333 0.902439 0.080000 0.048780
1 0.936667 0.860976 0.053333 0.039024
1 0.710000 0.846341 0.080000 0.053659
1 0.586667 0.778049 0.060000 0.048780
1 0.396667 0.712195 0.066667 0.058537
1 0.256667 0.690244 0.060000 0.043902
1 0.153333 0.646341 0.060000 0.048780
1 0.426667 0.641463 0.053333 0.053659
1 0.320000 0.582927 0.053333 0.043902
1 0.936667 0.592683 0.073333 0.048780
1 0.978333 0.556098 0.043333 0.048780
1 0.023333 0.565854 0.046667 0.048780
1 0.416667 0.578049 0.086667 0.058537
1 0.480000 0.458537 0.073333 0.053659
1 0.940000 0.426829 0.066667 0.063415
1 0.025000 0.509756 0.050000 0.039024
1 0.043333 0.468293 0.073333 0.043902
1 0.023333 0.402439 0.046667 0.053659
1 0.373333 0.419512 0.060000 0.048780
1 0.336667 0.353659 0.060000 0.048780
1 0.573333 0.353659 0.066667 0.053659
1 0.450000 0.304878 0.053333 0.048780
1 0.763333 0.429268 0.060000 0.063415
1 0.816667 0.421951 0.066667 0.048780
1 0.830000 0.456098 0.060000 0.043902
1 0.843333 0.231707 0.066667 0.048780
1 0.763333 0.263415 0.060000 0.043902
1 0.933333 0.085366 0.046667 0.048780
1 0.153333 0.287805 0.086667 0.043902
1 0.160000 0.246341 0.086667 0.039024
1 0.166667 0.214634 0.086667 0.043902
1 0.016667 0.324390 0.033333 0.063415
1 0.626667 0.229268 0.086667 0.048780
1 0.646667 0.102439 0.066667 0.053659
1 0.456667 0.217073 0.066667 0.053659
1 0.496667 0.214634 0.066667 0.053659
1 0.536667 0.018293 0.066667 0.036585
1 0.493333 0.056098 0.060000 0.048780
1 0.506667 0.107317 0.060000 0.043902
1 0.483333 0.136585 0.053333 0.053659
1 0.038333 0.226829 0.076667 0.048780
1 0.018333 0.190244 0.036667 0.034146
1 0.035000 0.051220 0.070000 0.048780
1 0.033333 0.090244 0.066667 0.039024
1 0.156667 0.073171 0.080000 0.048780
1 0.263333 0.168293 0.073333 0.039024
1 0.323333 0.182927 0.073333 0.043902
1 0.343333 0.153659 0.053333 0.043902
1 0.290000 0.153659 0.053333 0.048780
1 0.336667 0.100000 0.073333 0.048780
1 0.390000 0.075610 0.073333 0.043902
1 0.250000 0.087805 0.060000 0.053659
1 0.366667 0.020732 0.073333 0.041463
1 0.310000 0.041463 0.093333 0.043902
1 0.293333 0.013415 0.060000 0.026829