1 0.023333 0.892683 0.046667 0.039024
1 0.503333 0.904878 0.066667 0.053659
1 0.893333 0.914634 0.073333 0.048780
1 0.978333 0.885366 0.043333 0.043902
1 0.940000 0.870732 0.046667 0.039024
1 0.028333 0.804878 0.056667 0.043902
1 0.290000 0.865854 0.073333 0.039024
1 0.856667 0.751220 0.073333 0.043902
1 0.653333 0.731707 0.053333 0.043902
1 0.693333 0.748780 0.053333 0.053659
1 0.753333 0.651220 0.073333 0.043902
1 0.866667 0.607317 0.053333 0.053659
1 0.940000 0.600000 0.060000 0.058537
1 0.936667 0.341463 0.060000 0.058537
1 0.706667 0.536585 0.066667 0.053659
1 0.436667 0.773171 0.080000 0.043902
1 0.316667 0.775610 0.066667 0.053659
1 0.266667 0.814634 0.080000 0.039024
1 0.190000 0.765854 0.053333 0.053659
1 0.240000 0.743902 0.060000 0.048780
1 0.016667 0.682927 0.033333 0.043902
1 0.063333 0.690244 0.073333 0.048780
1 0.113333 0.587805 0.073333 0.048780
1 0.233333 0.573171 0.073333 0.043902
1 0.030000 0.468293 0.060000 0.048780
1 0.035000 0.529268 0.070000 0.039024
1 0.153333 0.539024 0.073333 0.043902
1 0.273333 0.490244 0.060000 0.039024
1 0.053333 0.363415 0.053333 0.048780
1 0.386667 0.370732 0.066667 0.048780
1 0.753333 0.246341 0.046667 0.039024
1 0.730000 0.287805 0.046667 0.034146
1 0.716667 0.309756 0.066667 0.043902
1 0.070000 0.282927 0.073333 0.048780
1 0.246667 0.312195 0.086667 0.043902
1 0.270000 0.265854 0.086667 0.053659
1 0.453333 0.282927 0.073333 0.048780
1 0.596667 0.253659 0.066667 0.053659
1 0.506667 0.224390 0.066667 0.039024
1 0.513333 0.248780 0.066667 0.043902
1 0.600000 0.180488 0.066667 0.053659
1 0.343333 0.192683 0.066667 0.048780
1 0.356667 0.226829 0.060000 0.048780
1 0.400000 0.202439 0.060000 0.048780
1 0.573333 0.104878 0.080000 0.048780
1 0.483333 0.146341 0.073333 0.048780
1 0.423333 0.151220 0.080000 0.053659
1 0.073333 0.214634 0.066667 0.053659
1 0.556667 0.020732 0.073333 0.041463
1 0.493333 0.013415 0.073333 0.026829
1 0.503333 0.058537 0.073333 0.043902
1 0.416667 0.056098 0.080000 0.043902
1 0.340000 0.056098 0.060000 0.053659
1 0.363333 0.082927 0.053333 0.048780
1 0.300000 0.131707 0.066667 0.048780
1 0.246667 0.029268 0.046667 0.039024
1 0.040000 0.187805 0.066667 0.034146
1 0.133333 0.158537 0.060000 0.048780
1 0.050000 0.160976 0.066667 0.043902
1 0.010000 0.139024 0.020000 0.048780
1 0.106667 0.121951 0.066667 0.043902
1 0.066667 0.095122 0.060000 0.043902
1 0.036667 0.056098 0.066667 0.048780
1 0.130000 0.029268 0.073333 0.039024
1 0.100000 0.013415 0.066667 0.026829