1 0.926667 0.890244 0.066667 0.048780
1 0.378333 0.917073 0.063333 0.048780
1 0.038333 0.986585 0.050000 0.026829
1 0.451667 0.864634 0.063333 0.051220
1 0.920000 0.804878 0.060000 0.053659
1 0.168333 0.780488 0.063333 0.053659
1 0.380000 0.825610 0.046667 0.036585
1 0.328333 0.762195 0.043333 0.041463
1 0.843333 0.709756 0.060000 0.053659
1 0.426667 0.709756 0.073333 0.043902
1 0.085000 0.621951 0.056667 0.048780
1 0.050000 0.660976 0.060000 0.048780
1 0.273333 0.587805 0.066667 0.039024
1 0.080000 0.517073 0.066667 0.043902
1 0.340000 0.619512 0.046667 0.034146
1 0.943333 0.514634 0.073333 0.048780
1 0.315000 0.535366 0.050000 0.036585
1 0.430000 0.545122 0.080000 0.046341
1 0.495000 0.523171 0.043333 0.036585
1 0.546667 0.562195 0.060000 0.041463
1 0.593333 0.524390 0.040000 0.043902
1 0.368333 0.480488 0.090000 0.043902
1 0.753333 0.452439 0.073333 0.051220
1 0.728333 0.381707 0.070000 0.051220
1 0.368333 0.414634 0.070000 0.039024
1 0.393333 0.406098 0.060000 0.046341
1 0.321667 0.375610 0.070000 0.048780
1 0.166667 0.328049 0.080000 0.051220
1 0.858333 0.230488 0.063333 0.046341
1 0.950000 0.215854 0.066667 0.051220
1 0.981667 0.162195 0.036667 0.051220
1 0.465000 0.326829 0.050000 0.034146
1 0.565000 0.224390 0.050000 0.048780
1 0.763333 0.189024 0.073333 0.051220
1 0.796667 0.078049 0.073333 0.048780
1 0.690000 0.120732 0.073333 0.041463
1 0.526667 0.292683 0.073333 0.048780
1 0.270000 0.310976 0.060000 0.041463
1 0.311667 0.324390 0.056667 0.039024
1 0.413333 0.289024 0.066667 0.051220
1 0.440000 0.218293 0.066667 0.041463
1 0.316667 0.271951 0.066667 0.051220
1 0.310000 0.231707 0.066667 0.043902
1 0.200000 0.237805 0.060000 0.051220
1 0.433333 0.146341 0.073333 0.043902
1 0.380000 0.118293 0.066667 0.046341
1 0.370000 0.081707 0.053333 0.041463
1 0.315000 0.118293 0.063333 0.051220
1 0.216667 0.158537 0.060000 0.039024
1 0.191667 0.126829 0.070000 0.048780
1 0.163333 0.162195 0.066667 0.036585
1 0.113333 0.168293 0.073333 0.043902
1 0.053333 0.154878 0.066667 0.046341
1 0.083333 0.063415 0.053333 0.039024