1 0.961667 0.948780 0.070000 0.053659
1 0.891667 0.920732 0.070000 0.051220
1 0.410000 0.982927 0.066667 0.034146
1 0.248333 0.982927 0.070000 0.034146
1 0.293333 0.941463 0.080000 0.048780
1 0.206667 0.892683 0.073333 0.048780
1 0.346667 0.803659 0.053333 0.036585
1 0.368333 0.748780 0.043333 0.039024
1 0.435000 0.829268 0.070000 0.048780
1 0.535000 0.751220 0.070000 0.048780
1 0.981667 0.513415 0.036667 0.051220
1 0.876667 0.541463 0.066667 0.053659
1 0.575000 0.651220 0.070000 0.048780
1 0.418333 0.625610 0.056667 0.041463
1 0.111667 0.726829 0.070000 0.048780
1 0.053333 0.660976 0.066667 0.048780
1 0.108333 0.679268 0.056667 0.041463
1 0.138333 0.628049 0.056667 0.041463
1 0.511667 0.582927 0.070000 0.048780
1 0.573333 0.568293 0.066667 0.048780
1 0.570000 0.519512 0.066667 0.048780
1 0.073333 0.470732 0.060000 0.039024
1 0.106667 0.453659 0.073333 0.048780
1 0.280000 0.551220 0.060000 0.043902
1 0.206667 0.397561 0.066667 0.043902
1 0.251667 0.447561 0.063333 0.046341
1 0.300000 0.496341 0.060000 0.046341
1 0.443333 0.500000 0.066667 0.048780
1 0.651667 0.407317 0.070000 0.053659
1 0.321667 0.374390 0.070000 0.051220
1 0.325000 0.434146 0.070000 0.053659
1 0.388333 0.442683 0.070000 0.056098
1 0.471667 0.453659 0.056667 0.043902
1 0.525000 0.447561 0.063333 0.051220
1 0.520000 0.385366 0.073333 0.048780
1 0.465000 0.369512 0.056667 0.036585
1 0.811667 0.309756 0.063333 0.048780
1 0.773333 0.302439 0.066667 0.048780
1 0.616667 0.323171 0.060000 0.041463
1 0.926667 0.196341 0.066667 0.041463
1 0.373333 0.335366 0.066667 0.051220
1 0.253333 0.307317 0.073333 0.058537
1 0.485000 0.232927 0.076667 0.051220
1 0.236667 0.217073 0.073333 0.048780
1 0.453333 0.175610 0.066667 0.043902
1 0.860000 0.124390 0.066667 0.039024
1 0.935000 0.073171 0.063333 0.053659
1 0.813333 0.112195 0.066667 0.048780
1 0.065000 0.163415 0.063333 0.048780
1 0.153333 0.168293 0.066667 0.043902
1 0.256667 0.180488 0.066667 0.048780
1 0.260000 0.148780 0.080000 0.048780
1 0.423333 0.148780 0.080000 0.048780
1 0.366667 0.100000 0.053333 0.039024
1 0.101667 0.131707 0.056667 0.043902
1 0.063333 0.082927 0.066667 0.039024
1 0.246667 0.047561 0.066667 0.041463
1 0.331667 0.060976 0.056667 0.048780