1 0.930000 0.953659 0.066667 0.058537
1 0.836667 0.897561 0.073333 0.048780
1 0.358333 0.965854 0.050000 0.048780
1 0.233333 0.958537 0.073333 0.048780
1 0.220000 0.917073 0.086667 0.048780
1 0.173333 0.882927 0.073333 0.053659
1 0.088333 0.728049 0.076667 0.056098
1 0.075000 0.647561 0.043333 0.036585
1 0.045000 0.626829 0.076667 0.053659
1 0.105000 0.637805 0.063333 0.060976
1 0.296667 0.757317 0.040000 0.031707
1 0.390000 0.795122 0.066667 0.053659
1 0.333333 0.720732 0.040000 0.036585
1 0.520000 0.715854 0.073333 0.051220
1 0.421667 0.624390 0.056667 0.043902
1 0.563333 0.642683 0.073333 0.051220
1 0.503333 0.587805 0.073333 0.048780
1 0.561667 0.543902 0.076667 0.048780
1 0.970000 0.485366 0.060000 0.048780
1 0.828333 0.482927 0.070000 0.053659
1 0.518333 0.492683 0.070000 0.048780
1 0.630000 0.389024 0.073333 0.051220
1 0.095000 0.454878 0.070000 0.051220
1 0.090000 0.421951 0.066667 0.043902
1 0.228333 0.495122 0.056667 0.039024
1 0.190000 0.381707 0.053333 0.046341
1 0.211667 0.431707 0.050000 0.048780
1 0.458333 0.441463 0.056667 0.043902
1 0.400000 0.470732 0.066667 0.048780
1 0.358333 0.428049 0.070000 0.051220
1 0.260000 0.458537 0.053333 0.043902
1 0.285000 0.376829 0.070000 0.056098
1 0.275000 0.428049 0.063333 0.056098
1 0.408333 0.348780 0.043333 0.039024
1 0.520000 0.391463 0.066667 0.056098
1 0.493333 0.348780 0.073333 0.058537
1 0.583333 0.307317 0.073333 0.048780
1 0.735000 0.254878 0.070000 0.051220
1 0.786667 0.247561 0.066667 0.051220
1 0.888333 0.167073 0.056667 0.051220
1 0.336667 0.291463 0.066667 0.051220
1 0.465000 0.202439 0.083333 0.048780
1 0.203333 0.278049 0.073333 0.053659
1 0.216667 0.214634 0.066667 0.048780
1 0.866667 0.098780 0.080000 0.041463
1 0.785000 0.080488 0.076667 0.048780
1 0.428333 0.147561 0.070000 0.046341
1 0.366667 0.123171 0.066667 0.041463
1 0.268333 0.131707 0.083333 0.053659
1 0.086667 0.115854 0.066667 0.046341
1 0.036667 0.073171 0.066667 0.048780
1 0.026667 0.139024 0.053333 0.048780
1 0.190000 0.021951 0.066667 0.043902
1 0.293333 0.041463 0.066667 0.048780
1 0.340000 0.075610 0.060000 0.039024
1 0.418333 0.019512 0.050000 0.039024