1 0.158333 0.974390 0.056667 0.041463
1 0.406667 0.963415 0.066667 0.048780
1 0.880000 0.873171 0.066667 0.048780
1 0.916667 0.864634 0.066667 0.056098
1 0.313333 0.907317 0.080000 0.048780
1 0.165000 0.831707 0.070000 0.053659
1 0.411667 0.821951 0.063333 0.053659
1 0.305000 0.786585 0.043333 0.036585
1 0.323333 0.725610 0.040000 0.041463
1 0.460000 0.717073 0.073333 0.048780
1 0.040000 0.663415 0.066667 0.048780
1 0.091667 0.563415 0.056667 0.048780
1 0.318333 0.575610 0.056667 0.043902
1 0.265000 0.560976 0.036667 0.043902
1 0.271667 0.479268 0.050000 0.041463
1 0.481667 0.578049 0.070000 0.048780
1 0.848333 0.592683 0.070000 0.053659
1 0.956667 0.480488 0.080000 0.048780
1 0.510000 0.536585 0.060000 0.039024
1 0.550000 0.490244 0.066667 0.048780
1 0.766667 0.356098 0.066667 0.053659
1 0.743333 0.312195 0.073333 0.053659
1 0.421667 0.495122 0.063333 0.048780
1 0.443333 0.465854 0.066667 0.048780
1 0.580000 0.332927 0.066667 0.051220
1 0.570000 0.269512 0.060000 0.046341
1 0.401667 0.407317 0.070000 0.048780
1 0.433333 0.332927 0.080000 0.051220
1 0.026667 0.373171 0.053333 0.048780
1 0.096667 0.352439 0.066667 0.041463
1 0.198333 0.375610 0.076667 0.048780
1 0.330000 0.375610 0.073333 0.048780
1 0.271667 0.351220 0.050000 0.048780
1 0.343333 0.334146 0.066667 0.053659
1 0.266667 0.309756 0.060000 0.048780
1 0.243333 0.282927 0.066667 0.048780
1 0.243333 0.240244 0.066667 0.051220
1 0.433333 0.197561 0.080000 0.048780
1 0.866667 0.180488 0.066667 0.048780
1 0.773333 0.104878 0.080000 0.053659
1 0.908333 0.104878 0.070000 0.053659
1 0.183333 0.168293 0.060000 0.048780
1 0.385000 0.136585 0.056667 0.043902
1 0.371667 0.115854 0.056667 0.041463
1 0.138333 0.151220 0.056667 0.048780
1 0.073333 0.126829 0.066667 0.048780
1 0.128333 0.109756 0.076667 0.048780
1 0.046667 0.076829 0.053333 0.041463
1 0.330000 0.065854 0.053333 0.039024
1 0.288333 0.017073 0.056667 0.034146
1 0.823333 0.020732 0.066667 0.041463