1 0.973333 0.878049 0.053333 0.043902
1 0.520000 0.980488 0.060000 0.039024
1 0.206667 0.907317 0.066667 0.053659
1 0.260000 0.969512 0.073333 0.060976
1 0.173333 0.974390 0.073333 0.051220
1 0.018333 0.939024 0.036667 0.043902
1 0.070000 0.978049 0.073333 0.043902
1 0.570000 0.707317 0.080000 0.053659
1 0.656667 0.702439 0.073333 0.043902
1 0.026667 0.702439 0.053333 0.043902
1 0.033333 0.665854 0.060000 0.043902
1 0.296667 0.653659 0.080000 0.043902
1 0.583333 0.585366 0.080000 0.053659
1 0.976667 0.419512 0.046667 0.048780
1 0.050000 0.500000 0.066667 0.048780
1 0.133333 0.504878 0.073333 0.048780
1 0.450000 0.548780 0.073333 0.053659
1 0.720000 0.365854 0.066667 0.043902
1 0.706667 0.392683 0.080000 0.039024
1 0.920000 0.207317 0.060000 0.043902
1 0.123333 0.409756 0.046667 0.043902
1 0.136667 0.409756 0.040000 0.048780
1 0.343333 0.531707 0.053333 0.039024
1 0.516667 0.460976 0.060000 0.053659
1 0.353333 0.490244 0.066667 0.043902
1 0.403333 0.502439 0.060000 0.048780
1 0.276667 0.446341 0.080000 0.058537
1 0.396667 0.436585 0.073333 0.048780
1 0.373333 0.395122 0.086667 0.048780
1 0.266667 0.370732 0.066667 0.058537
1 0.556667 0.321951 0.066667 0.048780
1 0.596667 0.385366 0.066667 0.043902
1 0.553333 0.395122 0.066667 0.043902
1 0.720000 0.151220 0.060000 0.053659
1 0.653333 0.114634 0.066667 0.048780
1 0.576667 0.175610 0.066667 0.063415
1 0.506667 0.239024 0.086667 0.039024
1 0.490000 0.273171 0.086667 0.039024
1 0.323333 0.317073 0.073333 0.053659
1 0.286667 0.273171 0.080000 0.048780
1 0.313333 0.195122 0.066667 0.043902
1 0.310000 0.156098 0.053333 0.043902
1 0.043333 0.243902 0.073333 0.039024
1 0.090000 0.234146 0.073333 0.048780
1 0.038333 0.200000 0.076667 0.043902
1 0.203333 0.168293 0.060000 0.039024
1 0.173333 0.141463 0.073333 0.053659
1 0.153333 0.082927 0.066667 0.048780
1 0.180000 0.053659 0.060000 0.039024
1 0.036667 0.092683 0.066667 0.043902