0 0.009259 0.319444 0.018519 0.111111
0 0.011574 0.458333 0.023148 0.111111
0 0.013889 0.569444 0.024691 0.138889
0 0.011574 0.666667 0.023148 0.111111
0 0.038580 0.722222 0.024691 0.111111
0 0.060185 0.666667 0.021605 0.111111
0 0.084877 0.541667 0.021605 0.111111
0 0.086420 0.402778 0.021605 0.138889
0 0.075617 0.347222 0.018519 0.138889
0 0.128086 0.222222 0.018519 0.111111
0 0.111111 0.416667 0.018519 0.111111
0 0.103395 0.500000 0.018519 0.111111
0 0.104938 0.569444 0.018519 0.111111
0 0.128086 0.638889 0.012346 0.166667
0 0.141975 0.638889 0.012346 0.166667
0 0.151235 0.652778 0.009259 0.166667
0 0.168210 0.611111 0.015432 0.166667
0 0.131173 0.500000 0.018519 0.138889
0 0.141975 0.416667 0.018519 0.166667
0 0.186728 0.430556 0.018519 0.111111
0 0.223765 0.319444 0.021605 0.138889
0 0.192901 0.513889 0.015432 0.166667
0 0.217593 0.416667 0.021605 0.111111
0 0.209877 0.569444 0.021605 0.111111
0 0.229938 0.527778 0.021605 0.111111
0 0.225309 0.597222 0.024691 0.083333
0 0.212963 0.736111 0.021605 0.111111
0 0.237654 0.652778 0.012346 0.194444
0 0.240741 0.444444 0.021605 0.111111
0 0.259259 0.416667 0.012346 0.111111
0 0.271605 0.472222 0.018519 0.111111
0 0.273148 0.569444 0.018519 0.111111
0 0.283951 0.444444 0.018519 0.111111
0 0.305556 0.444444 0.018519 0.138889
0 0.300926 0.555556 0.018519 0.111111
0 0.344136 0.416667 0.021605 0.138889
0 0.353395 0.291667 0.012346 0.138889
0 0.353395 0.472222 0.012346 0.166667
0 0.351852 0.513889 0.018519 0.111111
0 0.353395 0.638889 0.018519 0.111111
0 0.384259 0.722222 0.024691 0.194444
0 0.381173 0.541667 0.018519 0.111111
0 0.387346 0.430556 0.024691 0.138889
0 0.415123 0.402778 0.021605 0.111111
0 0.421296 0.500000 0.021605 0.111111
0 0.401235 0.583333 0.021605 0.138889
0 0.419753 0.680556 0.012346 0.166667
0 0.444444 0.555556 0.018519 0.111111
0 0.464506 0.597222 0.012346 0.194444
0 0.479938 0.611111 0.021605 0.111111
0 0.472222 0.375000 0.021605 0.138889
0 0.503086 0.375000 0.021605 0.111111
0 0.513889 0.430556 0.021605 0.111111
0 0.512346 0.513889 0.021605 0.111111
0 0.509259 0.750000 0.012346 0.111111
0 0.527778 0.625000 0.021605 0.111111
0 0.540123 0.444444 0.021605 0.111111
0 0.532407 0.402778 0.021605 0.111111
0 0.537037 0.291667 0.012346 0.166667
0 0.555556 0.347222 0.024691 0.111111
0 0.577160 0.583333 0.018519 0.138889
0 0.581790 0.458333 0.018519 0.111111
0 0.589506 0.250000 0.021605 0.111111
0 0.628086 0.527778 0.018519 0.111111
0 0.640432 0.555556 0.018519 0.111111
0 0.641975 0.638889 0.021605 0.111111
0 0.655864 0.333333 0.018519 0.166667
0 0.658951 0.458333 0.018519 0.111111
0 0.652778 0.388889 0.018519 0.111111
0 0.675926 0.361111 0.018519 0.111111
0 0.680556 0.569444 0.024691 0.194444
0 0.695988 0.416667 0.018519 0.111111
0 0.714506 0.541667 0.018519 0.138889
0 0.706790 0.625000 0.018519 0.138889
0 0.742284 0.541667 0.012346 0.222222
0 0.759259 0.444444 0.018519 0.111111
0 0.757716 0.541667 0.018519 0.111111
0 0.783951 0.472222 0.018519 0.111111
0 0.796296 0.569444 0.024691 0.138889
0 0.793210 0.791667 0.012346 0.111111
0 0.816358 0.486111 0.021605 0.111111
0 0.804012 0.458333 0.024691 0.111111
0 0.799383 0.291667 0.015432 0.111111
0 0.836420 0.333333 0.024691 0.111111
0 0.837963 0.444444 0.024691 0.138889
0 0.842593 0.486111 0.024691 0.111111
0 0.847222 0.666667 0.021605 0.111111
0 0.853395 0.763889 0.024691 0.111111
0 0.884259 0.777778 0.015432 0.083333
0 0.859568 0.569444 0.021605 0.111111
0 0.861111 0.263889 0.012346 0.111111
0 0.902778 0.263889 0.021605 0.111111
0 0.890432 0.444444 0.012346 0.166667
0 0.890432 0.652778 0.012346 0.166667
0 0.922840 0.527778 0.024691 0.083333
0 0.913580 0.430556 0.012346 0.166667
0 0.933642 0.361111 0.021605 0.111111
0 0.950617 0.250000 0.021605 0.083333
0 0.986111 0.250000 0.012346 0.083333
0 0.984568 0.375000 0.018519 0.111111
0 0.967593 0.458333 0.021605 0.138889
0 0.953704 0.611111 0.021605 0.194444
0 0.976852 0.541667 0.021605 0.111111
0 0.975309 0.777778 0.012346 0.222222