0 0.030864 0.222222 0.018519 0.111111
0 0.021605 0.416667 0.021605 0.111111
0 0.054012 0.291667 0.021605 0.111111
0 0.080247 0.208333 0.021605 0.111111
0 0.074074 0.444444 0.021605 0.194444
0 0.072531 0.541667 0.021605 0.138889
0 0.043210 0.555556 0.018519 0.138889
0 0.129630 0.569444 0.024691 0.138889
0 0.132716 0.472222 0.024691 0.138889
0 0.169753 0.375000 0.021605 0.138889
0 0.188272 0.472222 0.015432 0.194444
0 0.168210 0.472222 0.024691 0.111111
0 0.175926 0.583333 0.015432 0.194444
0 0.158951 0.750000 0.018519 0.138889
0 0.180556 0.763889 0.021605 0.138889
0 0.234568 0.583333 0.021605 0.111111
0 0.236111 0.527778 0.015432 0.166667
0 0.231481 0.361111 0.018519 0.111111
0 0.237654 0.361111 0.018519 0.166667
0 0.245370 0.208333 0.018519 0.111111
0 0.257716 0.388889 0.021605 0.111111
0 0.274691 0.611111 0.021605 0.111111
0 0.266975 0.541667 0.012346 0.166667
0 0.263889 0.458333 0.018519 0.111111
0 0.282407 0.361111 0.021605 0.111111
0 0.277778 0.541667 0.012346 0.111111
0 0.297840 0.541667 0.024691 0.111111
0 0.299383 0.708333 0.012346 0.166667
0 0.310185 0.763889 0.021605 0.138889
0 0.322531 0.597222 0.012346 0.166667
0 0.307099 0.500000 0.018519 0.138889
0 0.302469 0.375000 0.021605 0.111111
0 0.302469 0.277778 0.021605 0.138889
0 0.316358 0.291667 0.015432 0.166667
0 0.324074 0.333333 0.012346 0.138889
0 0.317901 0.402778 0.018519 0.111111
0 0.365741 0.291667 0.021605 0.138889
0 0.350309 0.319444 0.021605 0.111111
0 0.350309 0.444444 0.018519 0.138889
0 0.351852 0.513889 0.018519 0.111111
0 0.354938 0.638889 0.024691 0.111111
0 0.345679 0.583333 0.012346 0.111111
0 0.345679 0.736111 0.009259 0.138889
0 0.342593 0.763889 0.018519 0.138889
0 0.364198 0.680556 0.018519 0.111111
0 0.373457 0.611111 0.015432 0.138889
0 0.379630 0.736111 0.018519 0.111111
0 0.388889 0.694444 0.018519 0.111111
0 0.393519 0.638889 0.018519 0.111111
0 0.368827 0.375000 0.018519 0.111111
0 0.395062 0.347222 0.018519 0.138889
0 0.385802 0.500000 0.018519 0.166667
0 0.412037 0.597222 0.018519 0.138889
0 0.390432 0.430556 0.012346 0.111111
0 0.378086 0.375000 0.012346 0.138889
0 0.429012 0.750000 0.012346 0.083333
0 0.442901 0.763889 0.015432 0.138889
0 0.433642 0.680556 0.018519 0.111111
0 0.422840 0.694444 0.015432 0.138889
0 0.419753 0.500000 0.012346 0.166667
0 0.439815 0.500000 0.018519 0.111111
0 0.450617 0.583333 0.018519 0.138889
0 0.461420 0.527778 0.018519 0.111111
0 0.473765 0.763889 0.021605 0.138889
0 0.487654 0.750000 0.018519 0.138889
0 0.504630 0.777778 0.018519 0.111111
0 0.501543 0.694444 0.021605 0.138889
0 0.518519 0.708333 0.021605 0.138889
0 0.509259 0.611111 0.015432 0.138889
0 0.498457 0.569444 0.018519 0.138889
0 0.469136 0.402778 0.012346 0.138889
0 0.447531 0.361111 0.012346 0.083333
0 0.435185 0.347222 0.009259 0.138889
0 0.436728 0.222222 0.018519 0.083333
0 0.450617 0.291667 0.012346 0.166667
0 0.484568 0.263889 0.012346 0.111111
0 0.509259 0.333333 0.018519 0.111111
0 0.521605 0.513889 0.009259 0.166667
0 0.529321 0.583333 0.009259 0.166667
0 0.535494 0.694444 0.018519 0.111111
0 0.555556 0.611111 0.018519 0.083333
0 0.532407 0.458333 0.012346 0.166667
0 0.546296 0.402778 0.018519 0.138889
0 0.547840 0.305556 0.018519 0.138889
0 0.583333 0.722222 0.018519 0.111111
0 0.570988 0.458333 0.018519 0.111111
0 0.583333 0.638889 0.015432 0.166667
0 0.552469 0.513889 0.012346 0.138889
0 0.547840 0.583333 0.018519 0.166667
0 0.472222 0.597222 0.018519 0.111111
0 0.492284 0.458333 0.018519 0.111111
0 0.492284 0.416667 0.012346 0.194444
0 0.603395 0.652778 0.012346 0.166667
0 0.621914 0.638889 0.021605 0.111111
0 0.620370 0.527778 0.021605 0.111111
0 0.611111 0.444444 0.015432 0.166667
0 0.629630 0.250000 0.015432 0.111111
0 0.631173 0.402778 0.018519 0.166667
0 0.631173 0.541667 0.012346 0.166667
0 0.648148 0.555556 0.018519 0.138889
0 0.658951 0.541667 0.015432 0.166667
0 0.648148 0.416667 0.015432 0.111111
0 0.654321 0.347222 0.018519 0.138889
0 0.683642 0.458333 0.018519 0.138889
0 0.679012 0.680556 0.018519 0.111111
0 0.679012 0.777778 0.018519 0.111111
0 0.700617 0.736111 0.021605 0.083333
0 0.694444 0.666667 0.018519 0.111111
0 0.682099 0.597222 0.018519 0.138889
0 0.700617 0.569444 0.021605 0.111111
0 0.719136 0.694444 0.015432 0.250000
0 0.729938 0.486111 0.024691 0.166667
0 0.711420 0.444444 0.018519 0.138889
0 0.763889 0.583333 0.021605 0.138889
0 0.788580 0.652778 0.021605 0.194444
0 0.819444 0.722222 0.024691 0.166667
0 0.831790 0.555556 0.021605 0.111111
0 0.837963 0.444444 0.027778 0.138889
0 0.890432 0.597222 0.024691 0.166667
0 0.941358 0.763889 0.021605 0.138889
0 0.984568 0.763889 0.018519 0.138889
0 0.979938 0.305556 0.021605 0.138889
0 0.805556 0.444444 0.012346 0.166667