0 0.004630 0.458333 0.009259 0.166667
0 0.013889 0.486111 0.012346 0.250000
0 0.027778 0.361111 0.018519 0.138889
0 0.049383 0.333333 0.021605 0.166667
0 0.021605 0.597222 0.021605 0.138889
0 0.038580 0.569444 0.024691 0.111111
0 0.046296 0.486111 0.024691 0.111111
0 0.061728 0.430556 0.024691 0.138889
0 0.070988 0.347222 0.024691 0.111111
0 0.055556 0.597222 0.021605 0.138889
0 0.070988 0.569444 0.021605 0.138889
0 0.078704 0.652778 0.024691 0.138889
0 0.077160 0.583333 0.015432 0.166667
0 0.106481 0.305556 0.021605 0.138889
0 0.109568 0.444444 0.018519 0.222222
0 0.103395 0.555556 0.024691 0.222222
0 0.134259 0.458333 0.024691 0.138889
0 0.123457 0.236111 0.015432 0.138889
0 0.174383 0.444444 0.024691 0.138889
0 0.191358 0.430556 0.021605 0.138889
0 0.206790 0.527778 0.024691 0.138889
0 0.223765 0.750000 0.021605 0.138889
0 0.231481 0.388889 0.024691 0.138889
0 0.242284 0.430556 0.021605 0.111111
0 0.253086 0.486111 0.021605 0.111111
0 0.263889 0.583333 0.024691 0.138889
0 0.263889 0.430556 0.018519 0.138889
0 0.285494 0.222222 0.021605 0.111111
0 0.324074 0.375000 0.021605 0.138889
0 0.311728 0.569444 0.021605 0.138889
0 0.293210 0.694444 0.012346 0.166667
0 0.339506 0.597222 0.021605 0.111111
0 0.341049 0.708333 0.021605 0.111111
0 0.396605 0.652778 0.024691 0.138889
0 0.432099 0.583333 0.018519 0.083333
0 0.441358 0.541667 0.021605 0.194444
0 0.475309 0.611111 0.021605 0.138889
0 0.520062 0.486111 0.024691 0.111111
0 0.527778 0.722222 0.018519 0.166667
0 0.574074 0.722222 0.012346 0.166667
0 0.583333 0.541667 0.021605 0.138889
0 0.595679 0.611111 0.018519 0.138889
0 0.623457 0.652778 0.018519 0.138889
0 0.611111 0.569444 0.018519 0.111111
0 0.626543 0.402778 0.018519 0.111111
0 0.640432 0.513889 0.018519 0.166667
0 0.660494 0.583333 0.018519 0.111111
0 0.686728 0.472222 0.015432 0.194444
0 0.705247 0.416667 0.021605 0.138889
0 0.709877 0.583333 0.018519 0.166667
0 0.743827 0.722222 0.018519 0.138889
0 0.765432 0.666667 0.021605 0.138889
0 0.760802 0.583333 0.012346 0.222222
0 0.776235 0.541667 0.018519 0.166667
0 0.790123 0.250000 0.018519 0.111111
0 0.799383 0.416667 0.024691 0.111111
0 0.802469 0.527778 0.018519 0.111111
0 0.799383 0.611111 0.024691 0.138889
0 0.814815 0.583333 0.021605 0.138889
0 0.817901 0.305556 0.018519 0.111111
0 0.731481 0.555556 0.018519 0.111111
0 0.739198 0.500000 0.018519 0.111111
0 0.830247 0.513889 0.021605 0.111111
0 0.841049 0.458333 0.021605 0.111111
0 0.847222 0.611111 0.012346 0.166667
0 0.842593 0.763889 0.018519 0.111111
0 0.851852 0.708333 0.018519 0.138889
0 0.864198 0.652778 0.018519 0.138889
0 0.864198 0.527778 0.018519 0.111111
0 0.864198 0.472222 0.018519 0.138889
0 0.882716 0.486111 0.018519 0.111111
0 0.884259 0.625000 0.015432 0.166667
0 0.905864 0.472222 0.018519 0.138889
0 0.895062 0.777778 0.015432 0.111111
0 0.916667 0.750000 0.018519 0.138889
0 0.929012 0.708333 0.018519 0.138889
0 0.939815 0.652778 0.018519 0.138889
0 0.922840 0.611111 0.015432 0.166667
0 0.925926 0.513889 0.018519 0.138889
0 0.924383 0.416667 0.021605 0.138889
0 0.908951 0.638889 0.018519 0.138889
0 0.935185 0.472222 0.015432 0.166667
0 0.953704 0.375000 0.015432 0.166667
0 0.952160 0.625000 0.015432 0.166667
0 0.964506 0.791667 0.015432 0.111111
0 0.970679 0.625000 0.021605 0.111111
0 0.962963 0.555556 0.021605 0.138889
0 0.964506 0.458333 0.024691 0.138889
0 0.981481 0.527778 0.018519 0.166667
0 0.991512 0.625000 0.016975 0.166667
0 0.991512 0.694444 0.016975 0.138889
0 0.992284 0.805556 0.012346 0.138889
0 0.992284 0.361111 0.012346 0.111111