0 0.023148 0.361111 0.018519 0.138889
0 0.041667 0.361111 0.012346 0.138889
0 0.080247 0.513889 0.024691 0.138889
0 0.026235 0.611111 0.018519 0.138889
0 0.027778 0.708333 0.012346 0.166667
0 0.024691 0.833333 0.015432 0.138889
0 0.016975 0.819444 0.012346 0.166667
0 0.050926 0.805556 0.021605 0.138889
0 0.075617 0.805556 0.021605 0.138889
0 0.111111 0.833333 0.021605 0.111111
0 0.111111 0.486111 0.021605 0.138889
0 0.111111 0.388889 0.021605 0.138889
0 0.146605 0.388889 0.021605 0.138889
0 0.168210 0.333333 0.021605 0.111111
0 0.135802 0.597222 0.018519 0.111111
0 0.149691 0.694444 0.018519 0.111111
0 0.183642 0.777778 0.018519 0.111111
0 0.199074 0.819444 0.015432 0.111111
0 0.262346 0.722222 0.018519 0.166667
0 0.220679 0.569444 0.024691 0.111111
0 0.342593 0.375000 0.018519 0.111111
0 0.618827 0.805556 0.018519 0.138889
0 0.618827 0.472222 0.018519 0.111111
0 0.646605 0.555556 0.018519 0.194444
0 0.705247 0.791667 0.021605 0.194444
0 0.780864 0.750000 0.021605 0.194444
0 0.833333 0.541667 0.018519 0.194444
0 0.858025 0.611111 0.024691 0.138889
0 0.885802 0.875000 0.021605 0.194444
0 0.884259 0.527778 0.024691 0.138889
0 0.868827 0.402778 0.018519 0.083333
0 0.916667 0.388889 0.018519 0.111111
0 0.927469 0.500000 0.027778 0.111111
0 0.945988 0.875000 0.018519 0.194444
0 0.986883 0.875000 0.026235 0.138889
0 0.995370 0.902778 0.009259 0.111111
0 0.996914 0.763889 0.006173 0.111111
0 0.992284 0.722222 0.015432 0.138889
0 0.992284 0.597222 0.012346 0.166667
0 0.969136 0.652778 0.021605 0.138889
0 0.959877 0.430556 0.024691 0.138889
0 0.973765 0.416667 0.015432 0.138889
0 0.983025 0.402778 0.012346 0.111111
0 0.983025 0.486111 0.018519 0.111111