0 0.021605 0.333333 0.015432 0.111111
0 0.046296 0.319444 0.018519 0.111111
0 0.069444 0.430556 0.024691 0.138889
0 0.041667 0.500000 0.021605 0.111111
0 0.026235 0.847222 0.021605 0.138889
0 0.077160 0.569444 0.021605 0.138889
0 0.091049 0.750000 0.024691 0.138889
0 0.111111 0.680556 0.021605 0.138889
0 0.117284 0.791667 0.021605 0.138889
0 0.131173 0.638889 0.012346 0.222222
0 0.154321 0.527778 0.024691 0.194444
0 0.163580 0.555556 0.018519 0.138889
0 0.174383 0.361111 0.024691 0.138889
0 0.182099 0.597222 0.021605 0.111111
0 0.199074 0.527778 0.024691 0.111111
0 0.214506 0.486111 0.021605 0.138889
0 0.211420 0.638889 0.021605 0.111111
0 0.212963 0.722222 0.018519 0.111111
0 0.239198 0.777778 0.024691 0.138889
0 0.245370 0.680556 0.024691 0.138889
0 0.266975 0.888889 0.024691 0.166667
0 0.291667 0.861111 0.018519 0.111111
0 0.300926 0.791667 0.018519 0.111111
0 0.265432 0.625000 0.018519 0.166667
0 0.266975 0.361111 0.012346 0.138889
0 0.302469 0.333333 0.021605 0.111111
0 0.314815 0.736111 0.015432 0.194444
0 0.320988 0.833333 0.018519 0.166667
0 0.333333 0.819444 0.015432 0.166667
0 0.342593 0.694444 0.018519 0.222222
0 0.337963 0.361111 0.018519 0.111111
0 0.307099 0.472222 0.012346 0.166667
0 0.351852 0.583333 0.012346 0.166667
0 0.359568 0.430556 0.018519 0.166667
0 0.381173 0.402778 0.018519 0.138889
0 0.370370 0.486111 0.018519 0.166667
0 0.370370 0.597222 0.018519 0.166667
0 0.361111 0.791667 0.021605 0.138889
0 0.382716 0.611111 0.012346 0.166667
0 0.390432 0.513889 0.018519 0.138889
0 0.393519 0.430556 0.018519 0.138889
0 0.419753 0.500000 0.018519 0.111111
0 0.416667 0.680556 0.015432 0.194444
0 0.430556 0.680556 0.024691 0.111111
0 0.416667 0.819444 0.015432 0.166667
0 0.424383 0.875000 0.021605 0.111111
0 0.447531 0.472222 0.012346 0.166667
0 0.489198 0.875000 0.018519 0.138889
0 0.512346 0.861111 0.018519 0.138889
0 0.513889 0.708333 0.021605 0.111111
0 0.506173 0.486111 0.012346 0.194444
0 0.521605 0.652778 0.027778 0.138889
0 0.532407 0.388889 0.012346 0.111111
0 0.532407 0.777778 0.012346 0.166667
0 0.538580 0.861111 0.021605 0.138889
0 0.555556 0.888889 0.018519 0.111111
0 0.567901 0.694444 0.021605 0.138889
0 0.617284 0.902778 0.018519 0.138889
0 0.560185 0.791667 0.012346 0.166667
0 0.689815 0.763889 0.018519 0.166667
0 0.700617 0.694444 0.015432 0.222222
0 0.697531 0.902778 0.015432 0.166667
0 0.712963 0.861111 0.021605 0.166667
0 0.740741 0.791667 0.021605 0.138889
0 0.739198 0.888889 0.021605 0.111111
0 0.762346 0.375000 0.021605 0.111111
0 0.669753 0.819444 0.018519 0.166667
0 0.797840 0.666667 0.021605 0.138889
0 0.817901 0.763889 0.021605 0.138889
0 0.839506 0.833333 0.024691 0.138889
0 0.810185 0.555556 0.024691 0.138889
0 0.794753 0.500000 0.021605 0.138889
0 0.808642 0.375000 0.018519 0.111111
0 0.777778 0.458333 0.015432 0.166667
0 0.871914 0.416667 0.021605 0.138889
0 0.876543 0.763889 0.024691 0.138889
0 0.902778 0.763889 0.024691 0.138889
0 0.966049 0.916667 0.021605 0.166667
0 0.662037 0.472222 0.018519 0.111111
0 0.608025 0.597222 0.018519 0.111111
0 0.589506 0.847222 0.021605 0.111111
0 0.947531 0.625000 0.018519 0.111111
0 0.919753 0.750000 0.021605 0.111111