0 0.020062 0.347222 0.015432 0.194444
0 0.032407 0.458333 0.024691 0.138889
0 0.023148 0.555556 0.021605 0.138889
0 0.077160 0.347222 0.024691 0.111111
0 0.086420 0.263889 0.024691 0.138889
0 0.097222 0.305556 0.021605 0.111111
0 0.114198 0.375000 0.021605 0.138889
0 0.097222 0.416667 0.024691 0.111111
0 0.095679 0.513889 0.027778 0.138889
0 0.083333 0.597222 0.024691 0.138889
0 0.125000 0.666667 0.021605 0.166667
0 0.134259 0.583333 0.018519 0.222222
0 0.152778 0.208333 0.018519 0.111111
0 0.180556 0.263889 0.024691 0.138889
0 0.192901 0.222222 0.012346 0.111111
0 0.185185 0.569444 0.018519 0.194444
0 0.202160 0.527778 0.018519 0.111111
0 0.217593 0.583333 0.018519 0.166667
0 0.214506 0.430556 0.024691 0.138889
0 0.219136 0.291667 0.012346 0.138889
0 0.231481 0.388889 0.018519 0.166667
0 0.260802 0.375000 0.021605 0.138889
0 0.271605 0.472222 0.012346 0.166667
0 0.260802 0.569444 0.018519 0.111111
0 0.246914 0.541667 0.018519 0.138889
0 0.243827 0.680556 0.018519 0.111111
0 0.243827 0.763889 0.015432 0.138889
0 0.262346 0.777778 0.018519 0.111111
0 0.259259 0.708333 0.021605 0.111111
0 0.287037 0.750000 0.018519 0.166667
0 0.253086 0.638889 0.018519 0.138889
0 0.270062 0.666667 0.015432 0.166667
0 0.285494 0.569444 0.015432 0.166667
0 0.310185 0.736111 0.018519 0.138889
0 0.302469 0.555556 0.018519 0.166667
0 0.311728 0.638889 0.018519 0.111111
0 0.339506 0.736111 0.018519 0.138889
0 0.325617 0.680556 0.018519 0.111111
0 0.330247 0.638889 0.018519 0.138889
0 0.319444 0.555556 0.018519 0.111111
0 0.313272 0.486111 0.018519 0.138889
0 0.341049 0.569444 0.018519 0.166667
0 0.322531 0.458333 0.012346 0.166667
0 0.331790 0.361111 0.024691 0.138889
0 0.324074 0.263889 0.021605 0.111111
0 0.304012 0.236111 0.012346 0.111111
0 0.345679 0.444444 0.015432 0.166667
0 0.356481 0.486111 0.015432 0.111111
0 0.356481 0.597222 0.018519 0.111111
0 0.375000 0.388889 0.018519 0.166667
0 0.371914 0.541667 0.018519 0.166667
0 0.378086 0.611111 0.018519 0.138889
0 0.384259 0.666667 0.024691 0.111111
0 0.376543 0.736111 0.021605 0.111111
0 0.424383 0.763889 0.021605 0.111111
0 0.395062 0.611111 0.018519 0.111111
0 0.395062 0.569444 0.012346 0.194444
0 0.415123 0.541667 0.018519 0.138889
0 0.425926 0.472222 0.018519 0.166667
0 0.435185 0.305556 0.015432 0.166667
0 0.450617 0.416667 0.015432 0.138889
0 0.461420 0.513889 0.018519 0.111111
0 0.464506 0.597222 0.018519 0.111111
0 0.483025 0.680556 0.021605 0.138889
0 0.486111 0.388889 0.021605 0.083333
0 0.487654 0.347222 0.018519 0.138889
0 0.496914 0.597222 0.012346 0.166667
0 0.509259 0.611111 0.018519 0.111111
0 0.533951 0.305556 0.018519 0.111111
0 0.506173 0.500000 0.018519 0.166667
0 0.518519 0.583333 0.012346 0.166667
0 0.524691 0.430556 0.015432 0.138889
0 0.529321 0.583333 0.012346 0.194444
0 0.527778 0.708333 0.021605 0.111111
0 0.540123 0.777778 0.018519 0.111111
0 0.570988 0.791667 0.021605 0.138889
0 0.552469 0.722222 0.018519 0.111111
0 0.543210 0.666667 0.015432 0.194444
0 0.541667 0.513889 0.018519 0.111111
0 0.541667 0.458333 0.018519 0.138889
0 0.547840 0.333333 0.012346 0.138889
0 0.567901 0.291667 0.018519 0.138889
0 0.560185 0.430556 0.018519 0.138889
0 0.572531 0.555556 0.012346 0.194444
0 0.558642 0.583333 0.018519 0.166667
0 0.594136 0.736111 0.018519 0.138889
0 0.603395 0.763889 0.012346 0.111111
0 0.587963 0.611111 0.018519 0.111111
0 0.606481 0.652778 0.021605 0.111111
0 0.583333 0.375000 0.015432 0.111111
0 0.597222 0.305556 0.021605 0.111111
0 0.603395 0.347222 0.009259 0.166667
0 0.615741 0.416667 0.021605 0.111111
0 0.623457 0.347222 0.012346 0.166667
0 0.649691 0.305556 0.012346 0.166667
0 0.611111 0.541667 0.012346 0.166667
0 0.615741 0.652778 0.015432 0.166667
0 0.641975 0.763889 0.030864 0.138889
0 0.643519 0.638889 0.027778 0.111111
0 0.686728 0.736111 0.024691 0.111111
0 0.668210 0.680556 0.021605 0.111111
0 0.655864 0.597222 0.021605 0.111111
0 0.646605 0.527778 0.024691 0.111111
0 0.680556 0.472222 0.024691 0.111111
0 0.709877 0.541667 0.024691 0.111111
0 0.719136 0.402778 0.021605 0.111111
0 0.745370 0.430556 0.024691 0.111111
0 0.743827 0.513889 0.018519 0.111111
0 0.726852 0.486111 0.021605 0.083333
0 0.733025 0.597222 0.021605 0.083333
0 0.768519 0.666667 0.024691 0.111111
0 0.773148 0.569444 0.024691 0.111111
0 0.790123 0.597222 0.021605 0.111111
0 0.816358 0.652778 0.018519 0.166667
0 0.780864 0.361111 0.021605 0.138889
0 0.788580 0.277778 0.021605 0.111111
0 0.825617 0.319444 0.024691 0.138889
0 0.834877 0.416667 0.018519 0.138889
0 0.881173 0.500000 0.021605 0.138889
0 0.899691 0.541667 0.021605 0.138889
0 0.888889 0.652778 0.024691 0.138889
0 0.873457 0.819444 0.021605 0.138889
0 0.905864 0.694444 0.015432 0.194444
0 0.929012 0.666667 0.021605 0.194444
0 0.935185 0.777778 0.018519 0.166667
0 0.989969 0.833333 0.020062 0.194444
0 0.972222 0.555556 0.024691 0.166667
0 0.983025 0.444444 0.024691 0.138889