0 0.038580 0.347222 0.015432 0.138889
0 0.021605 0.458333 0.024691 0.111111
0 0.015432 0.680556 0.018519 0.138889
0 0.040123 0.736111 0.024691 0.138889
0 0.060185 0.583333 0.021605 0.194444
0 0.067901 0.444444 0.024691 0.138889
0 0.075617 0.583333 0.021605 0.138889
0 0.109568 0.625000 0.018519 0.222222
0 0.121914 0.583333 0.018519 0.138889
0 0.132716 0.402778 0.021605 0.138889
0 0.145062 0.444444 0.012346 0.166667
0 0.168210 0.652778 0.024691 0.138889
0 0.169753 0.555556 0.024691 0.138889
0 0.188272 0.555556 0.024691 0.166667
0 0.208333 0.555556 0.015432 0.194444
0 0.223765 0.444444 0.024691 0.111111
0 0.231481 0.430556 0.012346 0.166667
0 0.236111 0.527778 0.024691 0.111111
0 0.248457 0.486111 0.018519 0.194444
0 0.243827 0.625000 0.024691 0.138889
0 0.243827 0.750000 0.024691 0.138889
0 0.251543 0.583333 0.012346 0.194444
0 0.256173 0.722222 0.018519 0.138889
0 0.263889 0.861111 0.018519 0.166667
0 0.282407 0.819444 0.024691 0.138889
0 0.271605 0.694444 0.021605 0.138889
0 0.271605 0.583333 0.024691 0.111111
0 0.270062 0.500000 0.024691 0.111111
0 0.300926 0.458333 0.021605 0.111111
0 0.313272 0.402778 0.015432 0.166667
0 0.296296 0.569444 0.018519 0.138889
0 0.280864 0.694444 0.018519 0.111111
0 0.296296 0.791667 0.018519 0.194444
0 0.310185 0.902778 0.018519 0.194444
0 0.310185 0.694444 0.018519 0.166667
0 0.320988 0.638889 0.018519 0.111111
0 0.325617 0.569444 0.018519 0.111111
0 0.314815 0.583333 0.015432 0.166667
0 0.333333 0.472222 0.018519 0.111111
0 0.339506 0.583333 0.018519 0.138889
0 0.341049 0.805556 0.018519 0.111111
0 0.322531 0.750000 0.012346 0.138889
0 0.350309 0.625000 0.024691 0.111111
0 0.339506 0.750000 0.012346 0.166667
0 0.364198 0.486111 0.030864 0.138889
0 0.370370 0.666667 0.015432 0.166667
0 0.373457 0.694444 0.021605 0.111111
0 0.373457 0.888889 0.021605 0.138889
0 0.390432 0.819444 0.024691 0.138889
0 0.390432 0.708333 0.018519 0.111111
0 0.378086 0.486111 0.018519 0.138889
0 0.453704 0.361111 0.015432 0.111111
0 0.442901 0.416667 0.021605 0.111111
0 0.432099 0.500000 0.018519 0.111111
0 0.436728 0.694444 0.018519 0.138889
0 0.435185 0.763889 0.018519 0.111111
0 0.461420 0.833333 0.018519 0.111111
0 0.452160 0.722222 0.015432 0.194444
0 0.469136 0.555556 0.015432 0.194444
0 0.473765 0.611111 0.018519 0.138889
0 0.478395 0.722222 0.018519 0.138889
0 0.475309 0.888889 0.012346 0.166667
0 0.483025 0.458333 0.015432 0.111111
0 0.512346 0.430556 0.018519 0.166667
0 0.507716 0.541667 0.015432 0.166667
0 0.495370 0.569444 0.021605 0.111111
0 0.500000 0.458333 0.018519 0.166667
0 0.496914 0.652778 0.018519 0.111111
0 0.504630 0.861111 0.015432 0.166667
0 0.524691 0.902778 0.021605 0.111111
0 0.518519 0.750000 0.018519 0.138889
0 0.523148 0.805556 0.021605 0.083333
0 0.529321 0.680556 0.012346 0.166667
0 0.547840 0.833333 0.012346 0.166667
0 0.555556 0.888889 0.018519 0.111111
0 0.524691 0.541667 0.018519 0.166667
0 0.538580 0.583333 0.018519 0.111111
0 0.546296 0.638889 0.018519 0.111111
0 0.547840 0.444444 0.021605 0.138889
0 0.560185 0.527778 0.012346 0.166667
0 0.569444 0.541667 0.015432 0.138889
0 0.574074 0.805556 0.018519 0.138889
0 0.592593 0.833333 0.018519 0.138889
0 0.615741 0.888889 0.021605 0.138889
0 0.640432 0.875000 0.012346 0.166667
0 0.606481 0.777778 0.018519 0.111111
0 0.634259 0.736111 0.018519 0.111111
0 0.591049 0.541667 0.015432 0.111111
0 0.620370 0.472222 0.018519 0.111111
0 0.634259 0.402778 0.015432 0.138889
0 0.655864 0.375000 0.018519 0.111111
0 0.641975 0.486111 0.021605 0.111111
0 0.657407 0.694444 0.015432 0.166667
0 0.655864 0.583333 0.012346 0.166667
0 0.620370 0.736111 0.015432 0.166667
0 0.611111 0.694444 0.018519 0.166667
0 0.594136 0.708333 0.018519 0.166667
0 0.575617 0.694444 0.018519 0.111111
0 0.682099 0.833333 0.018519 0.111111
0 0.680556 0.722222 0.012346 0.194444
0 0.686728 0.569444 0.018519 0.111111
0 0.722222 0.486111 0.024691 0.111111
0 0.705247 0.555556 0.021605 0.111111
0 0.706790 0.680556 0.015432 0.166667
0 0.697531 0.680556 0.021605 0.111111
0 0.708333 0.750000 0.021605 0.111111
0 0.745370 0.819444 0.024691 0.138889
0 0.731481 0.638889 0.021605 0.111111
0 0.745370 0.569444 0.021605 0.111111
0 0.771605 0.583333 0.018519 0.166667
0 0.836420 0.430556 0.021605 0.138889
0 0.837963 0.486111 0.021605 0.111111
0 0.824074 0.847222 0.021605 0.138889
0 0.824074 0.736111 0.012346 0.222222
0 0.842593 0.722222 0.021605 0.111111
0 0.850309 0.819444 0.021605 0.138889
0 0.867284 0.847222 0.024691 0.138889
0 0.915123 0.666667 0.024691 0.138889
0 0.941358 0.791667 0.015432 0.194444
0 0.961420 0.694444 0.024691 0.111111
0 0.944444 0.472222 0.024691 0.138889
0 0.987654 0.430556 0.024691 0.111111
0 0.986111 0.555556 0.018519 0.166667
0 0.975309 0.555556 0.018519 0.111111
0 0.988426 0.666667 0.023148 0.138889
0 0.995370 0.888889 0.009259 0.138889