0 0.054012 0.305556 0.018519 0.194444
0 0.040123 0.402778 0.015432 0.222222
0 0.057099 0.569444 0.024691 0.166667
0 0.074074 0.430556 0.024691 0.138889
0 0.097222 0.472222 0.024691 0.138889
0 0.103395 0.388889 0.027778 0.138889
0 0.111111 0.569444 0.027778 0.138889
0 0.120370 0.555556 0.018519 0.222222
0 0.140432 0.236111 0.018519 0.138889
0 0.152778 0.319444 0.024691 0.138889
0 0.158951 0.291667 0.012346 0.194444
0 0.138889 0.444444 0.018519 0.138889
0 0.140432 0.541667 0.018519 0.138889
0 0.155864 0.625000 0.018519 0.166667
0 0.152778 0.666667 0.027778 0.138889
0 0.165123 0.486111 0.018519 0.111111
0 0.186728 0.361111 0.024691 0.138889
0 0.177469 0.500000 0.015432 0.166667
0 0.182099 0.680556 0.018519 0.194444
0 0.191358 0.527778 0.021605 0.111111
0 0.168210 0.569444 0.015432 0.111111
0 0.211420 0.722222 0.021605 0.111111
0 0.211420 0.652778 0.021605 0.111111
0 0.208333 0.416667 0.021605 0.111111
0 0.231481 0.305556 0.024691 0.111111
0 0.243827 0.250000 0.015432 0.138889
0 0.242284 0.388889 0.021605 0.111111
0 0.220679 0.500000 0.015432 0.166667
0 0.208333 0.555556 0.021605 0.083333
0 0.231481 0.527778 0.024691 0.111111
0 0.229938 0.611111 0.018519 0.138889
0 0.237654 0.708333 0.027778 0.138889
0 0.263889 0.736111 0.021605 0.111111
0 0.243827 0.666667 0.012346 0.138889
0 0.243827 0.583333 0.018519 0.138889
0 0.256173 0.638889 0.015432 0.194444
0 0.270062 0.541667 0.018519 0.166667
0 0.274691 0.291667 0.018519 0.138889
0 0.291667 0.305556 0.018519 0.138889
0 0.276235 0.361111 0.021605 0.138889
0 0.288580 0.444444 0.015432 0.166667
0 0.290123 0.569444 0.012346 0.166667
0 0.283951 0.430556 0.021605 0.111111
0 0.304012 0.541667 0.018519 0.138889
0 0.310185 0.666667 0.012346 0.166667
0 0.322531 0.527778 0.015432 0.166667
0 0.347222 0.555556 0.021605 0.111111
0 0.354938 0.652778 0.021605 0.111111
0 0.347222 0.722222 0.018519 0.111111
0 0.371914 0.513889 0.015432 0.166667
0 0.388889 0.513889 0.018519 0.111111
0 0.393519 0.611111 0.018519 0.111111
0 0.415123 0.750000 0.021605 0.138889
0 0.413580 0.652778 0.015432 0.166667
0 0.407407 0.569444 0.018519 0.111111
0 0.413580 0.458333 0.018519 0.111111
0 0.404321 0.291667 0.018519 0.111111
0 0.419753 0.430556 0.024691 0.222222
0 0.435185 0.236111 0.012346 0.111111
0 0.438272 0.555556 0.024691 0.111111
0 0.459877 0.694444 0.021605 0.111111
0 0.459877 0.597222 0.024691 0.111111
0 0.450617 0.458333 0.018519 0.138889
0 0.462963 0.486111 0.018519 0.111111
0 0.476852 0.305556 0.024691 0.111111
0 0.486111 0.500000 0.015432 0.138889
0 0.483025 0.625000 0.015432 0.138889
0 0.498457 0.430556 0.015432 0.138889
0 0.503086 0.583333 0.018519 0.111111
0 0.526235 0.333333 0.021605 0.138889
0 0.521605 0.541667 0.018519 0.111111
0 0.520062 0.638889 0.018519 0.111111
0 0.524691 0.722222 0.018519 0.111111
0 0.532407 0.583333 0.015432 0.166667
0 0.558642 0.750000 0.018519 0.111111
0 0.581790 0.722222 0.018519 0.111111
0 0.547840 0.527778 0.012346 0.166667
0 0.555556 0.347222 0.018519 0.111111
0 0.555556 0.583333 0.012346 0.166667
0 0.570988 0.583333 0.018519 0.083333
0 0.586420 0.625000 0.012346 0.166667
0 0.597222 0.652778 0.012346 0.166667
0 0.597222 0.472222 0.018519 0.138889
0 0.603395 0.541667 0.012346 0.166667
0 0.618827 0.625000 0.018519 0.111111
0 0.634259 0.625000 0.015432 0.166667
0 0.626543 0.444444 0.015432 0.166667
0 0.620370 0.513889 0.018519 0.083333
0 0.621914 0.291667 0.021605 0.111111
0 0.652778 0.291667 0.018519 0.111111
0 0.641975 0.402778 0.018519 0.166667
0 0.652778 0.500000 0.018519 0.138889
0 0.655864 0.361111 0.018519 0.138889
0 0.671296 0.569444 0.024691 0.111111
0 0.680556 0.569444 0.018519 0.222222
0 0.691358 0.458333 0.018519 0.111111
0 0.703704 0.416667 0.018519 0.166667
0 0.689815 0.666667 0.018519 0.111111
0 0.683642 0.777778 0.018519 0.138889
0 0.705247 0.652778 0.012346 0.166667
0 0.717593 0.527778 0.018519 0.111111
0 0.723765 0.583333 0.018519 0.111111
0 0.719136 0.694444 0.015432 0.138889
0 0.733025 0.666667 0.015432 0.138889
0 0.750000 0.625000 0.024691 0.111111
0 0.771605 0.597222 0.021605 0.111111
0 0.791667 0.569444 0.021605 0.111111
0 0.790123 0.486111 0.021605 0.111111
0 0.787037 0.388889 0.018519 0.111111
0 0.804012 0.319444 0.024691 0.111111
0 0.824074 0.444444 0.021605 0.111111
0 0.824074 0.597222 0.021605 0.111111
0 0.816358 0.694444 0.009259 0.166667
0 0.844136 0.791667 0.021605 0.111111
0 0.890432 0.763889 0.021605 0.111111
0 0.888889 0.638889 0.027778 0.111111
0 0.876543 0.541667 0.030864 0.138889
0 0.888889 0.458333 0.012346 0.194444
0 0.902778 0.291667 0.021605 0.111111
0 0.935185 0.291667 0.012346 0.111111
0 0.910494 0.583333 0.027778 0.111111
0 0.929012 0.694444 0.021605 0.111111
0 0.944444 0.777778 0.024691 0.138889
0 0.986111 0.763889 0.015432 0.138889
0 0.969136 0.569444 0.024691 0.111111
0 0.949074 0.638889 0.015432 0.166667
0 0.933642 0.611111 0.018519 0.138889
0 0.935185 0.444444 0.021605 0.111111
0 0.944444 0.375000 0.015432 0.138889
0 0.962963 0.361111 0.021605 0.138889
0 0.952160 0.486111 0.018519 0.111111