0 0.013889 0.291667 0.018519 0.111111
0 0.026235 0.513889 0.018519 0.138889
0 0.015432 0.458333 0.021605 0.138889
0 0.126543 0.277778 0.024691 0.111111
0 0.114198 0.388889 0.021605 0.138889
0 0.083333 0.666667 0.021605 0.138889
0 0.117284 0.722222 0.021605 0.138889
0 0.123457 0.638889 0.021605 0.111111
0 0.148148 0.736111 0.021605 0.111111
0 0.157407 0.527778 0.021605 0.138889
0 0.165123 0.416667 0.021605 0.138889
0 0.174383 0.347222 0.018519 0.138889
0 0.195988 0.305556 0.021605 0.138889
0 0.195988 0.611111 0.021605 0.111111
0 0.186728 0.694444 0.018519 0.138889
0 0.192901 0.763889 0.021605 0.138889
0 0.211420 0.597222 0.018519 0.111111
0 0.225309 0.680556 0.018519 0.166667
0 0.226852 0.513889 0.021605 0.138889
0 0.220679 0.375000 0.018519 0.111111
0 0.229938 0.361111 0.018519 0.166667
0 0.229938 0.236111 0.021605 0.138889
0 0.253086 0.277778 0.018519 0.138889
0 0.253086 0.361111 0.021605 0.138889
0 0.243827 0.430556 0.027778 0.111111
0 0.256173 0.500000 0.024691 0.138889
0 0.248457 0.611111 0.021605 0.138889
0 0.263889 0.666667 0.018519 0.166667
0 0.254630 0.722222 0.021605 0.138889
0 0.277778 0.541667 0.015432 0.166667
0 0.282407 0.444444 0.024691 0.138889
0 0.274691 0.277778 0.018519 0.166667
0 0.334877 0.750000 0.021605 0.138889
0 0.350309 0.236111 0.018519 0.138889
0 0.358025 0.291667 0.021605 0.138889
0 0.324074 0.236111 0.021605 0.138889
0 0.308642 0.402778 0.024691 0.166667
0 0.405864 0.722222 0.024691 0.138889
0 0.506173 0.597222 0.021605 0.111111
0 0.512346 0.472222 0.015432 0.194444
0 0.538580 0.666667 0.021605 0.194444
0 0.532407 0.736111 0.024691 0.138889
0 0.535494 0.250000 0.012346 0.111111
0 0.552469 0.291667 0.018519 0.138889
0 0.595679 0.263889 0.015432 0.138889
0 0.612654 0.513889 0.024691 0.138889
0 0.649691 0.555556 0.024691 0.166667
0 0.734568 0.625000 0.021605 0.166667
0 0.766975 0.263889 0.015432 0.138889
0 0.783951 0.361111 0.024691 0.166667
0 0.828704 0.263889 0.024691 0.111111
0 0.819444 0.402778 0.015432 0.194444
0 0.848765 0.458333 0.018519 0.194444
0 0.864198 0.458333 0.015432 0.194444
0 0.918210 0.541667 0.021605 0.138889
0 0.955247 0.763889 0.027778 0.138889
0 0.952160 0.347222 0.024691 0.138889
0 0.969136 0.291667 0.024691 0.138889
0 0.816358 0.583333 0.015432 0.166667
0 0.979938 0.347222 0.018519 0.111111