0 0.981481 0.777778 0.012346 0.138889
0 0.952160 0.722222 0.021605 0.138889
0 0.882716 0.666667 0.015432 0.166667
0 0.887346 0.569444 0.021605 0.194444
0 0.864198 0.527778 0.021605 0.138889
0 0.851852 0.625000 0.021605 0.138889
0 0.828704 0.597222 0.018519 0.138889
0 0.841049 0.430556 0.015432 0.138889
0 0.816358 0.750000 0.024691 0.166667
0 0.802469 0.583333 0.018519 0.138889
0 0.816358 0.472222 0.021605 0.138889
0 0.750000 0.750000 0.018519 0.166667
0 0.731481 0.666667 0.018519 0.138889
0 0.736111 0.555556 0.018519 0.138889
0 0.723765 0.597222 0.018519 0.138889
0 0.717593 0.486111 0.021605 0.138889
0 0.699074 0.708333 0.021605 0.138889
0 0.679012 0.513889 0.021605 0.166667
0 0.674383 0.611111 0.018519 0.111111
0 0.666667 0.736111 0.015432 0.166667
0 0.654321 0.652778 0.018519 0.111111
0 0.645062 0.777778 0.012346 0.166667
0 0.635802 0.583333 0.018519 0.111111
0 0.629630 0.777778 0.018519 0.194444
0 0.611111 0.777778 0.021605 0.111111
0 0.617284 0.597222 0.018519 0.111111
0 0.626543 0.486111 0.021605 0.111111
0 0.614198 0.388889 0.021605 0.138889
0 0.594136 0.361111 0.012346 0.194444
0 0.595679 0.444444 0.021605 0.111111
0 0.600309 0.708333 0.012346 0.166667
0 0.592593 0.694444 0.015432 0.166667
0 0.591049 0.569444 0.021605 0.138889
0 0.581790 0.416667 0.015432 0.194444
0 0.577160 0.527778 0.018519 0.138889
0 0.566358 0.472222 0.012346 0.166667
0 0.566358 0.277778 0.015432 0.138889
0 0.569444 0.694444 0.021605 0.138889
0 0.554012 0.763889 0.021605 0.166667
0 0.541667 0.597222 0.015432 0.166667
0 0.554012 0.527778 0.015432 0.166667
0 0.549383 0.486111 0.015432 0.222222
0 0.537037 0.250000 0.009259 0.083333
0 0.530864 0.375000 0.015432 0.166667
0 0.521605 0.652778 0.018519 0.111111
0 0.524691 0.750000 0.018519 0.111111
0 0.507716 0.763889 0.015432 0.111111
0 0.504630 0.638889 0.018519 0.166667
0 0.489198 0.694444 0.012346 0.194444
0 0.467593 0.736111 0.018519 0.166667
0 0.481481 0.541667 0.021605 0.111111
0 0.487654 0.444444 0.018519 0.083333
0 0.495370 0.402778 0.021605 0.111111
0 0.510802 0.347222 0.027778 0.166667
0 0.483025 0.250000 0.012346 0.111111
0 0.469136 0.250000 0.015432 0.111111
0 0.447531 0.263889 0.012346 0.111111
0 0.444444 0.694444 0.018519 0.111111
0 0.453704 0.388889 0.009259 0.166667
0 0.429012 0.430556 0.018519 0.111111
0 0.422840 0.638889 0.015432 0.138889
0 0.425926 0.736111 0.024691 0.138889
0 0.458333 0.569444 0.018519 0.111111
0 0.439815 0.513889 0.018519 0.111111
0 0.455247 0.472222 0.021605 0.111111
0 0.442901 0.583333 0.021605 0.111111
0 0.416667 0.402778 0.021605 0.138889
0 0.415123 0.527778 0.015432 0.138889
0 0.405864 0.666667 0.018519 0.166667
0 0.401235 0.569444 0.018519 0.138889
0 0.391975 0.472222 0.012346 0.166667
0 0.385802 0.416667 0.018519 0.166667
0 0.390432 0.708333 0.018519 0.138889
0 0.371914 0.569444 0.015432 0.194444
0 0.388889 0.611111 0.018519 0.111111
0 0.371914 0.722222 0.015432 0.138889
0 0.362654 0.666667 0.018519 0.111111
0 0.359568 0.750000 0.018519 0.111111
0 0.347222 0.611111 0.018519 0.111111
0 0.327160 0.597222 0.018519 0.111111
0 0.336420 0.416667 0.021605 0.111111
0 0.336420 0.333333 0.021605 0.111111
0 0.322531 0.222222 0.012346 0.111111
0 0.296296 0.222222 0.012346 0.111111
0 0.311728 0.361111 0.021605 0.138889
0 0.319444 0.486111 0.018519 0.166667
0 0.325617 0.694444 0.018519 0.111111
0 0.307099 0.722222 0.018519 0.166667
0 0.302469 0.597222 0.024691 0.111111
0 0.287037 0.555556 0.015432 0.138889
0 0.283951 0.708333 0.018519 0.166667
0 0.283951 0.444444 0.018519 0.166667
0 0.268519 0.291667 0.021605 0.166667
0 0.270062 0.416667 0.015432 0.166667
0 0.276235 0.541667 0.015432 0.166667
0 0.266975 0.513889 0.018519 0.166667
0 0.250000 0.402778 0.018519 0.111111
0 0.229938 0.250000 0.021605 0.111111
0 0.229938 0.444444 0.021605 0.111111
0 0.219136 0.347222 0.024691 0.111111
0 0.225309 0.763889 0.015432 0.138889
0 0.223765 0.541667 0.018519 0.111111
0 0.222222 0.638889 0.018519 0.138889
0 0.206790 0.555556 0.018519 0.166667
0 0.189815 0.763889 0.018519 0.138889
0 0.191358 0.500000 0.018519 0.194444
0 0.162037 0.638889 0.024691 0.138889
0 0.148148 0.555556 0.018519 0.166667
0 0.166667 0.527778 0.021605 0.111111
0 0.120370 0.513889 0.018519 0.166667
0 0.066358 0.555556 0.024691 0.138889
0 0.057099 0.402778 0.021605 0.138889
0 0.070988 0.236111 0.012346 0.138889
0 0.026235 0.236111 0.012346 0.138889
0 0.012346 0.416667 0.024691 0.111111