0 0.018519 0.277778 0.021605 0.111111
0 0.038580 0.236111 0.018519 0.138889
0 0.089506 0.208333 0.024691 0.111111
0 0.094136 0.347222 0.021605 0.138889
0 0.074074 0.402778 0.018519 0.138889
0 0.047840 0.430556 0.021605 0.138889
0 0.027778 0.513889 0.021605 0.138889
0 0.021605 0.708333 0.018519 0.166667
0 0.049383 0.625000 0.018519 0.111111
0 0.089506 0.750000 0.018519 0.111111
0 0.038580 0.736111 0.018519 0.138889
0 0.108025 0.388889 0.018519 0.138889
0 0.135802 0.222222 0.021605 0.138889
0 0.123457 0.500000 0.021605 0.138889
0 0.151235 0.430556 0.021605 0.138889
0 0.140432 0.555556 0.021605 0.138889
0 0.160494 0.652778 0.018519 0.166667
0 0.179012 0.597222 0.021605 0.111111
0 0.179012 0.472222 0.021605 0.138889
0 0.177469 0.736111 0.021605 0.138889
0 0.191358 0.736111 0.021605 0.111111
0 0.206790 0.736111 0.021605 0.138889
0 0.203704 0.555556 0.018519 0.166667
0 0.222222 0.583333 0.018519 0.111111
0 0.263889 0.750000 0.021605 0.111111
0 0.003858 0.680556 0.007716 0.111111
0 0.223765 0.486111 0.021605 0.138889
0 0.220679 0.388889 0.021605 0.138889
0 0.209877 0.263889 0.012346 0.166667
0 0.228395 0.250000 0.018519 0.138889
0 0.242284 0.402778 0.018519 0.138889
0 0.248457 0.513889 0.021605 0.138889
0 0.268519 0.569444 0.021605 0.138889
0 0.268519 0.347222 0.018519 0.138889
0 0.274691 0.263889 0.018519 0.138889
0 0.324074 0.347222 0.015432 0.194444
0 0.325617 0.416667 0.021605 0.138889
0 0.331790 0.416667 0.012346 0.194444
0 0.348765 0.277778 0.018519 0.166667
0 0.365741 0.277778 0.021605 0.138889
0 0.337963 0.736111 0.021605 0.138889
0 0.361111 0.763889 0.021605 0.138889
0 0.490741 0.625000 0.021605 0.166667
0 0.506173 0.402778 0.015432 0.166667
0 0.527778 0.277778 0.021605 0.138889
0 0.533951 0.361111 0.021605 0.111111
0 0.537037 0.694444 0.015432 0.222222
0 0.550926 0.722222 0.015432 0.138889
0 0.598765 0.722222 0.024691 0.138889
0 0.682099 0.458333 0.018519 0.138889
0 0.739198 0.472222 0.021605 0.166667
0 0.756173 0.291667 0.021605 0.138889
0 0.856481 0.388889 0.024691 0.138889
0 0.876543 0.708333 0.024691 0.138889
0 0.864198 0.791667 0.018519 0.111111
0 0.893519 0.319444 0.021605 0.138889
0 0.925926 0.791667 0.021605 0.138889
0 0.984568 0.736111 0.024691 0.138889
0 0.913580 0.680556 0.018519 0.111111
0 0.987654 0.513889 0.012346 0.166667
0 0.811728 0.416667 0.015432 0.166667
0 0.879630 0.555556 0.021605 0.138889