2 0.118750 0.094792 0.043750 0.052083
2 0.010937 0.219792 0.021875 0.056250
2 0.050781 0.512500 0.039062 0.083333
2 0.129688 0.550000 0.043750 0.083333
2 0.100000 0.601042 0.034375 0.068750
2 0.079687 0.680208 0.078125 0.077083
2 0.017188 0.766667 0.034375 0.079167
2 0.171875 0.720833 0.053125 0.083333
2 0.135156 0.640625 0.042188 0.060417
2 0.241406 0.959375 0.048438 0.064583
2 0.284375 0.659375 0.043750 0.052083
2 0.343750 0.609375 0.040625 0.039583
2 0.201563 0.346875 0.062500 0.052083
2 0.285938 0.332292 0.062500 0.081250
2 0.370312 0.363542 0.056250 0.072917
2 0.326562 0.221875 0.046875 0.068750
2 0.382812 0.048958 0.062500 0.064583
2 0.553125 0.040625 0.056250 0.081250
2 0.537500 0.268750 0.053125 0.083333
2 0.616406 0.602083 0.051562 0.062500
2 0.656250 0.553125 0.062500 0.047917
2 0.964063 0.728125 0.062500 0.060417
2 0.946875 0.242708 0.040625 0.068750