2 0.022656 0.135417 0.045312 0.070833
2 0.112500 0.078125 0.062500 0.072917
2 0.125000 0.112500 0.040625 0.070833
2 0.178125 0.191667 0.050000 0.075000
2 0.265625 0.139583 0.078125 0.075000
2 0.428906 0.190625 0.060937 0.068750
2 0.421094 0.238542 0.051562 0.077083
2 0.700000 0.070833 0.065625 0.083333
2 0.809375 0.202083 0.062500 0.083333
2 0.955469 0.300000 0.035937 0.054167
2 0.586719 0.362500 0.057813 0.066667
2 0.563281 0.441667 0.060937 0.079167
2 0.770312 0.479167 0.040625 0.083333
2 0.650781 0.694792 0.070312 0.081250
2 0.697656 0.761458 0.057813 0.077083
2 0.749219 0.759375 0.048438 0.068750
2 0.865625 0.608333 0.043750 0.045833
2 0.978906 0.570833 0.042188 0.037500
2 0.640625 0.786458 0.062500 0.064583
2 0.457031 0.743750 0.042188 0.083333
2 0.457031 0.478125 0.057813 0.060417
2 0.464844 0.858333 0.045312 0.070833
2 0.382031 0.931250 0.048438 0.083333
2 0.427344 0.923958 0.039062 0.068750
2 0.162500 0.847917 0.062500 0.050000
2 0.059375 0.709375 0.062500 0.047917
2 0.154688 0.703125 0.062500 0.072917
2 0.114062 0.631250 0.056250 0.066667
2 0.126562 0.904167 0.062500 0.041667
2 0.153125 0.966667 0.034375 0.066667
2 0.217969 0.962500 0.051562 0.062500
2 0.214062 0.588542 0.050000 0.064583
2 0.275781 0.547917 0.045312 0.083333
2 0.096875 0.516667 0.062500 0.062500
2 0.185156 0.492708 0.054688 0.043750
2 0.328906 0.355208 0.051562 0.052083
2 0.957812 0.388542 0.050000 0.039583
2 0.168750 0.376042 0.034375 0.047917
2 0.016406 0.287500 0.032813 0.058333
2 0.013281 0.438542 0.026562 0.052083
2 0.430469 0.521875 0.039062 0.031250
2 0.437500 0.975000 0.037500 0.045833
2 0.473438 0.969792 0.050000 0.035417