2 0.322656 0.081250 0.054688 0.083333
2 0.242188 0.370833 0.062500 0.095833
2 0.111719 0.390625 0.054688 0.056250
2 0.125781 0.461458 0.054688 0.077083
2 0.016406 0.662500 0.032813 0.083333
2 0.284375 0.575000 0.053125 0.079167
2 0.268750 0.840625 0.053125 0.077083
2 0.086719 0.920833 0.054688 0.083333
2 0.417969 0.610417 0.054688 0.070833
2 0.439844 0.583333 0.060937 0.062500
2 0.617188 0.409375 0.062500 0.047917
2 0.889062 0.908333 0.053125 0.062500
2 0.973437 0.829167 0.053125 0.070833
2 0.951562 0.741667 0.050000 0.079167
2 0.913281 0.837500 0.045312 0.075000
2 0.950781 0.302083 0.060937 0.083333
2 0.857812 0.160417 0.062500 0.083333
2 0.696094 0.108333 0.054688 0.083333
2 0.656250 0.028125 0.040625 0.056250
2 0.739844 0.012500 0.054688 0.025000