2 0.026562 0.032292 0.053125 0.064583
2 0.203906 0.057292 0.039062 0.081250
2 0.260937 0.025000 0.056250 0.050000
2 0.352344 0.054167 0.054688 0.083333
2 0.274219 0.027083 0.048438 0.054167
2 0.555469 0.036458 0.042188 0.047917
2 0.620313 0.035417 0.043750 0.070833
2 0.736719 0.040625 0.051562 0.081250
2 0.948438 0.125000 0.062500 0.079167
2 0.656250 0.187500 0.034375 0.054167
2 0.614844 0.245833 0.057813 0.037500
2 0.661719 0.334375 0.048438 0.072917
2 0.496094 0.427083 0.045312 0.045833
2 0.461719 0.466667 0.054688 0.070833
2 0.254688 0.342708 0.062500 0.077083
2 0.197656 0.388542 0.045312 0.081250
2 0.143750 0.373958 0.062500 0.064583
2 0.115625 0.475000 0.053125 0.083333
2 0.289062 0.553125 0.053125 0.077083
2 0.029687 0.679167 0.043750 0.083333
2 0.079687 0.897917 0.046875 0.083333
2 0.208594 0.951042 0.070312 0.047917
2 0.211719 0.858333 0.042188 0.083333
2 0.879687 0.843750 0.031250 0.079167
2 0.884375 0.922917 0.034375 0.070833
2 0.857031 0.703125 0.045312 0.056250