2 0.151562 0.038542 0.050000 0.068750
2 0.148438 0.177083 0.040625 0.066667
2 0.156250 0.203125 0.062500 0.052083
2 0.140625 0.273958 0.059375 0.060417
2 0.169531 0.342708 0.060937 0.072917
2 0.027344 0.319792 0.054688 0.077083
2 0.025000 0.626042 0.050000 0.068750
2 0.122656 0.823958 0.039062 0.056250
2 0.258594 0.917708 0.060937 0.047917
2 0.331250 0.964583 0.062500 0.058333
2 0.177344 0.630208 0.045312 0.081250
2 0.340625 0.670833 0.040625 0.070833
2 0.528906 0.656250 0.057813 0.083333
2 0.821875 0.677083 0.062500 0.062500
2 0.835156 0.852083 0.057813 0.066667
2 0.910156 0.839583 0.054688 0.058333
2 0.594531 0.325000 0.054688 0.062500
2 0.660156 0.281250 0.039062 0.066667
2 0.707812 0.356250 0.056250 0.050000
2 0.720313 0.302083 0.043750 0.079167
2 0.865625 0.313542 0.040625 0.056250
2 0.497656 0.038542 0.032813 0.052083
2 0.485156 0.090625 0.035937 0.056250
2 0.591406 0.133333 0.039062 0.079167
2 0.675781 0.065625 0.029687 0.052083
2 0.629687 0.068750 0.062500 0.050000
2 0.559375 0.189583 0.034375 0.083333
2 0.488281 0.529167 0.051562 0.083333