2 0.206250 0.171875 0.034375 0.052083
2 0.054688 0.467708 0.062500 0.064583
2 0.321875 0.270833 0.062500 0.054167
2 0.348438 0.327083 0.046875 0.083333
2 0.509375 0.304167 0.062500 0.083333
2 0.779687 0.116667 0.062500 0.083333
2 0.985938 0.085417 0.028125 0.058333
2 0.974219 0.250000 0.051562 0.083333
2 0.977344 0.450000 0.045312 0.083333
2 0.906250 0.520833 0.037500 0.083333
2 0.818750 0.552083 0.062500 0.083333
2 0.729688 0.406250 0.028125 0.050000
2 0.413281 0.557292 0.051562 0.056250
2 0.085938 0.656250 0.043750 0.083333
2 0.505469 0.720833 0.045312 0.083333
2 0.394531 0.611458 0.048438 0.072917
2 0.415625 0.946875 0.031250 0.056250
2 0.495312 0.948958 0.062500 0.039583
2 0.667188 0.973958 0.062500 0.052083
2 0.801562 0.966667 0.043750 0.066667
2 0.535156 0.605208 0.054688 0.047917
2 0.400781 0.750000 0.051562 0.045833
2 0.158594 0.918750 0.035937 0.037500
2 0.657813 0.726042 0.040625 0.043750
2 0.943750 0.911458 0.040625 0.052083
2 0.379688 0.387500 0.053125 0.041667
2 0.989062 0.818750 0.021875 0.050000
2 0.995313 0.882292 0.009375 0.077083
2 0.441406 0.284375 0.029687 0.035417