2 0.264844 0.146875 0.042188 0.077083
2 0.297656 0.264583 0.060937 0.083333
2 0.289844 0.336458 0.048438 0.081250
2 0.232813 0.381250 0.062500 0.079167
2 0.072656 0.326042 0.042188 0.056250
2 0.185938 0.523958 0.062500 0.060417
2 0.085156 0.600000 0.035937 0.083333
2 0.329688 0.610417 0.059375 0.083333
2 0.260937 0.791667 0.053125 0.050000
2 0.205469 0.481250 0.039062 0.062500
2 0.473438 0.675000 0.062500 0.083333
2 0.459375 0.803125 0.053125 0.056250
2 0.513281 0.843750 0.051562 0.050000
2 0.715625 0.904167 0.053125 0.083333
2 0.637500 0.990625 0.062500 0.018750
2 0.939063 0.889583 0.062500 0.050000
2 0.874219 0.693750 0.045312 0.083333
2 0.932031 0.728125 0.039062 0.081250
2 0.708594 0.990625 0.054688 0.018750
2 0.721094 0.692708 0.048438 0.056250
2 0.678125 0.509375 0.062500 0.060417
2 0.567969 0.527083 0.035937 0.045833
2 0.799219 0.394792 0.045312 0.072917
2 0.676562 0.236458 0.062500 0.077083
2 0.447656 0.283333 0.054688 0.083333
2 0.797656 0.112500 0.035937 0.083333
2 0.978125 0.254167 0.043750 0.054167
2 0.749219 0.139583 0.054688 0.079167
2 0.850000 0.043750 0.062500 0.054167
2 0.799219 0.913542 0.045312 0.056250
2 0.648438 0.647917 0.043750 0.054167
2 0.816406 0.493750 0.042188 0.083333