2 0.111719 0.028125 0.042188 0.056250
2 0.138281 0.065625 0.048438 0.064583
2 0.234375 0.087500 0.056250 0.083333
2 0.321094 0.030208 0.042188 0.047917
2 0.043750 0.163542 0.062500 0.060417
2 0.064062 0.314583 0.062500 0.070833
2 0.248438 0.329167 0.062500 0.062500
2 0.384375 0.333333 0.050000 0.079167
2 0.411719 0.443750 0.051562 0.054167
2 0.513281 0.387500 0.048438 0.083333
2 0.535156 0.113542 0.054688 0.068750
2 0.578906 0.073958 0.054688 0.060417
2 0.764062 0.114583 0.059375 0.087500
2 0.826562 0.047917 0.062500 0.070833
2 0.893750 0.140625 0.056250 0.060417
2 0.853906 0.191667 0.039062 0.058333
2 0.705469 0.305208 0.054688 0.081250
2 0.830469 0.406250 0.051562 0.083333
2 0.016406 0.111458 0.032813 0.060417
2 0.098437 0.532292 0.050000 0.081250
2 0.054688 0.532292 0.040625 0.068750
2 0.135937 0.600000 0.062500 0.062500
2 0.178125 0.595833 0.053125 0.075000
2 0.285156 0.564583 0.042188 0.083333
2 0.229687 0.670833 0.062500 0.062500
2 0.207031 0.684375 0.054688 0.064583
2 0.206250 0.769792 0.062500 0.064583
2 0.196094 0.841667 0.035937 0.054167
2 0.211719 0.945833 0.057813 0.058333
2 0.411719 0.829167 0.048438 0.083333
2 0.489844 0.832292 0.045312 0.056250
2 0.519531 0.925000 0.045312 0.066667
2 0.524219 0.795833 0.060937 0.066667
2 0.510156 0.648958 0.048438 0.047917
2 0.621875 0.670833 0.053125 0.070833
2 0.718750 0.681250 0.062500 0.083333
2 0.736719 0.857292 0.070312 0.081250
2 0.660937 0.816667 0.043750 0.045833
2 0.854688 0.821875 0.062500 0.060417
2 0.889844 0.823958 0.051562 0.068750
2 0.918750 0.630208 0.062500 0.056250