2 0.053125 0.551042 0.056250 0.081250
2 0.242969 0.570833 0.051562 0.058333
2 0.226562 0.775000 0.050000 0.054167
2 0.022656 0.847917 0.026562 0.050000
2 0.236719 0.807292 0.039062 0.047917
2 0.352344 0.936458 0.048438 0.056250
2 0.360156 0.988542 0.051562 0.022917
2 0.486719 0.925000 0.054688 0.058333
2 0.442969 0.614583 0.054688 0.058333
2 0.502344 0.612500 0.042188 0.083333
2 0.481250 0.438542 0.034375 0.068750
2 0.645312 0.506250 0.046875 0.070833
2 0.637500 0.660417 0.050000 0.054167
2 0.775781 0.686458 0.042188 0.068750
2 0.780469 0.511458 0.051562 0.072917
2 0.798438 0.267708 0.059375 0.072917
2 0.736719 0.187500 0.045312 0.070833
2 0.688281 0.161458 0.042188 0.052083
2 0.686719 0.098958 0.054688 0.068750
2 0.789062 0.152083 0.037500 0.075000
2 0.857031 0.516667 0.057813 0.050000
2 0.971094 0.701042 0.057813 0.072917
2 0.975000 0.906250 0.050000 0.050000
2 0.934375 0.980208 0.043750 0.039583