3 0.009855 0.056090 0.019710 0.025641
3 0.034232 0.039263 0.026971 0.024038
3 0.043568 0.047276 0.024896 0.024038
3 0.044606 0.066506 0.026971 0.024038
3 0.058610 0.147436 0.025934 0.025641
3 0.047718 0.163462 0.031120 0.022436
3 0.068983 0.175481 0.023859 0.020833
3 0.053423 0.194712 0.025934 0.030449
3 0.016598 0.207532 0.026971 0.027244
3 0.044606 0.246795 0.029046 0.025641
3 0.016598 0.282051 0.022822 0.025641
3 0.024378 0.305288 0.025934 0.027244
3 0.008817 0.306090 0.017635 0.025641
3 0.015041 0.326923 0.025934 0.025641
3 0.033714 0.366987 0.028008 0.028846
3 0.016079 0.376603 0.028008 0.022436
3 0.006224 0.395032 0.012448 0.024038
3 0.035270 0.436699 0.024896 0.027244
3 0.034751 0.458333 0.023859 0.025641
3 0.007780 0.464744 0.015560 0.028846
3 0.006224 0.505609 0.012448 0.024038
3 0.030083 0.491186 0.029046 0.024038
3 0.025934 0.507212 0.024896 0.024038
3 0.048755 0.530449 0.029046 0.025641
3 0.050830 0.588141 0.029046 0.025641
3 0.009855 0.649038 0.019710 0.025641
3 0.035788 0.677083 0.034232 0.027244
3 0.030083 0.694712 0.033195 0.020833
3 0.015041 0.714744 0.028008 0.025641
3 0.029046 0.714744 0.024896 0.025641
3 0.018672 0.729968 0.031120 0.024038
3 0.007261 0.752404 0.014523 0.024038
3 0.038900 0.756410 0.032158 0.022436
3 0.025415 0.798878 0.028008 0.027244
3 0.005187 0.802083 0.010373 0.024038
3 0.013485 0.844551 0.026971 0.028846
3 0.024896 0.852564 0.033195 0.019231
3 0.029046 0.892628 0.035270 0.025641
3 0.007780 0.971154 0.015560 0.032051
3 0.028008 0.958333 0.031120 0.032051
3 0.055498 0.942308 0.030083 0.025641
3 0.093361 0.946314 0.029046 0.030449
3 0.081432 0.950321 0.023859 0.025641
3 0.136929 0.981571 0.031120 0.024038
3 0.119295 0.939103 0.026971 0.028846
3 0.101141 0.913462 0.028008 0.025641
3 0.073133 0.911859 0.030083 0.028846
3 0.054461 0.887019 0.023859 0.027244
3 0.042012 0.878205 0.028008 0.028846
3 0.111515 0.885417 0.036307 0.024038
3 0.079357 0.878205 0.032158 0.028846
3 0.079357 0.855769 0.038382 0.025641
3 0.044087 0.845353 0.030083 0.020833
3 0.062241 0.839744 0.031120 0.022436
3 0.035270 0.830128 0.026971 0.025641
3 0.055498 0.826122 0.030083 0.024038
3 0.049793 0.810096 0.029046 0.024038
3 0.093880 0.823718 0.032158 0.025641
3 0.096992 0.827724 0.025934 0.024038
3 0.075726 0.816506 0.026971 0.027244
3 0.075726 0.806891 0.031120 0.027244
3 0.035270 0.790064 0.024896 0.025641
3 0.054979 0.786859 0.020747 0.022436
3 0.051867 0.757212 0.022822 0.024038
3 0.079357 0.782051 0.028008 0.032051
3 0.121369 0.809295 0.031120 0.025641
3 0.125519 0.792468 0.024896 0.024038
3 0.105809 0.798077 0.029046 0.025641
3 0.110996 0.788462 0.031120 0.025641
3 0.115664 0.776442 0.034232 0.027244
3 0.101141 0.754808 0.030083 0.022436
3 0.129668 0.745192 0.029046 0.025641
3 0.112033 0.740385 0.022822 0.025641
3 0.114108 0.723558 0.031120 0.027244
3 0.084025 0.737179 0.024896 0.025641
3 0.069502 0.733173 0.020747 0.030449
3 0.061203 0.721154 0.031120 0.022436
3 0.068983 0.687500 0.032158 0.028846
3 0.058610 0.673077 0.021784 0.025641
3 0.103734 0.693910 0.029046 0.025641
3 0.104772 0.668269 0.029046 0.025641
3 0.069502 0.633013 0.026971 0.028846
3 0.064315 0.607372 0.031120 0.022436
3 0.076763 0.604167 0.026971 0.025641
3 0.076763 0.587340 0.026971 0.020833
3 0.119813 0.653045 0.025934 0.024038
3 0.133299 0.649038 0.030083 0.025641
3 0.120851 0.642628 0.028008 0.022436
3 0.107884 0.625801 0.024896 0.020833
3 0.153527 0.626603 0.035270 0.022436
3 0.121369 0.593750 0.029046 0.020833
3 0.125000 0.582532 0.030083 0.017628
3 0.132780 0.570513 0.026971 0.028846
3 0.099585 0.567308 0.026971 0.028846
3 0.076245 0.546474 0.025934 0.028846
3 0.067427 0.535256 0.020747 0.022436
3 0.099585 0.548077 0.024896 0.025641
3 0.126556 0.533654 0.029046 0.025641
3 0.103216 0.514423 0.028008 0.025641
3 0.085581 0.486378 0.032158 0.020833
3 0.079357 0.467147 0.034232 0.020833
3 0.111515 0.468750 0.021784 0.030449
3 0.125000 0.454327 0.021784 0.024038
3 0.141079 0.447917 0.026971 0.024038
3 0.090249 0.418269 0.031120 0.022436
3 0.081950 0.409455 0.031120 0.030449
3 0.120332 0.391827 0.026971 0.027244
3 0.151971 0.432692 0.025934 0.022436
3 0.162863 0.465545 0.026971 0.027244
3 0.154046 0.511218 0.023859 0.025641
3 0.156639 0.547276 0.024896 0.024038
3 0.156639 0.567308 0.029046 0.022436
3 0.153527 0.607372 0.022822 0.022436
3 0.165456 0.606571 0.025934 0.020833
3 0.181535 0.602564 0.029046 0.022436
3 0.179461 0.592949 0.031120 0.019231
3 0.175311 0.649038 0.033195 0.025641
3 0.178423 0.673878 0.026971 0.020833
3 0.179979 0.666667 0.023859 0.022436
3 0.128631 0.701923 0.024896 0.025641
3 0.147303 0.713141 0.022822 0.025641
3 0.168568 0.737981 0.028008 0.024038
3 0.160788 0.717949 0.026971 0.022436
3 0.155602 0.761218 0.024896 0.022436
3 0.162863 0.779647 0.029046 0.020833
3 0.145228 0.815705 0.022822 0.022436
3 0.169606 0.818910 0.025934 0.025641
3 0.155083 0.889423 0.030083 0.025641
3 0.159751 0.885417 0.020747 0.020833
3 0.183091 0.890224 0.030083 0.024038
3 0.200726 0.890224 0.028008 0.027244
3 0.164938 0.904647 0.024896 0.024038
3 0.146784 0.918269 0.032158 0.022436
3 0.178423 0.925481 0.026971 0.027244
3 0.191909 0.938301 0.031120 0.020833
3 0.190871 0.952724 0.029046 0.024038
3 0.201763 0.931891 0.034232 0.027244
3 0.198133 0.916667 0.026971 0.022436
3 0.225104 0.917468 0.031120 0.024038
3 0.250519 0.981571 0.032158 0.024038
3 0.263485 0.951923 0.035270 0.025641
3 0.270228 0.911058 0.030083 0.020833
3 0.283195 0.912660 0.029046 0.020833
3 0.293568 0.963942 0.026971 0.024038
3 0.240145 0.888622 0.034232 0.020833
3 0.230290 0.883814 0.033195 0.024038
3 0.246369 0.871795 0.036307 0.022436
3 0.262448 0.898237 0.022822 0.020833
3 0.316909 0.898237 0.032158 0.024038
3 0.292012 0.887821 0.032158 0.022436
3 0.296680 0.863782 0.033195 0.022436
3 0.267635 0.862981 0.020747 0.030449
3 0.259336 0.841346 0.031120 0.022436
3 0.245851 0.833333 0.029046 0.022436
3 0.267116 0.811699 0.032158 0.020833
3 0.196577 0.814904 0.028008 0.024038
3 0.206950 0.810096 0.034232 0.024038
3 0.197614 0.793269 0.030083 0.019231
3 0.170124 0.794071 0.024896 0.024038
3 0.176867 0.774840 0.030083 0.024038
3 0.240664 0.789263 0.029046 0.027244
3 0.237033 0.771635 0.028008 0.024038
3 0.285270 0.768429 0.029046 0.027244
3 0.250519 0.764423 0.030083 0.025641
3 0.254149 0.738782 0.022822 0.025641
3 0.221473 0.727564 0.034232 0.019231
3 0.193465 0.728365 0.028008 0.024038
3 0.198651 0.725962 0.025934 0.019231
3 0.207469 0.712340 0.037344 0.017628
3 0.285788 0.721154 0.025934 0.025641
3 0.267116 0.713942 0.032158 0.024038
3 0.308091 0.703526 0.031120 0.025641
3 0.282158 0.669872 0.031120 0.022436
3 0.216805 0.674679 0.022822 0.028846
3 0.232365 0.668269 0.024896 0.025641
3 0.228734 0.629808 0.028008 0.022436
3 0.259336 0.633013 0.029046 0.025641
3 0.295643 0.633013 0.035270 0.019231
3 0.278008 0.621795 0.022822 0.022436
3 0.272822 0.608974 0.031120 0.016026
3 0.250519 0.614583 0.034232 0.020833
3 0.213174 0.609776 0.034232 0.027244
3 0.232884 0.604968 0.032158 0.027244
3 0.253112 0.608974 0.022822 0.025641
3 0.250000 0.597756 0.022822 0.025641
3 0.212137 0.596154 0.030083 0.025641
3 0.234440 0.566506 0.026971 0.024038
3 0.192427 0.594551 0.028008 0.025641
3 0.182573 0.576923 0.020747 0.022436
3 0.198133 0.523237 0.031120 0.024038
3 0.218361 0.530449 0.032158 0.028846
3 0.225622 0.522436 0.028008 0.028846
3 0.223029 0.497596 0.029046 0.027244
3 0.207469 0.512019 0.020747 0.027244
3 0.244813 0.483974 0.031120 0.025641
3 0.182573 0.484776 0.026971 0.027244
3 0.191909 0.467949 0.026971 0.025641
3 0.208506 0.459936 0.024896 0.022436
3 0.162863 0.416667 0.031120 0.022436
3 0.186203 0.408654 0.030083 0.025641
3 0.109959 0.345353 0.035270 0.020833
3 0.066390 0.355769 0.029046 0.028846
3 0.052905 0.346955 0.029046 0.027244
3 0.059129 0.339744 0.020747 0.025641
3 0.040456 0.331731 0.026971 0.025641
3 0.096473 0.322115 0.031120 0.028846
3 0.057054 0.309295 0.024896 0.028846
3 0.074689 0.299679 0.026971 0.025641
3 0.058610 0.294071 0.019710 0.024038
3 0.065871 0.276442 0.023859 0.027244
3 0.121888 0.309295 0.025934 0.028846
3 0.108921 0.308494 0.022822 0.024038
3 0.102178 0.293269 0.028008 0.025641
3 0.129668 0.287660 0.029046 0.020833
3 0.127593 0.274038 0.024896 0.028846
3 0.149896 0.279647 0.025934 0.024038
3 0.165456 0.278045 0.025934 0.027244
3 0.181017 0.345353 0.028008 0.024038
3 0.193983 0.344551 0.022822 0.025641
3 0.217842 0.373397 0.020747 0.025641
3 0.238589 0.431090 0.022822 0.028846
3 0.192946 0.281250 0.020747 0.030449
3 0.171680 0.302885 0.023859 0.022436
3 0.181017 0.313301 0.030083 0.024038
3 0.209544 0.308494 0.024896 0.024038
3 0.221992 0.293269 0.024896 0.022436
3 0.250000 0.342949 0.031120 0.028846
3 0.097510 0.274038 0.020747 0.025641
3 0.110477 0.254808 0.030083 0.025641
3 0.076245 0.233173 0.025934 0.024038
3 0.073651 0.219551 0.024896 0.019231
3 0.110996 0.234776 0.020747 0.020833
3 0.109440 0.227564 0.028008 0.022436
3 0.118257 0.218750 0.029046 0.024038
3 0.114108 0.197115 0.026971 0.025641
3 0.143154 0.227564 0.020747 0.025641
3 0.157158 0.213141 0.028008 0.022436
3 0.202282 0.248397 0.031120 0.025641
3 0.205394 0.240385 0.022822 0.022436
3 0.214730 0.224359 0.024896 0.025641
3 0.234440 0.219551 0.022822 0.025641
3 0.190353 0.194712 0.028008 0.020833
3 0.192946 0.184295 0.033195 0.019231
3 0.174274 0.173077 0.031120 0.022436
3 0.137448 0.153045 0.025934 0.027244
3 0.125000 0.118590 0.030083 0.028846
3 0.092842 0.115385 0.023859 0.028846
3 0.126037 0.085737 0.025934 0.027244
3 0.097510 0.056891 0.026971 0.027244
3 0.073133 0.020833 0.025934 0.025641
3 0.077801 0.012821 0.022822 0.022436
3 0.113071 0.030449 0.022822 0.025641
3 0.153008 0.067308 0.023859 0.028846
3 0.160788 0.040064 0.022822 0.028846
3 0.210581 0.091346 0.024896 0.028846
3 0.172199 0.139423 0.022822 0.025641
3 0.229253 0.177885 0.031120 0.032051
3 0.240664 0.160256 0.029046 0.022436
3 0.243776 0.141827 0.022822 0.024038
3 0.259855 0.183494 0.030083 0.020833
3 0.254149 0.202724 0.022822 0.020833
3 0.255187 0.209135 0.026971 0.020833
3 0.263485 0.270833 0.026971 0.022436
3 0.254149 0.312500 0.022822 0.028846
3 0.256224 0.099359 0.024896 0.028846
3 0.240664 0.060897 0.020747 0.022436
3 0.234959 0.053686 0.023859 0.027244
3 0.255705 0.024038 0.025934 0.025641
3 0.273859 0.008814 0.022822 0.017628
3 0.288382 0.038462 0.026971 0.028846
3 0.297718 0.067308 0.020747 0.025641
3 0.295643 0.121795 0.020747 0.028846
3 0.320021 0.157853 0.025934 0.027244
3 0.324689 0.106571 0.020747 0.024038
3 0.327801 0.027244 0.020747 0.025641
3 0.351660 0.027244 0.020747 0.022436
3 0.369295 0.047276 0.020747 0.024038
3 0.353734 0.072115 0.029046 0.019231
3 0.375519 0.084135 0.026971 0.020833
3 0.370332 0.116186 0.020747 0.020833
3 0.386411 0.107372 0.025934 0.025641
3 0.390041 0.088141 0.020747 0.025641
3 0.405602 0.084135 0.029046 0.024038
3 0.422199 0.091346 0.020747 0.022436
3 0.418050 0.136218 0.024896 0.022436
3 0.470954 0.064103 0.029046 0.022436
3 0.451245 0.119391 0.026971 0.024038
3 0.467842 0.120192 0.022822 0.022436
3 0.492739 0.116987 0.029046 0.022436
3 0.514004 0.062500 0.025934 0.022436
3 0.518672 0.089744 0.020747 0.028846
3 0.520747 0.012821 0.022822 0.025641
3 0.536307 0.008013 0.020747 0.016026
3 0.545643 0.016827 0.022822 0.024038
3 0.567427 0.044071 0.026971 0.024038
3 0.582988 0.031250 0.029046 0.020833
3 0.573651 0.012019 0.022822 0.024038
3 0.598548 0.005609 0.020747 0.011218
3 0.684647 0.012821 0.026971 0.025641
3 0.630705 0.048077 0.024896 0.025641
3 0.676349 0.053686 0.022822 0.024038
3 0.701245 0.057692 0.022822 0.022436
3 0.727697 0.060897 0.025934 0.019231
3 0.738589 0.034455 0.024896 0.024038
3 0.840249 0.038462 0.020747 0.025641
3 0.853734 0.017628 0.024896 0.025641
3 0.875519 0.009615 0.020747 0.019231
3 0.902490 0.041667 0.024896 0.025641
3 0.921680 0.016026 0.021784 0.022436
3 0.943983 0.012019 0.024896 0.024038
3 0.948651 0.035256 0.030083 0.025641
3 0.965249 0.012019 0.023859 0.024038
3 0.974066 0.005609 0.022822 0.011218
3 0.990664 0.016026 0.018672 0.022436
3 0.908195 0.069712 0.023859 0.024038
3 0.976141 0.094551 0.029046 0.022436
3 0.952801 0.095353 0.025934 0.024038
3 0.912863 0.091346 0.024896 0.028846
3 0.934647 0.116987 0.029046 0.022436
3 0.931535 0.152244 0.029046 0.022436
3 0.930498 0.179487 0.022822 0.025641
3 0.981328 0.181891 0.022822 0.024038
3 0.985477 0.197917 0.029046 0.020833
3 0.956432 0.218750 0.026971 0.024038
3 0.918568 0.203526 0.025934 0.022436
3 0.896784 0.148237 0.021784 0.027244
3 0.892635 0.128205 0.025934 0.025641
3 0.891079 0.104167 0.022822 0.025641
3 0.839212 0.068910 0.022822 0.022436
3 0.848029 0.076122 0.023859 0.020833
3 0.810166 0.078526 0.022822 0.019231
3 0.787344 0.074519 0.022822 0.024038
3 0.784751 0.099359 0.032158 0.025641
3 0.753112 0.101763 0.020747 0.027244
3 0.844917 0.122596 0.025934 0.024038
3 0.605290 0.081731 0.023859 0.025641
3 0.537863 0.125000 0.025934 0.025641
3 0.506224 0.158654 0.026971 0.028846
3 0.524896 0.159455 0.029046 0.024038
3 0.559647 0.143429 0.023859 0.027244
3 0.595436 0.133814 0.026971 0.024038
3 0.668568 0.174679 0.032158 0.022436
3 0.632780 0.158654 0.029046 0.022436
3 0.592842 0.238782 0.025934 0.028846
3 0.679979 0.083333 0.028008 0.019231
3 0.674274 0.122596 0.031120 0.024038
3 0.686203 0.127404 0.025934 0.024038
3 0.726660 0.124199 0.034232 0.024038
3 0.617220 0.130609 0.033195 0.024038
3 0.619813 0.137019 0.028008 0.017628
3 0.663900 0.147436 0.029046 0.019231
3 0.689834 0.154647 0.022822 0.020833
3 0.715768 0.142628 0.026971 0.025641
3 0.751037 0.124199 0.022822 0.020833
3 0.768672 0.115385 0.022822 0.025641
3 0.828838 0.139423 0.029046 0.025641
3 0.838174 0.149840 0.020747 0.024038
3 0.849585 0.165865 0.022822 0.027244
3 0.864108 0.152244 0.022822 0.025641
3 0.864108 0.179487 0.022822 0.025641
3 0.851141 0.191506 0.025934 0.024038
3 0.828320 0.209135 0.028008 0.024038
3 0.816390 0.174679 0.024896 0.025641
3 0.797199 0.178686 0.021784 0.024038
3 0.786307 0.177885 0.020747 0.022436
3 0.772303 0.150641 0.021784 0.022436
3 0.755187 0.139423 0.026971 0.019231
3 0.735477 0.163462 0.020747 0.022436
3 0.770747 0.167468 0.022822 0.024038
3 0.765560 0.176282 0.022822 0.025641
3 0.782158 0.199519 0.026971 0.024038
3 0.732365 0.201122 0.022822 0.024038
3 0.712137 0.219551 0.025934 0.025641
3 0.747407 0.238782 0.028008 0.025641
3 0.766598 0.230769 0.029046 0.022436
3 0.773859 0.245994 0.029046 0.020833
3 0.773859 0.241186 0.031120 0.017628
3 0.685166 0.234776 0.030083 0.024038
3 0.633817 0.221955 0.026971 0.027244
3 0.826763 0.235577 0.029046 0.025641
3 0.836100 0.253205 0.024896 0.022436
3 0.822614 0.270032 0.022822 0.020833
3 0.825726 0.286859 0.022822 0.025641
3 0.856846 0.272436 0.022822 0.025641
3 0.887967 0.240385 0.031120 0.019231
3 0.885373 0.246795 0.036307 0.019231
3 0.880705 0.266827 0.022822 0.024038
3 0.914938 0.241987 0.022822 0.025641
3 0.910788 0.270833 0.024896 0.025641
3 0.944502 0.237179 0.028008 0.019231
3 0.945021 0.252404 0.022822 0.020833
3 0.961618 0.271635 0.020747 0.024038
3 0.952801 0.281250 0.025934 0.024038
3 0.973548 0.303686 0.025934 0.024038
3 0.982884 0.362981 0.028008 0.024038
3 0.989108 0.361378 0.021784 0.024038
3 0.987552 0.369391 0.020747 0.020833
3 0.892116 0.313301 0.022822 0.027244
3 0.924274 0.334936 0.022822 0.022436
3 0.947614 0.353365 0.025934 0.024038
3 0.954357 0.366186 0.024896 0.024038
3 0.932054 0.383814 0.025934 0.024038
3 0.905083 0.352564 0.025934 0.025641
3 0.916494 0.387821 0.030083 0.022436
3 0.923755 0.404647 0.025934 0.024038
3 0.926349 0.423878 0.024896 0.027244
3 0.989627 0.412660 0.020747 0.024038
3 0.985477 0.420673 0.024896 0.024038
3 0.966805 0.433494 0.022822 0.024038
3 0.962656 0.448718 0.022822 0.022436
3 0.990145 0.428686 0.019710 0.020833
3 0.987552 0.483974 0.020747 0.025641
3 0.963693 0.483974 0.024896 0.025641
3 0.975104 0.500000 0.024896 0.028846
3 0.957469 0.512821 0.035270 0.022436
3 0.907676 0.449519 0.022822 0.024038
3 0.895747 0.462340 0.028008 0.024038
3 0.891079 0.417468 0.022822 0.027244
3 0.889004 0.391026 0.022822 0.028846
3 0.881743 0.373397 0.020747 0.019231
3 0.868776 0.394231 0.023859 0.025641
3 0.855290 0.354968 0.023859 0.027244
3 0.856328 0.372596 0.021784 0.027244
3 0.854253 0.388622 0.021784 0.027244
3 0.858402 0.447917 0.030083 0.024038
3 0.831432 0.385417 0.023859 0.024038
3 0.820021 0.361378 0.021784 0.024038
3 0.811203 0.347756 0.020747 0.025641
3 0.798755 0.370192 0.031120 0.025641
3 0.806017 0.395032 0.022822 0.027244
3 0.783714 0.392628 0.030083 0.022436
3 0.761929 0.383814 0.030083 0.020833
3 0.830913 0.435897 0.026971 0.025641
3 0.822614 0.445513 0.022822 0.025641
3 0.809129 0.463942 0.022822 0.024038
3 0.808610 0.481571 0.021784 0.030449
3 0.782676 0.439103 0.021784 0.025641
3 0.753631 0.425481 0.028008 0.024038
3 0.735996 0.413462 0.021784 0.028846
3 0.734959 0.419872 0.021784 0.022436
3 0.719398 0.376603 0.021784 0.025641
3 0.743257 0.354167 0.021784 0.022436
3 0.744813 0.332532 0.029046 0.020833
3 0.799274 0.322115 0.023859 0.022436
3 0.787344 0.317308 0.024896 0.025641
3 0.772822 0.314103 0.029046 0.025641
3 0.769191 0.297276 0.025934 0.024038
3 0.733402 0.286859 0.033195 0.025641
3 0.728734 0.327724 0.030083 0.020833
3 0.717324 0.324519 0.030083 0.024038
3 0.711100 0.298878 0.021784 0.024038
3 0.693465 0.304487 0.032158 0.025641
3 0.687241 0.268429 0.023859 0.024038
3 0.650415 0.251603 0.022822 0.025641
3 0.645228 0.261218 0.026971 0.025641
3 0.670124 0.300481 0.020747 0.027244
3 0.667531 0.301282 0.028008 0.025641
3 0.644191 0.290865 0.020747 0.024038
3 0.634855 0.298878 0.024896 0.027244
3 0.615145 0.316506 0.020747 0.030449
3 0.599585 0.281250 0.020747 0.027244
3 0.593361 0.282051 0.020747 0.025641
3 0.569502 0.258013 0.020747 0.025641
3 0.557573 0.231571 0.023859 0.024038
3 0.544606 0.235577 0.020747 0.025641
3 0.552386 0.209135 0.025934 0.024038
3 0.554461 0.175481 0.025934 0.024038
3 0.543568 0.174679 0.026971 0.025641
3 0.504668 0.180288 0.023859 0.024038
3 0.497407 0.201923 0.023859 0.028846
3 0.518154 0.244391 0.028008 0.027244
3 0.475622 0.201122 0.028008 0.024038
3 0.466805 0.186699 0.031120 0.024038
3 0.455394 0.204327 0.035270 0.024038
3 0.375000 0.193910 0.025934 0.025641
3 0.305498 0.190705 0.025934 0.028846
3 0.289419 0.214744 0.022822 0.025641
3 0.278008 0.230769 0.029046 0.025641
3 0.282158 0.239583 0.022822 0.027244
3 0.328320 0.209936 0.021784 0.032051
3 0.332988 0.215545 0.020747 0.027244
3 0.316909 0.245192 0.030083 0.022436
3 0.421680 0.213141 0.034232 0.022436
3 0.423237 0.241186 0.022822 0.027244
3 0.441909 0.232372 0.020747 0.022436
3 0.438278 0.244391 0.021784 0.020833
3 0.483402 0.230769 0.031120 0.022436
3 0.455394 0.264423 0.020747 0.025641
3 0.483402 0.283654 0.020747 0.025641
3 0.515041 0.277244 0.030083 0.028846
3 0.543568 0.293269 0.024896 0.025641
3 0.529046 0.321314 0.020747 0.024038
3 0.533195 0.329327 0.022822 0.024038
3 0.561203 0.344551 0.020747 0.025641
3 0.596473 0.327724 0.029046 0.024038
3 0.602178 0.357372 0.030083 0.022436
3 0.586100 0.370994 0.024896 0.024038
3 0.630187 0.356571 0.028008 0.020833
3 0.616183 0.378205 0.029046 0.025641
3 0.665975 0.358974 0.022822 0.025641
3 0.681535 0.377404 0.029046 0.020833
3 0.681017 0.397436 0.023859 0.025641
3 0.625000 0.409455 0.023859 0.027244
3 0.647303 0.417468 0.031120 0.020833
3 0.663382 0.427083 0.028008 0.024038
3 0.667012 0.436699 0.026971 0.020833
3 0.678423 0.443910 0.022822 0.025641
3 0.671162 0.459936 0.026971 0.022436
3 0.707469 0.459135 0.022822 0.024038
3 0.700207 0.475160 0.022822 0.024038
3 0.707988 0.499199 0.030083 0.024038
3 0.737552 0.498397 0.029046 0.025641
3 0.755187 0.488782 0.024896 0.028846
3 0.758299 0.540064 0.024896 0.025641
3 0.814834 0.508814 0.032158 0.027244
3 0.845436 0.498397 0.029046 0.028846
3 0.845436 0.515224 0.022822 0.027244
3 0.859959 0.520032 0.022822 0.020833
3 0.881224 0.518429 0.021784 0.027244
3 0.907676 0.524038 0.022822 0.028846
3 0.928942 0.524840 0.030083 0.024038
3 0.917531 0.543269 0.028008 0.025641
3 0.788382 0.529647 0.022822 0.027244
3 0.807573 0.550481 0.025934 0.027244
3 0.860477 0.552885 0.030083 0.025641
3 0.920643 0.569712 0.034232 0.020833
3 0.954357 0.539263 0.020747 0.027244
3 0.956432 0.552885 0.020747 0.028846
3 0.974585 0.533654 0.028008 0.028846
3 0.935166 0.595353 0.032158 0.027244
3 0.959544 0.588141 0.020747 0.022436
3 0.964730 0.620192 0.029046 0.028846
3 0.951245 0.625801 0.020747 0.027244
3 0.932573 0.640224 0.024896 0.024038
3 0.932054 0.653045 0.028008 0.024038
3 0.864627 0.572115 0.021784 0.025641
3 0.877075 0.584936 0.030083 0.022436
3 0.864108 0.584936 0.024896 0.022436
3 0.853734 0.613782 0.022822 0.022436
3 0.824689 0.576122 0.024896 0.020833
3 0.827282 0.588942 0.030083 0.020833
3 0.808091 0.596154 0.029046 0.022436
3 0.797718 0.594551 0.029046 0.022436
3 0.793050 0.608173 0.025934 0.024038
3 0.780602 0.595353 0.021784 0.024038
3 0.772822 0.568109 0.022822 0.024038
3 0.750000 0.562500 0.020747 0.025641
3 0.740145 0.558494 0.030083 0.024038
3 0.722510 0.555288 0.030083 0.024038
3 0.704876 0.542468 0.030083 0.020833
3 0.715768 0.517628 0.033195 0.022436
3 0.683610 0.525641 0.020747 0.028846
3 0.681017 0.568910 0.034232 0.022436
3 0.685685 0.608173 0.029046 0.024038
3 0.734440 0.594551 0.031120 0.022436
3 0.740664 0.604968 0.024896 0.027244
3 0.757261 0.602564 0.022822 0.025641
3 0.751556 0.620994 0.030083 0.024038
3 0.749481 0.633814 0.030083 0.020833
3 0.737552 0.643429 0.024896 0.027244
3 0.716805 0.645032 0.026971 0.024038
3 0.785270 0.649038 0.033195 0.025641
3 0.797199 0.641827 0.028008 0.020833
3 0.789419 0.652244 0.024896 0.022436
3 0.786307 0.665064 0.031120 0.022436
3 0.808091 0.662660 0.033195 0.024038
3 0.795124 0.670673 0.023859 0.024038
3 0.843361 0.638622 0.033195 0.024038
3 0.876037 0.648237 0.032158 0.024038
3 0.874481 0.664263 0.029046 0.020833
3 0.845954 0.670673 0.021784 0.027244
3 0.835062 0.673878 0.029046 0.024038
3 0.848029 0.689103 0.036307 0.028846
3 0.817946 0.693910 0.032158 0.025641
3 0.825207 0.701122 0.021784 0.024038
3 0.842842 0.721955 0.032158 0.024038
3 0.880705 0.681891 0.033195 0.020833
3 0.875000 0.701923 0.028008 0.025641
3 0.933610 0.675481 0.022822 0.027244
3 0.955913 0.681891 0.036307 0.020833
3 0.987033 0.680288 0.025934 0.024038
3 0.986515 0.701923 0.026971 0.022436
3 0.965768 0.699519 0.033195 0.020833
3 0.921162 0.693910 0.037344 0.022436
3 0.904564 0.710737 0.026971 0.027244
3 0.928423 0.716346 0.029046 0.025641
3 0.959544 0.724359 0.029046 0.025641
3 0.981846 0.733974 0.032158 0.028846
3 0.991183 0.758013 0.017635 0.025641
3 0.990145 0.780449 0.019710 0.025641
3 0.932054 0.733974 0.030083 0.022436
3 0.927905 0.751603 0.025934 0.028846
3 0.911307 0.725962 0.021784 0.025641
3 0.894710 0.737179 0.025934 0.025641
3 0.849585 0.742788 0.022822 0.024038
3 0.896784 0.771635 0.030083 0.027244
3 0.871888 0.786058 0.028008 0.030449
3 0.953320 0.792468 0.026971 0.027244
3 0.975104 0.805288 0.029046 0.024038
3 0.959544 0.800481 0.026971 0.020833
3 0.977697 0.874199 0.025934 0.027244
3 0.990145 0.877404 0.019710 0.024038
3 0.991183 0.897436 0.017635 0.028846
3 0.968880 0.910256 0.022822 0.028846
3 0.989627 0.955128 0.020747 0.025641
3 0.945021 0.869391 0.022822 0.027244
3 0.897822 0.818109 0.025934 0.027244
3 0.906639 0.828526 0.033195 0.025641
3 0.897822 0.841346 0.025934 0.025641
3 0.953320 0.895032 0.022822 0.024038
3 0.956432 0.919071 0.033195 0.027244
3 0.930498 0.886218 0.022822 0.025641
3 0.931535 0.934295 0.022822 0.028846
3 0.945021 0.954327 0.022822 0.027244
3 0.969917 0.967147 0.035270 0.027244
3 0.955394 0.986378 0.029046 0.027244
3 0.934129 0.980769 0.034232 0.025641
3 0.905602 0.971955 0.029046 0.024038
3 0.901452 0.958333 0.026971 0.028846
3 0.906639 0.895833 0.020747 0.025641
3 0.898340 0.901442 0.022822 0.027244
3 0.874481 0.979167 0.026971 0.028846
3 0.862552 0.971955 0.025934 0.024038
3 0.846992 0.983173 0.030083 0.027244
3 0.828320 0.981571 0.036307 0.024038
3 0.835062 0.971955 0.035270 0.027244
3 0.845954 0.955128 0.023859 0.025641
3 0.829876 0.942308 0.022822 0.025641
3 0.804979 0.969551 0.026971 0.025641
3 0.795643 0.967949 0.026971 0.028846
3 0.781639 0.932692 0.021784 0.025641
3 0.854253 0.885417 0.030083 0.024038
3 0.851660 0.857372 0.035270 0.022436
3 0.829876 0.854968 0.035270 0.027244
3 0.868257 0.816506 0.024896 0.027244
3 0.856846 0.812500 0.031120 0.025641
3 0.846473 0.766026 0.033195 0.025641
3 0.736515 0.965545 0.022822 0.030449
3 0.698133 0.986378 0.031120 0.027244
3 0.716286 0.939904 0.030083 0.027244
3 0.759336 0.927885 0.031120 0.025641
3 0.765560 0.931891 0.026971 0.027244
3 0.690871 0.958333 0.033195 0.025641
3 0.662344 0.960737 0.025934 0.024038
3 0.645747 0.964744 0.025934 0.028846
3 0.615664 0.979167 0.032158 0.025641
3 0.637448 0.963942 0.032158 0.024038
3 0.604253 0.969551 0.025934 0.022436
3 0.614627 0.967147 0.028008 0.024038
3 0.598548 0.957532 0.031120 0.024038
3 0.595954 0.943109 0.034232 0.027244
3 0.645228 0.938301 0.033195 0.027244
3 0.633299 0.937500 0.030083 0.022436
3 0.621369 0.922276 0.024896 0.024038
3 0.713693 0.910256 0.035270 0.022436
3 0.722510 0.883814 0.030083 0.030449
3 0.764523 0.877404 0.020747 0.020833
3 0.766079 0.887019 0.030083 0.020833
3 0.683610 0.879006 0.033195 0.027244
3 0.657158 0.902244 0.025934 0.022436
3 0.651971 0.891827 0.028008 0.024038
3 0.650415 0.883013 0.024896 0.019231
3 0.642635 0.887821 0.025934 0.025641
3 0.627075 0.883814 0.036307 0.024038
3 0.577801 0.904647 0.031120 0.027244
3 0.561722 0.962340 0.028008 0.024038
3 0.544606 0.966346 0.022822 0.028846
3 0.550311 0.979968 0.028008 0.024038
3 0.571577 0.981571 0.031120 0.024038
3 0.553942 0.983173 0.020747 0.020833
3 0.521784 0.981571 0.026971 0.024038
3 0.515041 0.959135 0.032158 0.027244
3 0.497925 0.968750 0.026971 0.024038
3 0.485477 0.961538 0.031120 0.028846
3 0.454357 0.967949 0.029046 0.025641
3 0.439834 0.975962 0.033195 0.025641
3 0.412344 0.975962 0.032158 0.025641
3 0.395747 0.979968 0.023859 0.020833
3 0.377075 0.976763 0.023859 0.014423
3 0.291494 0.987981 0.020747 0.020833
3 0.322614 0.969551 0.029046 0.022436
3 0.333506 0.983173 0.028008 0.024038
3 0.351660 0.976763 0.029046 0.024038
3 0.368776 0.971154 0.028008 0.022436
3 0.385892 0.970353 0.024896 0.017628
3 0.388485 0.963141 0.028008 0.022436
3 0.381224 0.963942 0.032158 0.027244
3 0.390041 0.955128 0.029046 0.025641
3 0.400934 0.950321 0.032158 0.025641
3 0.411826 0.943910 0.041494 0.022436
3 0.422199 0.962340 0.029046 0.024038
3 0.439315 0.931891 0.036307 0.024038
3 0.452282 0.932692 0.031120 0.028846
3 0.480290 0.932692 0.037344 0.025641
3 0.492220 0.917468 0.030083 0.024038
3 0.454357 0.912660 0.035270 0.024038
3 0.425830 0.927885 0.023859 0.028846
3 0.397822 0.915865 0.021784 0.027244
3 0.405083 0.907051 0.032158 0.025641
3 0.343361 0.941506 0.031120 0.027244
3 0.314315 0.942308 0.024896 0.022436
3 0.338693 0.935897 0.034232 0.032051
3 0.301349 0.931891 0.023859 0.024038
3 0.361515 0.913462 0.038382 0.025641
3 0.370851 0.903846 0.025934 0.025641
3 0.353216 0.899840 0.032158 0.024038
3 0.353734 0.891827 0.029046 0.024038
3 0.399896 0.883013 0.034232 0.022436
3 0.427905 0.878205 0.032158 0.025641
3 0.471473 0.895833 0.032158 0.028846
3 0.469917 0.878205 0.035270 0.022436
3 0.503112 0.885417 0.022822 0.027244
3 0.517635 0.887821 0.026971 0.025641
3 0.535270 0.895032 0.033195 0.027244
3 0.557054 0.888622 0.024896 0.027244
3 0.556535 0.875000 0.025934 0.028846
3 0.586618 0.865385 0.030083 0.032051
3 0.562241 0.862981 0.024896 0.027244
3 0.617739 0.842147 0.021784 0.030449
3 0.600104 0.838942 0.023859 0.027244
3 0.607365 0.833333 0.028008 0.025641
3 0.576763 0.836538 0.022822 0.032051
3 0.587137 0.834936 0.031120 0.032051
3 0.658714 0.858173 0.029046 0.024038
3 0.668568 0.846154 0.032158 0.022436
3 0.663900 0.836538 0.029046 0.022436
3 0.677905 0.824519 0.034232 0.030449
3 0.755187 0.843750 0.033195 0.024038
3 0.741183 0.813301 0.032158 0.024038
3 0.763485 0.816506 0.024896 0.027244
3 0.794087 0.816506 0.023859 0.030449
3 0.779046 0.769231 0.020747 0.032051
3 0.764004 0.778846 0.017635 0.025641
3 0.761411 0.772436 0.024896 0.028846
3 0.766598 0.743590 0.024896 0.025641
3 0.824170 0.733173 0.032158 0.027244
3 0.804461 0.737981 0.032158 0.024038
3 0.793050 0.729167 0.032158 0.028846
3 0.779046 0.694712 0.026971 0.027244
3 0.761929 0.719551 0.032158 0.032051
3 0.753631 0.696314 0.038382 0.024038
3 0.741701 0.679487 0.020747 0.032051
3 0.732884 0.682692 0.028008 0.025641
3 0.723029 0.685897 0.024896 0.025641
3 0.715249 0.716346 0.025934 0.025641
3 0.696058 0.791667 0.020747 0.032051
3 0.693465 0.717147 0.028008 0.027244
3 0.704876 0.703526 0.030083 0.032051
3 0.684647 0.689103 0.026971 0.025641
3 0.694502 0.657853 0.028008 0.027244
3 0.667012 0.712340 0.035270 0.030449
3 0.677905 0.750801 0.028008 0.027244
3 0.678942 0.794872 0.034232 0.028846
3 0.657158 0.791667 0.032158 0.022436
3 0.647303 0.782853 0.031120 0.027244
3 0.623963 0.806090 0.028008 0.025641
3 0.606328 0.804487 0.030083 0.022436
3 0.525415 0.848558 0.023859 0.027244
3 0.533195 0.834135 0.024896 0.027244
3 0.538900 0.811699 0.032158 0.027244
3 0.513485 0.813301 0.031120 0.027244
3 0.500000 0.838141 0.031120 0.025641
3 0.472510 0.854167 0.023859 0.025641
3 0.464730 0.847756 0.029046 0.025641
3 0.415975 0.866987 0.024896 0.025641
3 0.398340 0.875000 0.022822 0.025641
3 0.447614 0.853365 0.032158 0.027244
3 0.437759 0.850962 0.024896 0.028846
3 0.373444 0.866987 0.020747 0.025641
3 0.380187 0.855769 0.025934 0.025641
3 0.384336 0.837340 0.030083 0.030449
3 0.355290 0.842949 0.032158 0.025641
3 0.339212 0.852564 0.026971 0.028846
3 0.339212 0.834135 0.026971 0.030449
3 0.359440 0.817308 0.025934 0.028846
3 0.381743 0.811699 0.024896 0.027244
3 0.413900 0.810096 0.026971 0.030449
3 0.420643 0.809295 0.021784 0.032051
3 0.430498 0.775641 0.020747 0.032051
3 0.402490 0.774038 0.020747 0.032051
3 0.361515 0.783654 0.021784 0.032051
3 0.369813 0.777244 0.030083 0.032051
3 0.310685 0.810897 0.030083 0.025641
3 0.296162 0.804487 0.023859 0.025641
3 0.319502 0.798878 0.033195 0.027244
3 0.328320 0.793269 0.030083 0.025641
3 0.339730 0.782853 0.032158 0.024038
3 0.317427 0.786859 0.024896 0.025641
3 0.321577 0.767628 0.033195 0.022436
3 0.340249 0.748397 0.031120 0.028846
3 0.368776 0.752404 0.028008 0.027244
3 0.375000 0.731571 0.030083 0.027244
3 0.328838 0.726763 0.026971 0.027244
3 0.329357 0.690705 0.023859 0.028846
3 0.321058 0.693910 0.025934 0.025641
3 0.336100 0.668269 0.035270 0.025641
3 0.357365 0.681090 0.030083 0.025641
3 0.358921 0.665064 0.022822 0.025641
3 0.376037 0.699519 0.028008 0.027244
3 0.408195 0.713141 0.034232 0.022436
3 0.428942 0.725962 0.034232 0.025641
3 0.413382 0.703526 0.028008 0.025641
3 0.433091 0.716346 0.023859 0.025641
3 0.454876 0.708333 0.032158 0.025641
3 0.398859 0.669872 0.032158 0.028846
3 0.386411 0.657853 0.023859 0.027244
3 0.409751 0.625000 0.029046 0.028846
3 0.341286 0.582532 0.026971 0.024038
3 0.312759 0.600962 0.028008 0.028846
3 0.323651 0.595353 0.026971 0.024038
3 0.289938 0.592949 0.025934 0.025641
3 0.298237 0.583333 0.034232 0.025641
3 0.286826 0.575321 0.025934 0.025641
3 0.276452 0.545673 0.032158 0.024038
3 0.297199 0.556090 0.025934 0.028846
3 0.314834 0.568910 0.032158 0.022436
3 0.334544 0.570513 0.032158 0.028846
3 0.385373 0.591346 0.028008 0.025641
3 0.391079 0.576122 0.022822 0.027244
3 0.382261 0.567308 0.028008 0.028846
3 0.363071 0.556090 0.029046 0.025641
3 0.372407 0.556090 0.026971 0.028846
3 0.261411 0.509615 0.020747 0.025641
3 0.334544 0.520032 0.023859 0.027244
3 0.335581 0.504808 0.023859 0.028846
3 0.273340 0.474359 0.021784 0.025641
3 0.253631 0.463141 0.025934 0.028846
3 0.289419 0.466346 0.029046 0.025641
3 0.281639 0.455128 0.025934 0.025641
3 0.277490 0.443109 0.032158 0.024038
3 0.298755 0.436699 0.029046 0.024038
3 0.265041 0.419872 0.025934 0.022436
3 0.283714 0.407853 0.030083 0.027244
3 0.273340 0.384615 0.023859 0.025641
3 0.306017 0.363782 0.033195 0.022436
3 0.309647 0.345353 0.028008 0.024038
3 0.286826 0.338141 0.030083 0.028846
3 0.279046 0.301282 0.024896 0.025641
3 0.301349 0.265224 0.030083 0.027244
3 0.341286 0.258013 0.026971 0.028846
3 0.353216 0.248397 0.023859 0.028846
3 0.313797 0.289263 0.023859 0.027244
3 0.341805 0.289263 0.028008 0.027244
3 0.356328 0.289263 0.023859 0.027244
3 0.379668 0.287660 0.029046 0.027244
3 0.370851 0.294872 0.021784 0.022436
3 0.400415 0.277244 0.029046 0.025641
3 0.412863 0.274038 0.024896 0.028846
3 0.343361 0.338141 0.031120 0.025641
3 0.376556 0.321314 0.026971 0.027244
3 0.358921 0.351763 0.029046 0.027244
3 0.337656 0.386218 0.025934 0.028846
3 0.321577 0.417468 0.022822 0.030449
3 0.321577 0.431891 0.022822 0.030449
3 0.341805 0.399840 0.023859 0.027244
3 0.357365 0.387821 0.025934 0.025641
3 0.370851 0.384615 0.030083 0.028846
3 0.395228 0.358173 0.029046 0.024038
3 0.388485 0.395833 0.023859 0.025641
3 0.429461 0.368590 0.029046 0.025641
3 0.427386 0.347756 0.022822 0.025641
3 0.416494 0.321314 0.028008 0.024038
3 0.411826 0.313301 0.024896 0.027244
3 0.438797 0.307692 0.024896 0.025641
3 0.470954 0.296474 0.031120 0.025641
3 0.451763 0.349359 0.021784 0.025641
3 0.470436 0.354968 0.030083 0.024038
3 0.518154 0.335737 0.030083 0.024038
3 0.474066 0.362179 0.024896 0.022436
3 0.498963 0.353365 0.022822 0.024038
3 0.510892 0.354968 0.023859 0.024038
3 0.547718 0.359776 0.022822 0.027244
3 0.554461 0.392628 0.023859 0.025641
3 0.517635 0.403846 0.031120 0.025641
3 0.517116 0.421474 0.025934 0.025641
3 0.538382 0.444712 0.029046 0.024038
3 0.563278 0.435096 0.022822 0.027244
3 0.592842 0.433494 0.032158 0.024038
3 0.636929 0.449519 0.035270 0.020833
3 0.646784 0.446314 0.025934 0.024038
3 0.653008 0.482372 0.023859 0.022436
3 0.653527 0.495994 0.022822 0.024038
3 0.604253 0.475160 0.032158 0.017628
3 0.568983 0.455929 0.030083 0.024038
3 0.571577 0.478365 0.031120 0.024038
3 0.600622 0.496795 0.029046 0.025641
3 0.606846 0.533654 0.031120 0.025641
3 0.541494 0.474359 0.026971 0.025641
3 0.662863 0.532051 0.020747 0.022436
3 0.648340 0.525641 0.020747 0.025641
3 0.651971 0.532051 0.028008 0.022436
3 0.634336 0.540865 0.025934 0.024038
3 0.641598 0.546474 0.025934 0.025641
3 0.550830 0.508814 0.026971 0.027244
3 0.509336 0.471154 0.026971 0.025641
3 0.499481 0.491987 0.030083 0.022436
3 0.467842 0.399038 0.026971 0.028846
3 0.435685 0.393429 0.022822 0.027244
3 0.400415 0.418269 0.031120 0.022436
3 0.380705 0.430288 0.024896 0.027244
3 0.344398 0.458333 0.022822 0.025641
3 0.346992 0.470353 0.030083 0.024038
3 0.362033 0.463141 0.022822 0.025641
3 0.428423 0.423878 0.024896 0.027244
3 0.452282 0.427885 0.022822 0.032051
3 0.433610 0.457532 0.020747 0.024038
3 0.417012 0.491987 0.029046 0.022436
3 0.399896 0.513622 0.023859 0.027244
3 0.417531 0.510417 0.030083 0.027244
3 0.412344 0.537660 0.023859 0.024038
3 0.466805 0.451923 0.029046 0.025641
3 0.466286 0.459936 0.028008 0.022436
3 0.463693 0.474359 0.033195 0.022436
3 0.445021 0.510417 0.020747 0.024038
3 0.453320 0.540865 0.024896 0.027244
3 0.432054 0.555288 0.023859 0.027244
3 0.448651 0.563301 0.028008 0.024038
3 0.464212 0.564904 0.030083 0.027244
3 0.490664 0.548077 0.026971 0.025641
3 0.496888 0.550481 0.024896 0.024038
3 0.491701 0.567308 0.026971 0.025641
3 0.532158 0.518429 0.031120 0.024038
3 0.519191 0.540064 0.023859 0.028846
3 0.529046 0.546474 0.024896 0.025641
3 0.557573 0.532051 0.023859 0.025641
3 0.568983 0.581731 0.023859 0.028846
3 0.540456 0.586538 0.024896 0.025641
3 0.564315 0.609776 0.026971 0.027244
3 0.594398 0.587340 0.029046 0.027244
3 0.584025 0.604167 0.031120 0.025641
3 0.636411 0.613782 0.025934 0.025641
3 0.638485 0.642628 0.030083 0.025641
3 0.623963 0.660256 0.021784 0.028846
3 0.655083 0.676282 0.023859 0.025641
3 0.657158 0.689103 0.032158 0.022436
3 0.661826 0.680288 0.031120 0.020833
3 0.649378 0.726763 0.026971 0.027244
3 0.609959 0.733974 0.035270 0.022436
3 0.608402 0.714744 0.028008 0.019231
3 0.586618 0.791667 0.036307 0.025641
3 0.570539 0.792468 0.026971 0.027244
3 0.574689 0.771635 0.029046 0.027244
3 0.529046 0.766026 0.024896 0.025641
3 0.480809 0.833333 0.025934 0.025641
3 0.483402 0.827724 0.026971 0.027244
3 0.492220 0.754808 0.028008 0.025641
3 0.488071 0.734776 0.025934 0.024038
3 0.492739 0.721955 0.024896 0.027244
3 0.518154 0.736378 0.023859 0.027244
3 0.540975 0.733974 0.025934 0.025641
3 0.561203 0.745994 0.022822 0.030449
3 0.549793 0.726763 0.026971 0.027244
3 0.542012 0.697115 0.034232 0.028846
3 0.495332 0.685096 0.028008 0.030449
3 0.460581 0.673077 0.024896 0.028846
3 0.446058 0.655449 0.022822 0.032051
3 0.448651 0.638622 0.023859 0.024038
3 0.444502 0.623397 0.028008 0.025641
3 0.431535 0.601763 0.029046 0.027244
3 0.453838 0.597756 0.025934 0.028846
3 0.476660 0.633013 0.021784 0.028846
3 0.507261 0.621795 0.031120 0.025641
3 0.511929 0.612981 0.021784 0.030449
3 0.521784 0.633814 0.029046 0.024038
3 0.548755 0.625801 0.024896 0.027244
3 0.525934 0.661859 0.033195 0.028846
3 0.552905 0.672276 0.033195 0.024038
3 0.587137 0.691506 0.031120 0.024038
3 0.598029 0.693910 0.023859 0.025641
3 0.601141 0.668269 0.028008 0.025641