1 0.656667 0.996341 0.080000 0.007317
1 0.996667 0.934146 0.006667 0.043902
1 0.326667 0.890244 0.053333 0.053659
1 0.743333 0.741463 0.080000 0.043902
1 0.086667 0.924390 0.060000 0.043902
1 0.126667 0.778049 0.073333 0.058537
1 0.053333 0.729268 0.060000 0.039024
1 0.123333 0.678049 0.073333 0.043902
1 0.033333 0.656098 0.040000 0.034146
1 0.110000 0.631707 0.046667 0.043902
1 0.116667 0.590244 0.053333 0.039024
1 0.053333 0.512195 0.046667 0.043902
1 0.390000 0.673171 0.066667 0.073171
1 0.460000 0.651220 0.073333 0.053659
1 0.503333 0.624390 0.066667 0.053659
1 0.433333 0.607317 0.073333 0.048780
1 0.453333 0.526829 0.060000 0.048780
1 0.613333 0.497561 0.073333 0.053659
1 0.566667 0.468293 0.053333 0.048780
1 0.643333 0.448780 0.066667 0.063415
1 0.770000 0.346341 0.060000 0.053659
1 0.300000 0.417073 0.080000 0.043902
1 0.450000 0.436585 0.066667 0.053659
1 0.643333 0.365854 0.060000 0.053659
1 0.603333 0.346341 0.086667 0.048780
1 0.476667 0.373171 0.086667 0.039024
1 0.480000 0.348780 0.080000 0.034146
1 0.483333 0.314634 0.080000 0.043902
1 0.180000 0.353659 0.066667 0.048780
1 0.250000 0.351220 0.066667 0.043902
1 0.040000 0.400000 0.053333 0.048780
1 0.113333 0.287805 0.060000 0.034146
1 0.116667 0.263415 0.066667 0.034146
1 0.153333 0.248780 0.073333 0.043902
1 0.243333 0.278049 0.066667 0.048780
1 0.283333 0.304878 0.066667 0.053659
1 0.260000 0.182927 0.073333 0.053659
1 0.413333 0.273171 0.073333 0.043902
1 0.410000 0.234146 0.080000 0.043902
1 0.423333 0.187805 0.073333 0.053659
1 0.706667 0.143902 0.066667 0.048780
1 0.983333 0.180488 0.033333 0.053659
1 0.780000 0.073171 0.073333 0.053659
1 0.466667 0.046341 0.073333 0.039024
1 0.283333 0.087805 0.053333 0.053659
1 0.223333 0.060976 0.073333 0.043902
1 0.043333 0.039024 0.040000 0.039024