0 0.644531 0.097917 0.060937 0.075000
0 0.303125 0.172917 0.062500 0.083333
0 0.089063 0.281250 0.062500 0.083333
0 0.428906 0.486458 0.035937 0.072917
0 0.258594 0.597917 0.051562 0.079167
0 0.137500 0.622917 0.062500 0.050000
0 0.145313 0.801042 0.056250 0.064583
0 0.117188 0.886458 0.062500 0.064583
0 0.326562 0.798958 0.040625 0.077083
0 0.404687 0.764583 0.037500 0.070833
0 0.453125 0.781250 0.046875 0.083333
0 0.332031 0.597917 0.048438 0.054167
0 0.145313 0.731250 0.062500 0.045833
0 0.403125 0.645833 0.062500 0.045833
0 0.503125 0.905208 0.062500 0.047917
0 0.396094 0.878125 0.035937 0.056250
0 0.685937 0.702083 0.043750 0.112500
0 0.815625 0.519792 0.046875 0.102083
0 0.650000 0.804167 0.034375 0.066667
0 0.838281 0.606250 0.032813 0.050000
0 1.009375 0.275000 0.043750 0.054167
0 0.775781 0.895833 0.042188 0.054167