0 0.139844 0.061458 0.042188 0.064583
0 0.166406 0.103125 0.048438 0.064583
0 0.262500 0.125000 0.056250 0.083333
0 0.349219 0.067708 0.042188 0.047917
0 0.071875 0.201042 0.062500 0.060417
0 0.092188 0.352083 0.062500 0.070833
0 0.276562 0.366667 0.062500 0.062500
0 0.412500 0.370833 0.050000 0.079167
0 0.439844 0.481250 0.051562 0.054167
0 0.541406 0.425000 0.048438 0.083333
0 0.563281 0.151042 0.054688 0.068750
0 0.607031 0.111458 0.054688 0.060417
0 0.792188 0.152083 0.059375 0.087500
0 0.854688 0.085417 0.062500 0.070833
0 0.921875 0.178125 0.056250 0.060417
0 0.882031 0.229167 0.039062 0.058333
0 0.733594 0.342708 0.054688 0.081250
0 0.858594 0.443750 0.051562 0.083333
0 0.036719 0.148958 0.048438 0.060417
0 0.126562 0.569792 0.050000 0.081250
0 0.082812 0.569792 0.040625 0.068750
0 0.164062 0.637500 0.062500 0.062500
0 0.206250 0.633333 0.053125 0.075000
0 0.313281 0.602083 0.042188 0.083333
0 0.257812 0.708333 0.062500 0.062500
0 0.235156 0.721875 0.054688 0.064583
0 0.234375 0.807292 0.062500 0.064583
0 0.224219 0.879167 0.035937 0.054167
0 0.239844 0.983333 0.057813 0.058333
0 0.439844 0.866667 0.048438 0.083333
0 0.517969 0.869792 0.045312 0.056250
0 0.547656 0.962500 0.045312 0.066667
0 0.552344 0.833333 0.060937 0.066667
0 0.538281 0.686458 0.048438 0.047917
0 0.650000 0.708333 0.053125 0.070833
0 0.746875 0.718750 0.062500 0.083333
0 0.764844 0.894792 0.070312 0.081250
0 0.689063 0.854167 0.043750 0.045833
0 0.882812 0.859375 0.062500 0.060417
0 0.917969 0.861458 0.051562 0.068750
0 0.946875 0.667708 0.062500 0.056250