0 0.050781 0.166667 0.054688 0.083333
0 0.032813 0.193750 0.043750 0.058333
0 0.125781 0.097917 0.051562 0.083333
0 0.167187 0.102083 0.043750 0.070833
0 0.314844 0.063542 0.048438 0.068750
0 0.425000 0.319792 0.050000 0.077083
0 0.239063 0.308333 0.053125 0.070833
0 0.060937 0.265625 0.062500 0.064583
0 0.069531 0.336458 0.060937 0.060417
0 0.032031 0.352083 0.039062 0.050000
0 0.125000 0.472917 0.046875 0.054167
0 0.110937 0.492708 0.050000 0.035417
0 0.057031 0.546875 0.051562 0.064583
0 0.107813 0.564583 0.062500 0.058333
0 0.175000 0.585417 0.062500 0.062500
0 0.148438 0.691667 0.062500 0.054167
0 0.226562 0.717708 0.062500 0.052083
0 0.187500 0.684375 0.062500 0.052083
0 0.245312 0.712500 0.062500 0.058333
0 0.184375 0.878125 0.050000 0.052083
0 0.198437 0.953125 0.062500 0.052083
0 0.453125 0.866667 0.043750 0.070833
0 0.312500 0.572917 0.043750 0.083333
0 0.395313 0.445833 0.053125 0.062500
0 0.525781 0.459375 0.051562 0.072917
0 0.340625 0.934375 0.062500 0.060417
0 0.503125 0.903125 0.062500 0.052083
0 0.535937 0.945833 0.062500 0.062500
0 0.496094 0.753125 0.042188 0.077083
0 0.665625 0.604167 0.062500 0.066667
0 0.713281 0.739583 0.042188 0.066667
0 0.732031 0.819792 0.082812 0.077083
0 0.770312 0.857292 0.071875 0.068750
0 0.846875 0.729167 0.062500 0.050000
0 0.844531 0.687500 0.048438 0.066667
0 0.671094 0.381250 0.054688 0.079167
0 0.514062 0.200000 0.056250 0.075000
0 0.503125 0.059375 0.056250 0.060417
0 0.764062 0.125000 0.062500 0.083333
0 0.847656 0.348958 0.048438 0.081250
0 0.928125 0.288542 0.040625 0.056250
0 1.010156 0.243750 0.039062 0.045833