0 0.323437 0.135417 0.056250 0.083333
0 0.245312 0.412500 0.062500 0.083333
0 0.314063 0.370833 0.043750 0.083333
0 0.098437 0.252083 0.037500 0.050000
0 0.157812 0.481250 0.062500 0.070833
0 0.104688 0.471875 0.059375 0.047917
0 0.032813 0.673958 0.043750 0.068750
0 0.053125 0.680208 0.037500 0.068750
0 0.124219 0.969792 0.051562 0.089583
0 0.306250 0.620833 0.037500 0.083333
0 0.328906 0.873958 0.048438 0.056250
0 0.403906 0.804167 0.064062 0.083333
0 0.453125 0.502083 0.062500 0.066667
0 0.660156 0.538542 0.057813 0.072917
0 0.750781 0.413542 0.051562 0.047917
0 0.824219 0.432292 0.054688 0.081250
0 0.875000 0.796875 0.062500 0.068750
0 0.895312 0.838542 0.053125 0.068750
0 0.966406 0.902083 0.054688 0.075000
0 0.990625 0.850000 0.062500 0.041667
0 0.934375 0.421875 0.062500 0.043750
0 0.931250 0.277083 0.062500 0.079167
0 0.959375 0.220833 0.050000 0.066667
0 0.796875 0.255208 0.056250 0.047917
0 0.684375 0.208333 0.053125 0.083333
0 0.848437 0.121875 0.043750 0.060417
0 0.722656 0.061458 0.048438 0.077083