0 0.629687 0.073958 0.056250 0.081250
0 0.592969 0.144792 0.048438 0.081250
0 0.292187 0.152083 0.050000 0.041667
0 0.350781 0.152083 0.051562 0.083333
0 0.510938 0.393750 0.075000 0.070833
0 0.954688 0.263542 0.037500 0.077083
0 0.330469 0.379167 0.054688 0.083333
0 0.159375 0.363542 0.062500 0.047917
0 0.089844 0.447917 0.035937 0.079167
0 0.155469 0.510417 0.042188 0.083333
0 0.110937 0.555208 0.037500 0.081250
0 0.162500 0.683333 0.050000 0.070833
0 0.286719 0.552083 0.023438 0.058333
0 0.303125 0.437500 0.050000 0.075000
0 0.364063 0.234375 0.040625 0.072917
0 0.729688 0.496875 0.062500 0.056250
0 0.043750 0.879167 0.037500 0.083333
0 0.148438 0.868750 0.046875 0.083333
0 0.202344 0.981250 0.045312 0.083333
0 0.739062 0.646875 0.037500 0.068750
0 0.897656 0.850000 0.039062 0.083333
0 0.515625 0.887500 0.062500 0.062500