0 0.107813 0.386458 0.062500 0.064583
0 0.296094 0.288542 0.057813 0.052083
0 0.291406 0.348958 0.057813 0.068750
0 0.486719 0.307292 0.057813 0.081250
0 0.292187 0.463542 0.062500 0.047917
0 0.373437 0.591667 0.059375 0.075000
0 0.071094 0.631250 0.039062 0.083333
0 0.514844 0.441667 0.035937 0.050000
0 0.783594 0.393750 0.035937 0.054167
0 0.746875 0.542708 0.050000 0.068750
0 0.898438 0.463542 0.050000 0.052083
0 0.891406 0.601042 0.054688 0.060417
0 0.923438 0.620833 0.043750 0.070833
0 0.730469 0.187500 0.060937 0.083333
0 0.848437 0.055208 0.062500 0.064583
0 0.922656 0.062500 0.051562 0.050000
0 0.514062 0.626042 0.050000 0.047917
0 0.486719 0.695833 0.048438 0.079167
0 0.417187 0.708333 0.062500 0.054167
0 0.600781 0.784375 0.057813 0.043750
0 0.768750 0.934375 0.053125 0.077083
0 0.654687 0.990625 0.062500 0.052083
0 0.922656 0.880208 0.057813 0.081250
0 0.983594 0.871875 0.048438 0.039583
0 0.428906 0.973958 0.035937 0.043750
0 0.026562 0.798958 0.037500 0.068750
0 0.146094 0.247917 0.045312 0.050000
0 0.325781 0.769792 0.051562 0.052083
0 0.128125 0.987500 0.050000 0.062500