0 0.146875 0.132292 0.043750 0.052083
0 0.028125 0.257292 0.043750 0.056250
0 0.078906 0.550000 0.039062 0.083333
0 0.157812 0.587500 0.043750 0.083333
0 0.128125 0.638542 0.034375 0.068750
0 0.107813 0.717708 0.078125 0.077083
0 0.040625 0.804167 0.043750 0.079167
0 0.200000 0.758333 0.053125 0.083333
0 0.163281 0.678125 0.042188 0.060417
0 0.269531 0.996875 0.048438 0.064583
0 0.312500 0.696875 0.043750 0.052083
0 0.371875 0.646875 0.040625 0.039583
0 0.229687 0.384375 0.062500 0.052083
0 0.314063 0.369792 0.062500 0.081250
0 0.398438 0.401042 0.056250 0.072917
0 0.354687 0.259375 0.046875 0.068750
0 0.410938 0.086458 0.062500 0.064583
0 0.581250 0.077083 0.056250 0.083333
0 0.565625 0.306250 0.053125 0.083333
0 0.644531 0.639583 0.051562 0.062500
0 0.684375 0.590625 0.062500 0.047917
0 0.992188 0.765625 0.062500 0.060417
0 0.975000 0.280208 0.040625 0.068750