0 0.206250 0.171875 0.034375 0.052083
0 0.054688 0.467708 0.062500 0.064583
0 0.321875 0.270833 0.062500 0.054167
0 0.348438 0.327083 0.046875 0.083333
0 0.509375 0.304167 0.062500 0.083333
0 0.779687 0.116667 0.062500 0.083333
0 0.996094 0.085417 0.048438 0.058333
0 0.979688 0.250000 0.062500 0.083333
0 0.985938 0.450000 0.062500 0.083333
0 0.906250 0.520833 0.037500 0.083333
0 0.818750 0.552083 0.062500 0.083333
0 0.729688 0.406250 0.028125 0.050000
0 0.413281 0.557292 0.051562 0.056250
0 0.085938 0.656250 0.043750 0.083333
0 0.505469 0.720833 0.045312 0.083333
0 0.394531 0.611458 0.048438 0.072917
0 0.415625 0.946875 0.031250 0.056250
0 0.498437 1.016667 0.062500 0.066667
0 0.495312 0.948958 0.062500 0.039583
0 0.667188 0.976042 0.062500 0.056250
0 0.801562 0.971875 0.043750 0.077083
0 0.535156 0.605208 0.054688 0.047917
0 0.400781 0.750000 0.051562 0.045833
0 0.158594 0.918750 0.035937 0.037500
0 0.657813 0.726042 0.040625 0.043750
0 0.943750 0.911458 0.040625 0.052083
0 0.379688 0.387500 0.053125 0.041667
0 1.002344 0.818750 0.048438 0.050000
0 1.006250 0.882292 0.031250 0.077083
0 0.441406 0.284375 0.029687 0.035417