0 0.054688 0.063542 0.053125 0.077083
0 0.232031 0.094792 0.039062 0.081250
0 0.289062 0.059375 0.056250 0.056250
0 0.380469 0.091667 0.054688 0.083333
0 0.302344 0.053125 0.048438 0.077083
0 0.583594 0.073958 0.042188 0.047917
0 0.648438 0.066667 0.043750 0.083333
0 0.764844 0.077083 0.051562 0.083333
0 0.976562 0.162500 0.062500 0.079167
0 0.684375 0.225000 0.034375 0.054167
0 0.642969 0.283333 0.057813 0.037500
0 0.689844 0.371875 0.048438 0.072917
0 0.524219 0.464583 0.045312 0.045833
0 0.489844 0.504167 0.054688 0.070833
0 0.282813 0.380208 0.062500 0.077083
0 0.225781 0.426042 0.045312 0.081250
0 0.171875 0.411458 0.062500 0.064583
0 0.143750 0.512500 0.053125 0.083333
0 0.317188 0.590625 0.053125 0.077083
0 0.057813 0.716667 0.043750 0.083333
0 0.107813 0.935417 0.046875 0.083333
0 0.236719 0.988542 0.070312 0.047917
0 0.239844 0.895833 0.042188 0.083333
0 0.907813 0.881250 0.031250 0.079167
0 0.912500 0.960417 0.034375 0.070833
0 0.885156 0.740625 0.045312 0.056250