1 0.925000 0.921951 0.070000 0.053659
1 0.855000 0.893902 0.070000 0.051220
1 0.373333 0.960976 0.066667 0.043902
1 0.211667 0.963415 0.070000 0.048780
1 0.256667 0.914634 0.080000 0.048780
1 0.170000 0.865854 0.073333 0.048780
1 0.310000 0.776829 0.053333 0.036585
1 0.331667 0.721951 0.043333 0.039024
1 0.398333 0.802439 0.070000 0.048780
1 0.498333 0.724390 0.070000 0.048780
1 0.961667 0.486585 0.070000 0.051220
1 0.840000 0.514634 0.066667 0.053659
1 0.538333 0.624390 0.070000 0.048780
1 0.381667 0.598780 0.056667 0.041463
1 0.075000 0.700000 0.070000 0.048780
1 0.025000 0.634146 0.050000 0.048780
1 0.071667 0.652439 0.056667 0.041463
1 0.101667 0.601220 0.056667 0.041463
1 0.475000 0.556098 0.070000 0.048780
1 0.536667 0.541463 0.066667 0.048780
1 0.533333 0.492683 0.066667 0.048780
1 0.036667 0.443902 0.060000 0.039024
1 0.070000 0.426829 0.073333 0.048780
1 0.243333 0.524390 0.060000 0.043902
1 0.170000 0.370732 0.066667 0.043902
1 0.215000 0.420732 0.063333 0.046341
1 0.263333 0.469512 0.060000 0.046341
1 0.406667 0.473171 0.066667 0.048780
1 0.615000 0.380488 0.070000 0.053659
1 0.285000 0.347561 0.070000 0.051220
1 0.288333 0.407317 0.070000 0.053659
1 0.351667 0.415854 0.070000 0.056098
1 0.435000 0.426829 0.056667 0.043902
1 0.488333 0.420732 0.063333 0.051220
1 0.483333 0.358537 0.073333 0.048780
1 0.428333 0.342683 0.056667 0.036585
1 0.775000 0.282927 0.063333 0.048780
1 0.736667 0.275610 0.066667 0.048780
1 0.580000 0.296341 0.060000 0.041463
1 0.890000 0.169512 0.066667 0.041463
1 0.336667 0.308537 0.066667 0.051220
1 0.216667 0.280488 0.073333 0.058537
1 0.448333 0.206098 0.076667 0.051220
1 0.200000 0.190244 0.073333 0.048780
1 0.416667 0.148780 0.066667 0.043902
1 0.823333 0.097561 0.066667 0.039024
1 0.898333 0.046341 0.063333 0.053659
1 0.776667 0.085366 0.066667 0.048780
1 0.030000 0.136585 0.060000 0.048780
1 0.116667 0.141463 0.066667 0.043902
1 0.220000 0.153659 0.066667 0.048780
1 0.223333 0.121951 0.080000 0.048780
1 0.386667 0.121951 0.080000 0.048780
1 0.330000 0.073171 0.053333 0.039024
1 0.065000 0.104878 0.056667 0.043902
1 0.030000 0.056098 0.060000 0.039024
1 0.210000 0.020732 0.066667 0.041463
1 0.295000 0.034146 0.056667 0.048780