1 0.110000 0.951220 0.080000 0.048780
1 0.183333 0.956098 0.066667 0.058537
1 0.345000 0.956098 0.056667 0.048780
1 0.390000 0.985366 0.053333 0.029268
1 0.776667 0.945122 0.066667 0.046341
1 0.130000 0.873171 0.066667 0.048780
1 0.116667 0.834146 0.053333 0.048780
1 0.718333 0.807317 0.063333 0.058537
1 0.578333 0.792683 0.056667 0.048780
1 0.245000 0.775610 0.063333 0.039024
1 0.405000 0.724390 0.056667 0.043902
1 0.400000 0.763415 0.060000 0.043902
1 0.193333 0.725610 0.066667 0.046341
1 0.103333 0.685366 0.060000 0.043902
1 0.623333 0.680488 0.060000 0.048780
1 0.658333 0.641463 0.076667 0.048780
1 0.696667 0.592683 0.066667 0.048780
1 0.123333 0.558537 0.073333 0.053659
1 0.201667 0.565854 0.070000 0.048780
1 0.766667 0.513415 0.073333 0.051220
1 0.865000 0.426829 0.070000 0.048780
1 0.546667 0.502439 0.053333 0.048780
1 0.503333 0.536585 0.066667 0.048780
1 0.438333 0.528049 0.070000 0.051220
1 0.241667 0.460976 0.070000 0.043902
1 0.271667 0.480488 0.056667 0.039024
1 0.223333 0.426829 0.053333 0.048780
1 0.283333 0.445122 0.066667 0.041463
1 0.286667 0.404878 0.073333 0.048780
1 0.276667 0.341463 0.066667 0.048780
1 0.398333 0.419512 0.063333 0.043902
1 0.390000 0.487805 0.066667 0.039024
1 0.698333 0.367073 0.076667 0.051220
1 0.950000 0.131707 0.053333 0.043902
1 0.860000 0.134146 0.073333 0.048780
1 0.926667 0.181707 0.060000 0.046341
1 0.833333 0.190244 0.060000 0.048780
1 0.763333 0.214634 0.060000 0.048780
1 0.568333 0.290244 0.063333 0.048780
1 0.606667 0.280488 0.066667 0.048780
1 0.590000 0.226829 0.073333 0.048780
1 0.535000 0.187805 0.076667 0.043902
1 0.376667 0.215854 0.073333 0.051220
1 0.143333 0.307317 0.066667 0.048780
1 0.096667 0.307317 0.066667 0.043902
1 0.091667 0.241463 0.076667 0.048780
1 0.138333 0.189024 0.070000 0.051220
1 0.180000 0.201220 0.060000 0.051220
1 0.190000 0.078049 0.066667 0.048780
1 0.305000 0.102439 0.070000 0.053659
1 0.673333 0.068293 0.066667 0.048780
1 0.433333 0.040244 0.060000 0.041463
1 0.416667 0.143902 0.073333 0.053659
1 0.351667 0.156098 0.056667 0.043902
1 0.376667 0.129268 0.066667 0.048780