1 0.011667 0.931707 0.023333 0.039024
1 0.046667 0.914634 0.053333 0.039024
1 0.183333 0.956098 0.060000 0.039024
1 0.203333 0.981707 0.040000 0.036585
1 0.493333 0.968293 0.053333 0.034146
1 0.630000 0.982927 0.066667 0.034146
1 0.960000 0.873171 0.053333 0.043902
1 0.053333 0.843902 0.060000 0.053659
1 0.156667 0.887805 0.060000 0.053659
1 0.186667 0.880488 0.053333 0.048780
1 0.046667 0.785366 0.073333 0.053659
1 0.166667 0.773171 0.053333 0.053659
1 0.700000 0.751220 0.080000 0.048780
1 0.623333 0.695122 0.066667 0.043902
1 0.703333 0.653659 0.080000 0.048780
1 0.018333 0.648780 0.036667 0.034146
1 0.093333 0.551220 0.086667 0.048780
1 0.230000 0.590244 0.073333 0.043902
1 0.446667 0.614634 0.086667 0.043902
1 0.596667 0.543902 0.066667 0.053659
1 0.666667 0.517073 0.066667 0.048780
1 0.793333 0.446341 0.080000 0.048780
1 0.713333 0.414634 0.066667 0.048780
1 0.446667 0.521951 0.080000 0.048780
1 0.473333 0.421951 0.073333 0.048780
1 0.280000 0.473171 0.053333 0.048780
1 0.376667 0.468293 0.080000 0.043902
1 0.290000 0.502439 0.073333 0.043902
1 0.086667 0.453659 0.053333 0.048780
1 0.150000 0.412195 0.060000 0.039024
1 0.156667 0.465854 0.066667 0.048780
1 0.123333 0.360976 0.053333 0.039024
1 0.066667 0.329268 0.080000 0.048780
1 0.736667 0.270732 0.073333 0.053659
1 0.936667 0.224390 0.060000 0.053659
1 0.900000 0.268293 0.066667 0.053659
1 0.866667 0.204878 0.060000 0.043902
1 0.583333 0.256098 0.073333 0.043902
1 0.560000 0.219512 0.053333 0.043902
1 0.526667 0.287805 0.073333 0.043902
1 0.430000 0.331707 0.066667 0.048780
1 0.420000 0.275610 0.073333 0.053659
1 0.166667 0.309756 0.073333 0.053659
1 0.226667 0.282927 0.080000 0.039024
1 0.240000 0.246341 0.080000 0.043902
1 0.376667 0.209756 0.060000 0.058537
1 0.643333 0.107317 0.073333 0.048780
1 0.703333 0.039024 0.066667 0.043902
1 0.596667 0.036585 0.060000 0.043902
1 0.360000 0.065854 0.066667 0.048780
1 0.290000 0.126829 0.060000 0.043902
1 0.156667 0.168293 0.080000 0.043902
1 0.156667 0.126829 0.060000 0.043902
1 0.050000 0.143902 0.046667 0.043902
1 0.236667 0.087805 0.086667 0.043902
1 0.270000 0.078049 0.066667 0.043902
1 0.246667 0.015854 0.066667 0.031707
1 0.146667 0.019512 0.066667 0.039024
1 0.153333 0.063415 0.046667 0.039024