1 0.963333 0.870732 0.053333 0.039024
1 0.506667 0.978049 0.060000 0.039024
1 0.213333 0.965854 0.060000 0.039024
1 0.180000 0.921951 0.060000 0.048780
1 0.123333 0.931707 0.073333 0.053659
1 0.013333 0.939024 0.026667 0.039024
1 0.040000 0.931707 0.046667 0.039024
1 0.033333 0.914634 0.053333 0.053659
1 0.023333 0.817073 0.046667 0.053659
1 0.173333 0.836585 0.053333 0.063415
1 0.653333 0.731707 0.080000 0.043902
1 0.623333 0.704878 0.066667 0.048780
1 0.663333 0.641463 0.086667 0.053659
1 0.383333 0.631707 0.073333 0.053659
1 0.015000 0.697561 0.030000 0.039024
1 0.023333 0.660976 0.046667 0.043902
1 0.030000 0.551220 0.060000 0.048780
1 0.203333 0.565854 0.073333 0.048780
1 0.780000 0.429268 0.073333 0.053659
1 0.740000 0.324390 0.066667 0.053659
1 0.666667 0.421951 0.073333 0.043902
1 0.616667 0.460976 0.066667 0.048780
1 0.566667 0.514634 0.066667 0.058537
1 0.090000 0.473171 0.073333 0.048780
1 0.446667 0.521951 0.073333 0.053659
1 0.396667 0.492683 0.066667 0.048780
1 0.326667 0.500000 0.066667 0.048780
1 0.153333 0.414634 0.066667 0.043902
1 0.173333 0.456098 0.066667 0.043902
1 0.263333 0.434146 0.053333 0.048780
1 0.430000 0.421951 0.066667 0.043902
1 0.976667 0.300000 0.046667 0.048780
1 0.936667 0.329268 0.073333 0.053659
1 0.880000 0.190244 0.060000 0.043902
1 0.533333 0.300000 0.060000 0.043902
1 0.556667 0.265854 0.080000 0.039024
1 0.556667 0.234146 0.073333 0.043902
1 0.386667 0.285366 0.086667 0.048780
1 0.346667 0.253659 0.066667 0.053659
1 0.196667 0.375610 0.073333 0.058537
1 0.410000 0.385366 0.073333 0.053659
1 0.076667 0.356098 0.073333 0.043902
1 0.030000 0.302439 0.060000 0.043902
1 0.090000 0.292683 0.066667 0.048780
1 0.176667 0.275610 0.086667 0.043902
1 0.100000 0.251220 0.066667 0.043902
1 0.170000 0.234146 0.080000 0.048780
1 0.130000 0.192683 0.080000 0.048780
1 0.346667 0.168293 0.060000 0.048780
1 0.280000 0.146341 0.060000 0.053659
1 0.166667 0.141463 0.066667 0.048780
1 0.063333 0.121951 0.066667 0.048780
1 0.643333 0.107317 0.066667 0.043902
1 0.710000 0.075610 0.066667 0.048780
1 0.593333 0.090244 0.060000 0.053659
1 0.133333 0.092683 0.073333 0.048780
1 0.226667 0.070732 0.066667 0.048780
1 0.243333 0.085366 0.073333 0.043902
1 0.015000 0.034146 0.030000 0.053659
1 0.143333 0.021951 0.066667 0.043902
1 0.343333 0.031707 0.073333 0.053659