1 0.040000 0.875610 0.053333 0.043902
1 0.011667 0.875610 0.023333 0.034146
1 0.390000 0.948780 0.066667 0.039024
1 0.483333 0.868293 0.066667 0.048780
1 0.516667 0.841463 0.080000 0.043902
1 0.713333 0.809756 0.066667 0.053659
1 0.946667 0.873171 0.060000 0.048780
1 0.968333 0.726829 0.063333 0.053659
1 0.623333 0.751220 0.066667 0.048780
1 0.370000 0.797561 0.066667 0.053659
1 0.403333 0.707317 0.066667 0.058537
1 0.223333 0.709756 0.066667 0.048780
1 0.323333 0.573171 0.073333 0.039024
1 0.323333 0.556098 0.060000 0.048780
1 0.130000 0.600000 0.073333 0.048780
1 0.021667 0.534146 0.043333 0.048780
1 0.906667 0.629268 0.073333 0.048780
1 0.046667 0.458537 0.080000 0.048780
1 0.863333 0.502439 0.053333 0.053659
1 0.930000 0.509756 0.066667 0.063415
1 0.773333 0.482927 0.073333 0.053659
1 0.760000 0.368293 0.066667 0.063415
1 0.476667 0.373171 0.073333 0.053659
1 0.036667 0.329268 0.053333 0.039024
1 0.310000 0.341463 0.073333 0.048780
1 0.966667 0.126829 0.053333 0.039024
1 0.946667 0.192683 0.060000 0.063415
1 0.796667 0.246341 0.066667 0.048780
1 0.733333 0.287805 0.060000 0.043902
1 0.570000 0.295122 0.060000 0.053659
1 0.440000 0.295122 0.066667 0.048780
1 0.413333 0.263415 0.053333 0.048780
1 0.573333 0.234146 0.080000 0.048780
1 0.603333 0.165854 0.066667 0.053659
1 0.021667 0.231707 0.043333 0.048780
1 0.073333 0.248780 0.080000 0.043902
1 0.096667 0.209756 0.080000 0.048780
1 0.116667 0.173171 0.073333 0.043902
1 0.066667 0.124390 0.066667 0.043902
1 0.300000 0.229268 0.060000 0.048780
1 0.323333 0.190244 0.060000 0.043902
1 0.356667 0.182927 0.053333 0.048780
1 0.470000 0.168293 0.066667 0.053659
1 0.556667 0.065854 0.046667 0.048780
1 0.530000 0.112195 0.066667 0.048780
1 0.520000 0.070732 0.066667 0.034146
1 0.470000 0.097561 0.053333 0.048780
1 0.426667 0.100000 0.073333 0.048780
1 0.366667 0.082927 0.053333 0.039024
1 0.233333 0.073171 0.066667 0.043902
1 0.106667 0.034146 0.066667 0.048780
1 0.270000 0.043902 0.066667 0.039024
1 0.276667 0.014634 0.066667 0.029268
1 0.393333 0.010976 0.066667 0.021951