1 0.020000 0.878049 0.040000 0.043902
1 0.048333 0.924390 0.076667 0.048780
1 0.145000 0.943902 0.070000 0.053659
1 0.091667 0.874390 0.070000 0.046341
1 0.086667 0.824390 0.060000 0.048780
1 0.331667 0.907317 0.063333 0.053659
1 0.356667 0.959756 0.060000 0.041463
1 0.405000 0.980488 0.076667 0.039024
1 0.723333 0.914634 0.066667 0.048780
1 0.705000 0.823171 0.070000 0.060976
1 0.558333 0.800000 0.050000 0.048780
1 0.176667 0.760976 0.053333 0.039024
1 0.363333 0.721951 0.066667 0.043902
1 0.183333 0.719512 0.073333 0.048780
1 0.375000 0.682927 0.056667 0.043902
1 0.073333 0.654878 0.066667 0.041463
1 0.023333 0.619512 0.046667 0.048780
1 0.018333 0.548780 0.036667 0.048780
1 0.078333 0.509756 0.070000 0.048780
1 0.166667 0.560976 0.066667 0.048780
1 0.595000 0.634146 0.056667 0.048780
1 0.643333 0.607317 0.073333 0.048780
1 0.683333 0.573171 0.066667 0.043902
1 0.746667 0.509756 0.073333 0.043902
1 0.836667 0.374390 0.073333 0.056098
1 0.410000 0.521951 0.066667 0.048780
1 0.463333 0.517073 0.066667 0.048780
1 0.533333 0.485366 0.066667 0.048780
1 0.700000 0.334146 0.073333 0.048780
1 0.198333 0.436585 0.070000 0.048780
1 0.221667 0.453659 0.050000 0.048780
1 0.333333 0.456098 0.066667 0.048780
1 0.341667 0.412195 0.056667 0.043902
1 0.188333 0.397561 0.056667 0.048780
1 0.236667 0.421951 0.066667 0.048780
1 0.256667 0.356098 0.073333 0.063415
1 0.565000 0.242683 0.076667 0.056098
1 0.585000 0.185366 0.070000 0.048780
1 0.081667 0.290244 0.083333 0.048780
1 0.028333 0.282927 0.056667 0.048780
1 0.080000 0.229268 0.066667 0.048780
1 0.043333 0.219512 0.066667 0.048780
1 0.126667 0.187805 0.066667 0.048780
1 0.156667 0.073171 0.066667 0.048780
1 0.258333 0.080488 0.070000 0.048780
1 0.350000 0.165854 0.066667 0.048780
1 0.510000 0.168293 0.066667 0.048780
1 0.731667 0.185366 0.063333 0.048780
1 0.325000 0.131707 0.050000 0.048780
1 0.331667 0.102439 0.050000 0.048780
1 0.340000 0.076829 0.040000 0.036585
1 0.405000 0.102439 0.076667 0.048780
1 0.393333 0.018293 0.066667 0.036585
1 0.630000 0.046341 0.066667 0.048780
1 0.636667 0.018293 0.066667 0.036585
1 0.798333 0.151220 0.050000 0.048780
1 0.840000 0.121951 0.073333 0.048780
1 0.896667 0.153659 0.066667 0.048780
1 0.945000 0.098780 0.063333 0.046341