1 0.076667 0.939024 0.053333 0.053659
1 0.313333 0.860976 0.053333 0.043902
1 0.740000 0.748780 0.073333 0.043902
1 0.070000 0.731707 0.060000 0.043902
1 0.150000 0.795122 0.053333 0.058537
1 0.420000 0.741463 0.073333 0.063415
1 0.450000 0.682927 0.066667 0.058537
1 0.070000 0.651220 0.066667 0.048780
1 0.090000 0.604878 0.053333 0.043902
1 0.136667 0.587805 0.053333 0.039024
1 0.073333 0.519512 0.053333 0.043902
1 0.440000 0.607317 0.080000 0.043902
1 0.483333 0.595122 0.060000 0.053659
1 0.460000 0.524390 0.060000 0.043902
1 0.590000 0.526829 0.060000 0.053659
1 0.626667 0.534146 0.060000 0.048780
1 0.760000 0.419512 0.060000 0.053659
1 0.643333 0.363415 0.053333 0.043902
1 0.563333 0.424390 0.073333 0.053659
1 0.985000 0.156098 0.030000 0.048780
1 0.988333 0.056098 0.023333 0.043902
1 0.746667 0.126829 0.066667 0.053659
1 0.706667 0.146341 0.053333 0.043902
1 0.530000 0.336585 0.086667 0.048780
1 0.430000 0.397561 0.060000 0.043902
1 0.266667 0.402439 0.080000 0.048780
1 0.183333 0.375610 0.053333 0.048780
1 0.420000 0.360976 0.080000 0.034146
1 0.430000 0.339024 0.080000 0.034146
1 0.443333 0.309756 0.073333 0.039024
1 0.393333 0.263415 0.080000 0.043902
1 0.370000 0.234146 0.080000 0.034146
1 0.453333 0.156098 0.073333 0.053659
1 0.270000 0.297561 0.053333 0.053659
1 0.230000 0.300000 0.073333 0.043902
1 0.220000 0.329268 0.080000 0.048780
1 0.080000 0.297561 0.073333 0.043902
1 0.070000 0.258537 0.073333 0.043902
1 0.103333 0.243902 0.080000 0.043902
1 0.080000 0.131707 0.073333 0.053659
1 0.056667 0.060976 0.053333 0.043902
1 0.220000 0.192683 0.080000 0.048780
1 0.300000 0.146341 0.066667 0.058537
1 0.236667 0.097561 0.073333 0.053659
1 0.426667 0.048780 0.073333 0.043902