1 0.043333 0.948780 0.040000 0.039024
1 0.093333 0.931707 0.060000 0.039024
1 0.073333 0.965854 0.053333 0.039024
1 0.166667 0.978049 0.066667 0.043902
1 0.310000 0.985366 0.053333 0.029268
1 0.530000 0.982927 0.060000 0.034146
1 0.740000 0.980488 0.073333 0.039024
1 0.826667 0.829268 0.080000 0.053659
1 0.983333 0.900000 0.033333 0.043902
1 0.053333 0.785366 0.060000 0.043902
1 0.140000 0.756098 0.073333 0.053659
1 0.186667 0.768293 0.046667 0.043902
1 0.156667 0.809756 0.080000 0.048780
1 0.233333 0.873171 0.046667 0.048780
1 0.266667 0.858537 0.053333 0.043902
1 0.783333 0.685366 0.080000 0.053659
1 0.763333 0.612195 0.073333 0.048780
1 0.696667 0.648780 0.066667 0.058537
1 0.663333 0.717073 0.066667 0.048780
1 0.303333 0.673171 0.073333 0.053659
1 0.553333 0.648780 0.080000 0.048780
1 0.556667 0.595122 0.086667 0.048780
1 0.900000 0.502439 0.080000 0.048780
1 0.206667 0.582927 0.086667 0.043902
1 0.250000 0.556098 0.080000 0.043902
1 0.296667 0.526829 0.060000 0.053659
1 0.210000 0.458537 0.053333 0.034146
1 0.790000 0.397561 0.060000 0.053659
1 0.883333 0.282927 0.060000 0.043902
1 0.570000 0.419512 0.073333 0.043902
1 0.373333 0.448780 0.066667 0.048780
1 0.323333 0.473171 0.086667 0.043902
1 0.140000 0.468293 0.073333 0.048780
1 0.170000 0.421951 0.073333 0.048780
1 0.160000 0.387805 0.073333 0.053659
1 0.266667 0.346341 0.073333 0.053659
1 0.106667 0.295122 0.066667 0.048780
1 0.666667 0.314634 0.073333 0.048780
1 0.913333 0.153659 0.066667 0.053659
1 0.846667 0.192683 0.073333 0.053659
1 0.716667 0.219512 0.066667 0.053659
1 0.656667 0.139024 0.066667 0.053659
1 0.706667 0.058537 0.066667 0.048780
1 0.623333 0.036585 0.053333 0.043902
1 0.456667 0.075610 0.080000 0.043902
1 0.550000 0.324390 0.073333 0.043902
1 0.606667 0.214634 0.060000 0.048780
1 0.490000 0.239024 0.073333 0.053659
1 0.333333 0.309756 0.080000 0.053659
1 0.343333 0.256098 0.066667 0.048780
1 0.166667 0.263415 0.073333 0.053659
1 0.223333 0.209756 0.073333 0.053659
1 0.100000 0.182927 0.053333 0.043902
1 0.450000 0.168293 0.066667 0.058537
1 0.400000 0.197561 0.066667 0.048780
1 0.333333 0.165854 0.066667 0.043902
1 0.393333 0.146341 0.060000 0.058537
1 0.360000 0.107317 0.060000 0.043902
1 0.330000 0.126829 0.066667 0.039024
1 0.323333 0.090244 0.046667 0.039024
1 0.170000 0.139024 0.060000 0.043902
1 0.253333 0.085366 0.060000 0.048780
1 0.193333 0.090244 0.060000 0.043902
1 0.150000 0.070732 0.080000 0.048780
1 0.106667 0.148780 0.086667 0.043902
1 0.063333 0.121951 0.073333 0.039024