1 0.066667 0.829268 0.073333 0.053659
1 0.053333 0.912195 0.073333 0.048780
1 0.460000 0.984146 0.066667 0.031707
1 0.940000 0.863415 0.066667 0.048780
1 0.610000 0.941463 0.073333 0.053659
1 0.683333 0.848780 0.080000 0.053659
1 0.470000 0.868293 0.073333 0.058537
1 0.583333 0.792683 0.066667 0.053659
1 0.866667 0.578049 0.066667 0.048780
1 0.196667 0.680488 0.073333 0.053659
1 0.290000 0.626829 0.053333 0.048780
1 0.306667 0.682927 0.066667 0.053659
1 0.400000 0.643902 0.066667 0.058537
1 0.020000 0.585366 0.040000 0.048780
1 0.433333 0.565854 0.080000 0.053659
1 0.073333 0.534146 0.080000 0.048780
1 0.103333 0.487805 0.080000 0.043902
1 0.523333 0.521951 0.080000 0.053659
1 0.776667 0.482927 0.060000 0.053659
1 0.836667 0.468293 0.053333 0.048780
1 0.960000 0.365854 0.066667 0.058537
1 0.833333 0.409756 0.066667 0.053659
1 0.603333 0.392683 0.066667 0.053659
1 0.336667 0.356098 0.060000 0.048780
1 0.023333 0.339024 0.046667 0.048780
1 0.046667 0.373171 0.080000 0.048780
1 0.876667 0.224390 0.066667 0.048780
1 0.806667 0.209756 0.066667 0.048780
1 0.646667 0.226829 0.080000 0.048780
1 0.403333 0.339024 0.053333 0.048780
1 0.463333 0.326829 0.060000 0.058537
1 0.190000 0.309756 0.073333 0.053659
1 0.213333 0.268293 0.093333 0.043902
1 0.076667 0.224390 0.093333 0.048780
1 0.190000 0.214634 0.073333 0.053659
1 0.510000 0.241463 0.073333 0.058537
1 0.913333 0.043902 0.053333 0.048780
1 0.703333 0.043902 0.066667 0.048780
1 0.460000 0.175610 0.060000 0.053659
1 0.496667 0.173171 0.066667 0.053659
1 0.033333 0.187805 0.066667 0.048780
1 0.340000 0.158537 0.080000 0.043902
1 0.310000 0.131707 0.066667 0.053659
1 0.023333 0.131707 0.046667 0.048780
1 0.050000 0.082927 0.093333 0.048780
1 0.203333 0.097561 0.080000 0.043902
1 0.233333 0.090244 0.053333 0.043902
1 0.373333 0.082927 0.073333 0.048780
1 0.493333 0.109756 0.073333 0.048780
1 0.483333 0.068293 0.066667 0.048780
1 0.300000 0.043902 0.066667 0.039024
1 0.336667 0.026829 0.066667 0.039024