1 0.060000 0.965854 0.066667 0.053659
1 0.100000 0.985366 0.066667 0.029268
1 0.230000 0.951220 0.086667 0.053659
1 0.496667 0.963415 0.060000 0.053659
1 0.968333 0.885366 0.063333 0.048780
1 0.670000 0.919512 0.080000 0.063415
1 0.616667 0.900000 0.066667 0.058537
1 0.483333 0.882927 0.073333 0.058537
1 0.310000 0.797561 0.066667 0.053659
1 0.303333 0.724390 0.060000 0.048780
1 0.390000 0.658537 0.066667 0.048780
1 0.643333 0.648780 0.086667 0.053659
1 0.853333 0.602439 0.066667 0.058537
1 0.906667 0.580488 0.066667 0.053659
1 0.793333 0.587805 0.080000 0.053659
1 0.053333 0.607317 0.066667 0.048780
1 0.053333 0.641463 0.066667 0.048780
1 0.223333 0.614634 0.080000 0.048780
1 0.563333 0.575610 0.086667 0.053659
1 0.770000 0.492683 0.086667 0.053659
1 0.483333 0.558537 0.060000 0.043902
1 0.443333 0.534146 0.066667 0.058537
1 0.216667 0.531707 0.066667 0.058537
1 0.053333 0.519512 0.066667 0.058537
1 0.546667 0.397561 0.073333 0.053659
1 0.896667 0.380488 0.073333 0.063415
1 0.083333 0.451220 0.080000 0.043902
1 0.113333 0.421951 0.080000 0.043902
1 0.266667 0.426829 0.086667 0.058537
1 0.396667 0.373171 0.066667 0.048780
1 0.890000 0.082927 0.066667 0.048780
1 0.753333 0.253659 0.080000 0.048780
1 0.593333 0.329268 0.086667 0.053659
1 0.520000 0.287805 0.066667 0.048780
1 0.600000 0.251220 0.093333 0.048780
1 0.393333 0.312195 0.093333 0.053659
1 0.106667 0.324390 0.080000 0.048780
1 0.170000 0.292683 0.080000 0.048780
1 0.133333 0.304878 0.080000 0.039024
1 0.546667 0.134146 0.053333 0.063415
1 0.503333 0.136585 0.080000 0.048780
1 0.470000 0.060976 0.073333 0.048780
1 0.383333 0.148780 0.053333 0.048780
1 0.376667 0.185366 0.066667 0.048780
1 0.316667 0.180488 0.080000 0.039024
1 0.333333 0.156098 0.080000 0.043902
1 0.270000 0.109756 0.066667 0.048780
1 0.216667 0.160976 0.073333 0.068293
1 0.053333 0.229268 0.073333 0.048780
1 0.140000 0.197561 0.086667 0.048780
1 0.100000 0.160976 0.086667 0.043902
1 0.180000 0.073171 0.086667 0.048780
1 0.116667 0.136585 0.100000 0.053659