1 0.273333 0.986585 0.073333 0.026829
1 0.213333 0.968293 0.066667 0.048780
1 0.133333 0.978049 0.066667 0.043902
1 0.070000 0.968293 0.073333 0.048780
1 0.226667 0.887805 0.066667 0.058537
1 0.653333 0.753659 0.073333 0.048780
1 0.670000 0.729268 0.060000 0.043902
1 0.663333 0.651220 0.073333 0.053659
1 0.390000 0.668293 0.073333 0.053659
1 0.043333 0.724390 0.053333 0.039024
1 0.056667 0.687805 0.053333 0.039024
1 0.046667 0.580488 0.066667 0.043902
1 0.223333 0.575610 0.073333 0.053659
1 0.376667 0.526829 0.073333 0.053659
1 0.426667 0.526829 0.060000 0.048780
1 0.476667 0.553659 0.073333 0.048780
1 0.583333 0.517073 0.066667 0.053659
1 0.975000 0.385366 0.050000 0.053659
1 0.623333 0.460976 0.060000 0.048780
1 0.676667 0.443902 0.073333 0.043902
1 0.783333 0.431707 0.073333 0.053659
1 0.773333 0.382927 0.073333 0.058537
1 0.933333 0.221951 0.066667 0.048780
1 0.106667 0.507317 0.066667 0.048780
1 0.206667 0.473171 0.066667 0.048780
1 0.180000 0.439024 0.060000 0.043902
1 0.250000 0.424390 0.073333 0.053659
1 0.313333 0.441463 0.073333 0.058537
1 0.450000 0.448780 0.073333 0.048780
1 0.443333 0.424390 0.073333 0.053659
1 0.580000 0.336585 0.066667 0.043902
1 0.573333 0.302439 0.073333 0.043902
1 0.580000 0.263415 0.080000 0.043902
1 0.363333 0.297561 0.073333 0.053659
1 0.393333 0.314634 0.073333 0.043902
1 0.073333 0.387805 0.073333 0.048780
1 0.753333 0.121951 0.066667 0.043902
1 0.686667 0.136585 0.066667 0.048780
1 0.623333 0.148780 0.066667 0.058537
1 0.370000 0.187805 0.060000 0.043902
1 0.316667 0.190244 0.053333 0.048780
1 0.040000 0.314634 0.060000 0.048780
1 0.093333 0.309756 0.066667 0.048780
1 0.163333 0.292683 0.080000 0.048780
1 0.176667 0.248780 0.086667 0.043902
1 0.130000 0.231707 0.080000 0.048780
1 0.213333 0.173171 0.066667 0.043902
1 0.250000 0.109756 0.080000 0.043902
1 0.213333 0.131707 0.066667 0.053659
1 0.096667 0.139024 0.060000 0.043902
1 0.140000 0.117073 0.080000 0.048780
1 0.040000 0.073171 0.053333 0.053659
1 0.173333 0.041463 0.066667 0.043902
1 0.366667 0.036585 0.066667 0.043902