1 0.356667 0.969512 0.060000 0.046341
1 0.790000 0.909756 0.066667 0.048780
1 0.273333 0.946341 0.073333 0.048780
1 0.131667 0.920732 0.076667 0.051220
1 0.171667 0.892683 0.076667 0.048780
1 0.095000 0.779268 0.070000 0.056098
1 0.263333 0.751220 0.053333 0.039024
1 0.350000 0.713415 0.053333 0.036585
1 0.378333 0.765854 0.056667 0.048780
1 0.625000 0.695122 0.063333 0.048780
1 0.491667 0.692683 0.056667 0.048780
1 0.571667 0.691463 0.070000 0.051220
1 0.073333 0.653659 0.046667 0.048780
1 0.116667 0.650000 0.066667 0.051220
1 0.076667 0.584146 0.073333 0.056098
1 0.566667 0.628049 0.080000 0.051220
1 0.608333 0.554878 0.076667 0.051220
1 0.813333 0.442683 0.066667 0.056098
1 0.668333 0.430488 0.076667 0.056098
1 0.486667 0.460976 0.060000 0.048780
1 0.486667 0.500000 0.066667 0.048780
1 0.135000 0.495122 0.070000 0.048780
1 0.378333 0.463415 0.070000 0.053659
1 0.183333 0.403659 0.073333 0.051220
1 0.213333 0.446341 0.060000 0.048780
1 0.258333 0.446341 0.056667 0.039024
1 0.266667 0.417073 0.073333 0.053659
1 0.400000 0.364634 0.060000 0.041463
1 0.585000 0.348780 0.076667 0.048780
1 0.510000 0.304878 0.073333 0.053659
1 0.575000 0.296341 0.070000 0.051220
1 0.153333 0.274390 0.073333 0.051220
1 0.226667 0.270732 0.060000 0.048780
1 0.333333 0.239024 0.066667 0.053659
1 0.498333 0.206098 0.076667 0.046341
1 0.738333 0.223171 0.070000 0.051220
1 0.805000 0.200000 0.070000 0.053659
1 0.028333 0.208537 0.056667 0.046341
1 0.070000 0.112195 0.066667 0.048780
1 0.106667 0.146341 0.060000 0.048780
1 0.895000 0.154878 0.056667 0.046341
1 0.905000 0.103659 0.063333 0.046341
1 0.795000 0.085366 0.076667 0.048780
1 0.468333 0.151220 0.083333 0.048780
1 0.333333 0.141463 0.073333 0.048780
1 0.290000 0.134146 0.060000 0.048780
1 0.346667 0.114634 0.066667 0.048780
1 0.348333 0.085366 0.056667 0.048780
1 0.291667 0.050000 0.076667 0.051220
1 0.416667 0.021951 0.053333 0.043902
1 0.653333 0.042683 0.060000 0.046341