1 0.290000 0.036585 0.066667 0.048780
1 0.153333 0.156098 0.066667 0.048780
1 0.230000 0.178049 0.066667 0.048780
1 0.208333 0.234146 0.076667 0.053659
1 0.241667 0.263415 0.063333 0.043902
1 0.266667 0.317073 0.080000 0.058537
1 0.143333 0.304878 0.066667 0.048780
1 0.090000 0.360976 0.066667 0.048780
1 0.046667 0.404878 0.066667 0.048780
1 0.150000 0.390244 0.066667 0.048780
1 0.215000 0.473171 0.090000 0.058537
1 0.346667 0.282927 0.066667 0.048780
1 0.340000 0.112195 0.066667 0.048780
1 0.356667 0.086585 0.046667 0.036585
1 0.396667 0.339024 0.066667 0.048780
1 0.443333 0.112195 0.040000 0.048780
1 0.506667 0.112195 0.066667 0.048780
1 0.563333 0.060976 0.066667 0.048780
1 0.576667 0.114634 0.066667 0.048780
1 0.643333 0.068293 0.066667 0.048780
1 0.536667 0.163415 0.046667 0.048780
1 0.490000 0.214634 0.066667 0.048780
1 0.606667 0.229268 0.066667 0.048780
1 0.676667 0.165854 0.073333 0.053659
1 0.720000 0.220732 0.080000 0.056098
1 0.820000 0.143902 0.066667 0.048780
1 0.956667 0.087805 0.066667 0.048780
1 0.933333 0.175610 0.066667 0.048780
1 0.963333 0.221951 0.066667 0.048780
1 0.870000 0.284146 0.053333 0.041463
1 0.980000 0.350000 0.040000 0.046341
1 0.583333 0.356098 0.066667 0.043902
1 0.755000 0.468293 0.043333 0.048780
1 0.290000 0.541463 0.060000 0.043902
1 0.445000 0.545122 0.063333 0.046341
1 0.680000 0.492683 0.066667 0.048780
1 0.663333 0.539024 0.053333 0.043902
1 0.500000 0.558537 0.066667 0.048780
1 0.280000 0.587805 0.066667 0.048780
1 0.533333 0.670732 0.066667 0.053659
1 0.103333 0.685366 0.066667 0.048780
1 0.063333 0.713415 0.046667 0.051220
1 0.138333 0.715854 0.063333 0.046341
1 0.183333 0.700000 0.066667 0.048780
1 0.356667 0.682927 0.066667 0.048780
1 0.410000 0.685366 0.053333 0.048780
1 0.285000 0.717073 0.056667 0.039024
1 0.841667 0.652439 0.056667 0.036585
1 0.908333 0.669512 0.070000 0.051220
1 0.980000 0.756098 0.040000 0.048780
1 0.063333 0.750000 0.053333 0.041463
1 0.086667 0.870732 0.066667 0.048780
1 0.146667 0.904878 0.060000 0.048780
1 0.211667 0.863415 0.050000 0.048780
1 0.320000 0.848780 0.060000 0.048780
1 0.320000 0.906098 0.060000 0.046341
1 0.703333 0.903659 0.060000 0.046341
1 0.600000 0.953659 0.066667 0.048780
1 0.570000 0.980488 0.066667 0.039024
1 0.650000 0.986585 0.066667 0.026829