0 0.969136 0.791667 0.018519 0.138889
0 0.970679 0.666667 0.015432 0.166667
0 0.953704 0.666667 0.015432 0.138889
0 0.990741 0.750000 0.018519 0.111111
0 0.987654 0.638889 0.018519 0.138889
0 0.981481 0.541667 0.018519 0.138889
0 0.959877 0.583333 0.021605 0.138889
0 0.956790 0.472222 0.018519 0.138889
0 0.942901 0.361111 0.024691 0.111111
0 0.972222 0.444444 0.015432 0.166667
0 0.939815 0.541667 0.018519 0.138889
0 0.932099 0.652778 0.018519 0.166667
0 0.932099 0.750000 0.018519 0.111111
0 0.919753 0.513889 0.027778 0.111111
0 0.898148 0.583333 0.018519 0.111111
0 0.901235 0.722222 0.024691 0.111111
0 0.876543 0.652778 0.018519 0.138889
0 0.884259 0.541667 0.024691 0.111111
0 0.865741 0.458333 0.018519 0.138889
0 0.848765 0.430556 0.021605 0.138889
0 0.847222 0.500000 0.021605 0.111111
0 0.856481 0.597222 0.021605 0.111111
0 0.856481 0.694444 0.015432 0.111111
0 0.847222 0.763889 0.015432 0.138889
0 0.824074 0.625000 0.021605 0.138889
0 0.804012 0.680556 0.024691 0.111111
0 0.811728 0.513889 0.021605 0.111111
0 0.810185 0.402778 0.021605 0.138889
0 0.785494 0.486111 0.018519 0.166667
0 0.780864 0.569444 0.018519 0.111111
0 0.787037 0.638889 0.024691 0.111111
0 0.766975 0.500000 0.018519 0.166667
0 0.762346 0.333333 0.021605 0.111111
0 0.740741 0.472222 0.018519 0.111111
0 0.740741 0.583333 0.024691 0.111111
0 0.720679 0.555556 0.024691 0.138889
0 0.716049 0.680556 0.024691 0.111111
0 0.694444 0.750000 0.024691 0.138889
0 0.671296 0.500000 0.021605 0.138889
0 0.634259 0.611111 0.024691 0.111111
0 0.618827 0.500000 0.018519 0.166667
0 0.587963 0.458333 0.018519 0.111111
0 0.597222 0.333333 0.021605 0.111111
0 0.560185 0.652778 0.021605 0.138889
0 0.541667 0.416667 0.024691 0.111111
0 0.554012 0.430556 0.018519 0.111111
0 0.413580 0.583333 0.018519 0.166667
0 0.415123 0.236111 0.012346 0.138889
0 0.378086 0.611111 0.021605 0.111111
0 0.354938 0.597222 0.018519 0.111111
0 0.358025 0.486111 0.015432 0.138889
0 0.341049 0.444444 0.021605 0.111111
0 0.337963 0.319444 0.021605 0.138889
0 0.310185 0.597222 0.018519 0.138889
0 0.279321 0.555556 0.018519 0.138889
0 0.219136 0.666667 0.024691 0.138889
0 0.229938 0.555556 0.015432 0.166667
0 0.220679 0.541667 0.018519 0.138889
0 0.208333 0.486111 0.021605 0.111111
0 0.206790 0.416667 0.021605 0.138889
0 0.223765 0.416667 0.024691 0.111111
0 0.169753 0.597222 0.018519 0.138889
0 0.155864 0.472222 0.021605 0.138889
0 0.123457 0.486111 0.018519 0.111111
0 0.120370 0.583333 0.021605 0.111111
0 0.132716 0.694444 0.021605 0.138889
0 0.098765 0.375000 0.021605 0.111111
0 0.087963 0.305556 0.024691 0.138889
0 0.081790 0.402778 0.015432 0.138889
0 0.075617 0.472222 0.012346 0.111111
0 0.063272 0.458333 0.018519 0.138889
0 0.061728 0.569444 0.021605 0.111111
0 0.057099 0.402778 0.018519 0.166667
0 0.049383 0.513889 0.015432 0.138889
0 0.044753 0.597222 0.021605 0.111111
0 0.021605 0.694444 0.015432 0.166667
0 0.004630 0.666667 0.009259 0.166667
0 0.032407 0.513889 0.018519 0.111111
0 0.016975 0.541667 0.018519 0.111111
0 0.015432 0.444444 0.015432 0.138889
0 0.005401 0.430556 0.010802 0.111111
0 0.015432 0.375000 0.015432 0.138889
0 0.035494 0.347222 0.024691 0.222222