0 0.061728 0.250000 0.018519 0.166667
0 0.012346 0.458333 0.024691 0.194444
0 0.012346 0.555556 0.024691 0.166667
0 0.103395 0.416667 0.024691 0.138889
0 0.066358 0.736111 0.024691 0.111111
0 0.091049 0.750000 0.024691 0.138889
0 0.157407 0.513889 0.021605 0.138889
0 0.297840 0.736111 0.021605 0.138889
0 0.362654 0.750000 0.021605 0.138889
0 0.391975 0.444444 0.018519 0.194444
0 0.524691 0.236111 0.015432 0.138889
0 0.805556 0.347222 0.021605 0.194444
0 0.750000 0.555556 0.021605 0.166667
0 0.793210 0.805556 0.015432 0.138889
0 0.817901 0.819444 0.018519 0.166667
0 0.876543 0.611111 0.015432 0.166667
0 0.959877 0.277778 0.021605 0.138889
0 0.936728 0.791667 0.021605 0.138889
0 0.964506 0.805556 0.021605 0.138889