0 0.006173 0.333333 0.012346 0.138889
0 0.015432 0.472222 0.015432 0.194444
0 0.049383 0.569444 0.024691 0.194444
0 0.109568 0.388889 0.024691 0.166667
0 0.186728 0.625000 0.021605 0.166667
0 0.265432 0.305556 0.024691 0.166667
0 0.540123 0.791667 0.021605 0.138889
0 0.679012 0.347222 0.012346 0.166667
0 0.695988 0.263889 0.021605 0.138889
0 0.743827 0.263889 0.018519 0.111111
0 0.734568 0.361111 0.012346 0.166667
0 0.819444 0.638889 0.024691 0.138889
0 0.896605 0.763889 0.024691 0.138889
0 0.924383 0.791667 0.024691 0.138889
0 0.922840 0.583333 0.024691 0.138889
0 0.898148 0.555556 0.015432 0.194444
0 0.924383 0.291667 0.021605 0.138889