0 0.922840 0.875000 0.030864 0.138889
0 0.978395 0.916667 0.018519 0.138889
0 0.962963 0.937500 0.018519 0.125000
0 0.976852 0.541667 0.012346 0.166667
0 0.973765 0.402778 0.024691 0.138889
0 0.993056 0.652778 0.013889 0.166667
0 0.907407 0.430556 0.018519 0.138889
0 0.893519 0.375000 0.018519 0.111111
0 0.870370 0.680556 0.015432 0.222222
0 0.881173 0.388889 0.018519 0.111111
0 0.861111 0.388889 0.018519 0.111111
0 0.756173 0.694444 0.024691 0.111111
0 0.783951 0.847222 0.027778 0.083333
0 0.445988 0.875000 0.024691 0.111111
0 0.413580 0.375000 0.021605 0.111111
0 0.240741 0.750000 0.024691 0.111111
0 0.064815 0.347222 0.021605 0.138889
0 0.067901 0.541667 0.018519 0.194444