0 0.026235 0.236111 0.015432 0.138889
0 0.010802 0.347222 0.021605 0.111111
0 0.006173 0.569444 0.012346 0.138889
0 0.027778 0.625000 0.024691 0.138889
0 0.047840 0.472222 0.021605 0.194444
0 0.055556 0.333333 0.024691 0.138889
0 0.063272 0.472222 0.021605 0.138889
0 0.097222 0.513889 0.018519 0.222222
0 0.109568 0.472222 0.018519 0.138889
0 0.120370 0.291667 0.021605 0.138889
0 0.132716 0.333333 0.012346 0.166667
0 0.155864 0.541667 0.024691 0.138889
0 0.157407 0.444444 0.024691 0.138889
0 0.175926 0.444444 0.024691 0.166667
0 0.195988 0.444444 0.015432 0.194444
0 0.211420 0.333333 0.024691 0.111111
0 0.219136 0.319444 0.012346 0.166667
0 0.223765 0.416667 0.024691 0.111111
0 0.236111 0.375000 0.018519 0.194444
0 0.231481 0.513889 0.024691 0.138889
0 0.231481 0.638889 0.024691 0.138889
0 0.239198 0.472222 0.012346 0.194444
0 0.243827 0.611111 0.018519 0.138889
0 0.251543 0.750000 0.018519 0.166667
0 0.270062 0.708333 0.024691 0.138889
0 0.259259 0.583333 0.021605 0.138889
0 0.259259 0.472222 0.024691 0.111111
0 0.257716 0.388889 0.024691 0.111111
0 0.288580 0.347222 0.021605 0.111111
0 0.300926 0.291667 0.015432 0.166667
0 0.283951 0.458333 0.018519 0.138889
0 0.268519 0.583333 0.018519 0.111111
0 0.283951 0.680556 0.018519 0.194444
0 0.297840 0.805556 0.018519 0.222222
0 0.297840 0.583333 0.018519 0.166667
0 0.308642 0.527778 0.018519 0.111111
0 0.313272 0.458333 0.018519 0.111111
0 0.302469 0.472222 0.015432 0.166667
0 0.320988 0.361111 0.018519 0.111111
0 0.327160 0.472222 0.018519 0.138889
0 0.328704 0.694444 0.018519 0.111111
0 0.310185 0.638889 0.012346 0.138889
0 0.337963 0.513889 0.024691 0.111111
0 0.327160 0.638889 0.012346 0.166667
0 0.351852 0.375000 0.030864 0.138889
0 0.358025 0.555556 0.015432 0.166667
0 0.361111 0.583333 0.021605 0.111111
0 0.361111 0.777778 0.021605 0.138889
0 0.378086 0.708333 0.024691 0.138889
0 0.378086 0.597222 0.018519 0.111111
0 0.365741 0.375000 0.018519 0.138889
0 0.441358 0.250000 0.015432 0.111111
0 0.430556 0.305556 0.021605 0.111111
0 0.419753 0.388889 0.018519 0.111111
0 0.424383 0.583333 0.018519 0.138889
0 0.422840 0.652778 0.018519 0.111111
0 0.449074 0.722222 0.018519 0.111111
0 0.439815 0.611111 0.015432 0.194444
0 0.456790 0.444444 0.015432 0.194444
0 0.461420 0.500000 0.018519 0.138889
0 0.466049 0.611111 0.018519 0.138889
0 0.462963 0.777778 0.012346 0.166667
0 0.470679 0.347222 0.015432 0.111111
0 0.500000 0.319444 0.018519 0.166667
0 0.495370 0.430556 0.015432 0.166667
0 0.483025 0.458333 0.021605 0.111111
0 0.487654 0.347222 0.018519 0.166667
0 0.484568 0.541667 0.018519 0.111111
0 0.492284 0.750000 0.015432 0.166667
0 0.512346 0.791667 0.021605 0.111111
0 0.506173 0.638889 0.018519 0.138889
0 0.510802 0.694444 0.021605 0.083333
0 0.516975 0.569444 0.012346 0.166667
0 0.535494 0.722222 0.012346 0.166667
0 0.543210 0.777778 0.018519 0.111111
0 0.512346 0.430556 0.018519 0.166667
0 0.526235 0.472222 0.018519 0.111111
0 0.533951 0.527778 0.018519 0.111111
0 0.535494 0.333333 0.021605 0.138889
0 0.547840 0.416667 0.012346 0.166667
0 0.557099 0.430556 0.015432 0.138889
0 0.561728 0.694444 0.018519 0.138889
0 0.580247 0.722222 0.018519 0.138889
0 0.603395 0.777778 0.021605 0.138889
0 0.628086 0.763889 0.012346 0.166667
0 0.594136 0.666667 0.018519 0.111111
0 0.621914 0.625000 0.018519 0.111111
0 0.578704 0.430556 0.015432 0.111111
0 0.608025 0.361111 0.018519 0.111111
0 0.621914 0.291667 0.015432 0.138889
0 0.643519 0.263889 0.018519 0.111111
0 0.629630 0.375000 0.021605 0.111111
0 0.645062 0.583333 0.015432 0.166667
0 0.643519 0.472222 0.012346 0.166667
0 0.608025 0.625000 0.015432 0.166667
0 0.598765 0.583333 0.018519 0.166667
0 0.581790 0.597222 0.018519 0.166667
0 0.563272 0.583333 0.018519 0.111111
0 0.669753 0.722222 0.018519 0.111111
0 0.668210 0.611111 0.012346 0.194444
0 0.674383 0.458333 0.018519 0.111111
0 0.709877 0.375000 0.024691 0.111111
0 0.692901 0.444444 0.021605 0.111111
0 0.694444 0.569444 0.015432 0.166667
0 0.685185 0.569444 0.021605 0.111111
0 0.695988 0.638889 0.021605 0.111111
0 0.733025 0.708333 0.024691 0.138889
0 0.719136 0.527778 0.021605 0.111111
0 0.733025 0.458333 0.021605 0.111111
0 0.759259 0.472222 0.018519 0.166667
0 0.824074 0.319444 0.021605 0.138889
0 0.825617 0.375000 0.021605 0.111111
0 0.811728 0.736111 0.021605 0.138889
0 0.811728 0.625000 0.012346 0.222222
0 0.830247 0.611111 0.021605 0.111111
0 0.837963 0.708333 0.021605 0.138889
0 0.854938 0.736111 0.024691 0.138889
0 0.902778 0.555556 0.024691 0.138889
0 0.929012 0.680556 0.015432 0.194444
0 0.949074 0.583333 0.024691 0.111111
0 0.932099 0.361111 0.024691 0.138889
0 0.975309 0.319444 0.024691 0.111111
0 0.973765 0.444444 0.018519 0.166667
0 0.962963 0.444444 0.018519 0.111111
0 0.976852 0.555556 0.024691 0.138889
0 0.987654 0.777778 0.018519 0.138889