0 0.013889 0.444444 0.018519 0.111111
0 0.012346 0.569444 0.018519 0.138889
0 0.029321 0.583333 0.018519 0.166667
0 0.033951 0.680556 0.018519 0.166667
0 0.030864 0.791667 0.018519 0.111111
0 0.054012 0.444444 0.018519 0.166667
0 0.044753 0.527778 0.018519 0.166667
0 0.052469 0.638889 0.018519 0.138889
0 0.057099 0.722222 0.018519 0.138889
0 0.057099 0.777778 0.018519 0.138889
0 0.080247 0.750000 0.018519 0.138889
0 0.067901 0.736111 0.018519 0.138889
0 0.075617 0.652778 0.018519 0.138889
0 0.080247 0.541667 0.021605 0.138889
0 0.092593 0.569444 0.018519 0.194444
0 0.109568 0.527778 0.018519 0.194444
0 0.121914 0.680556 0.021605 0.138889
0 0.131173 0.791667 0.021605 0.138889
0 0.151235 0.569444 0.018519 0.138889
0 0.171296 0.555556 0.018519 0.194444
0 0.186728 0.625000 0.021605 0.138889
0 0.191358 0.736111 0.021605 0.138889
0 0.203704 0.750000 0.015432 0.194444
0 0.217593 0.583333 0.024691 0.138889
0 0.277778 0.625000 0.018519 0.138889
0 0.300926 0.583333 0.018519 0.111111
0 0.382716 0.694444 0.018519 0.111111
0 0.379630 0.375000 0.018519 0.111111
0 0.442901 0.569444 0.018519 0.111111
0 0.450617 0.666667 0.021605 0.138889
0 0.464506 0.763889 0.021605 0.111111
0 0.484568 0.486111 0.021605 0.138889
0 0.530864 0.680556 0.024691 0.138889
0 0.662037 0.402778 0.021605 0.111111
0 0.660494 0.708333 0.024691 0.111111
0 0.679012 0.611111 0.024691 0.138889
0 0.694444 0.472222 0.021605 0.111111
0 0.719136 0.625000 0.021605 0.138889
0 0.719136 0.750000 0.024691 0.138889
0 0.770062 0.638889 0.024691 0.138889
0 0.791667 0.708333 0.024691 0.138889
0 0.808642 0.541667 0.021605 0.138889
0 0.836420 0.541667 0.018519 0.111111
0 0.831790 0.638889 0.021605 0.111111
0 0.824074 0.680556 0.021605 0.111111
0 0.836420 0.805556 0.021605 0.138889
0 0.853395 0.888889 0.021605 0.111111
0 0.871914 0.875000 0.012346 0.083333
0 0.888889 0.805556 0.024691 0.111111
0 0.879630 0.722222 0.018519 0.111111
0 0.862654 0.694444 0.021605 0.111111
0 0.853395 0.583333 0.021605 0.111111
0 0.898148 0.680556 0.018519 0.138889
0 0.910494 0.777778 0.018519 0.111111
0 0.922840 0.708333 0.018519 0.111111
0 0.933642 0.833333 0.018519 0.111111
0 0.910494 0.638889 0.018519 0.111111
0 0.913580 0.583333 0.012346 0.166667
0 0.913580 0.444444 0.024691 0.111111
0 0.941358 0.625000 0.021605 0.111111
0 0.944444 0.694444 0.018519 0.111111
0 0.961420 0.777778 0.018519 0.111111
0 0.966049 0.875000 0.018519 0.083333
0 0.976852 0.888889 0.012346 0.111111
0 0.992284 0.861111 0.012346 0.138889
0 0.996914 0.791667 0.006173 0.111111
0 0.967593 0.708333 0.015432 0.138889
0 0.983025 0.722222 0.012346 0.111111
0 0.981481 0.597222 0.018519 0.083333
0 0.989198 0.527778 0.021605 0.111111
0 0.958333 0.611111 0.015432 0.194444
0 0.952160 0.513889 0.018519 0.138889