0 0.016975 0.236111 0.021605 0.138889
0 0.075617 0.347222 0.021605 0.138889
0 0.063272 0.611111 0.021605 0.111111
0 0.077160 0.708333 0.015432 0.166667
0 0.149691 0.555556 0.021605 0.138889
0 0.140432 0.722222 0.021605 0.138889
0 0.179012 0.680556 0.021605 0.138889
0 0.381173 0.736111 0.021605 0.194444
0 0.390432 0.541667 0.015432 0.222222
0 0.526235 0.305556 0.015432 0.166667
0 0.757716 0.777778 0.024691 0.138889
0 0.793210 0.444444 0.015432 0.138889
0 0.802469 0.597222 0.021605 0.166667
0 0.845679 0.569444 0.018519 0.166667
0 0.893519 0.805556 0.015432 0.194444
0 0.925926 0.694444 0.021605 0.138889
0 0.876543 0.458333 0.018519 0.138889
0 0.925926 0.402778 0.021605 0.138889
0 0.962963 0.291667 0.021605 0.138889
0 0.989198 0.305556 0.021605 0.138889
0 0.941358 0.555556 0.018519 0.138889
0 0.970679 0.541667 0.018519 0.166667
0 0.970679 0.625000 0.018519 0.166667
0 0.959877 0.680556 0.018519 0.166667