0 0.032407 0.458333 0.015432 0.194444
0 0.044753 0.569444 0.024691 0.138889
0 0.035494 0.666667 0.021605 0.138889
0 0.089506 0.458333 0.024691 0.111111
0 0.098765 0.375000 0.024691 0.138889
0 0.109568 0.416667 0.021605 0.111111
0 0.126543 0.486111 0.021605 0.138889
0 0.109568 0.527778 0.024691 0.111111
0 0.108025 0.625000 0.027778 0.138889
0 0.095679 0.708333 0.024691 0.138889
0 0.137346 0.777778 0.021605 0.166667
0 0.146605 0.694444 0.018519 0.222222
0 0.165123 0.319444 0.018519 0.111111
0 0.192901 0.375000 0.024691 0.138889
0 0.205247 0.333333 0.012346 0.111111
0 0.197531 0.680556 0.018519 0.194444
0 0.214506 0.638889 0.018519 0.111111
0 0.229938 0.694444 0.018519 0.166667
0 0.226852 0.541667 0.024691 0.138889
0 0.231481 0.402778 0.012346 0.138889
0 0.243827 0.500000 0.018519 0.166667
0 0.273148 0.486111 0.021605 0.138889
0 0.283951 0.583333 0.012346 0.166667
0 0.273148 0.680556 0.018519 0.111111
0 0.259259 0.652778 0.018519 0.138889
0 0.256173 0.791667 0.018519 0.111111
0 0.256173 0.875000 0.015432 0.138889
0 0.274691 0.888889 0.018519 0.111111
0 0.271605 0.819444 0.021605 0.111111
0 0.299383 0.861111 0.018519 0.166667
0 0.265432 0.750000 0.018519 0.138889
0 0.282407 0.777778 0.015432 0.166667
0 0.297840 0.680556 0.015432 0.166667
0 0.322531 0.847222 0.018519 0.138889
0 0.314815 0.666667 0.018519 0.166667
0 0.324074 0.750000 0.018519 0.111111
0 0.351852 0.847222 0.018519 0.138889
0 0.337963 0.791667 0.018519 0.111111
0 0.342593 0.750000 0.018519 0.138889
0 0.331790 0.666667 0.018519 0.111111
0 0.325617 0.597222 0.018519 0.138889
0 0.353395 0.680556 0.018519 0.166667
0 0.334877 0.569444 0.012346 0.166667
0 0.344136 0.472222 0.024691 0.138889
0 0.336420 0.375000 0.021605 0.111111
0 0.316358 0.347222 0.012346 0.111111
0 0.358025 0.555556 0.015432 0.166667
0 0.368827 0.597222 0.015432 0.111111
0 0.368827 0.708333 0.018519 0.111111
0 0.387346 0.500000 0.018519 0.166667
0 0.384259 0.652778 0.018519 0.166667
0 0.390432 0.722222 0.018519 0.138889
0 0.396605 0.777778 0.024691 0.111111
0 0.388889 0.847222 0.021605 0.111111
0 0.436728 0.875000 0.021605 0.111111
0 0.407407 0.722222 0.018519 0.111111
0 0.407407 0.680556 0.012346 0.194444
0 0.427469 0.652778 0.018519 0.138889
0 0.438272 0.583333 0.018519 0.166667
0 0.447531 0.416667 0.015432 0.166667
0 0.462963 0.527778 0.015432 0.138889
0 0.473765 0.625000 0.018519 0.111111
0 0.476852 0.708333 0.018519 0.111111
0 0.495370 0.791667 0.021605 0.138889
0 0.498457 0.500000 0.021605 0.083333
0 0.500000 0.458333 0.018519 0.138889
0 0.509259 0.708333 0.012346 0.166667
0 0.521605 0.722222 0.018519 0.111111
0 0.546296 0.416667 0.018519 0.111111
0 0.518519 0.611111 0.018519 0.166667
0 0.530864 0.694444 0.012346 0.166667
0 0.537037 0.541667 0.015432 0.138889
0 0.541667 0.694444 0.012346 0.194444
0 0.540123 0.819444 0.021605 0.111111
0 0.552469 0.888889 0.018519 0.111111
0 0.583333 0.902778 0.021605 0.138889
0 0.564815 0.833333 0.018519 0.111111
0 0.555556 0.777778 0.015432 0.194444
0 0.554012 0.625000 0.018519 0.111111
0 0.554012 0.569444 0.018519 0.138889
0 0.560185 0.444444 0.012346 0.138889
0 0.580247 0.402778 0.018519 0.138889
0 0.572531 0.541667 0.018519 0.138889
0 0.584877 0.666667 0.012346 0.194444
0 0.570988 0.694444 0.018519 0.166667
0 0.606481 0.847222 0.018519 0.138889
0 0.615741 0.875000 0.012346 0.111111
0 0.600309 0.722222 0.018519 0.111111
0 0.618827 0.763889 0.021605 0.111111
0 0.595679 0.486111 0.015432 0.111111
0 0.609568 0.416667 0.021605 0.111111
0 0.615741 0.458333 0.009259 0.166667
0 0.628086 0.527778 0.021605 0.111111
0 0.635802 0.458333 0.012346 0.166667
0 0.662037 0.416667 0.012346 0.166667
0 0.623457 0.652778 0.012346 0.166667
0 0.628086 0.763889 0.015432 0.166667
0 0.654321 0.875000 0.030864 0.138889
0 0.655864 0.750000 0.027778 0.111111
0 0.699074 0.847222 0.024691 0.111111
0 0.680556 0.791667 0.021605 0.111111
0 0.668210 0.708333 0.021605 0.111111
0 0.658951 0.638889 0.024691 0.111111
0 0.692901 0.583333 0.024691 0.111111
0 0.722222 0.652778 0.024691 0.111111
0 0.731481 0.513889 0.021605 0.111111
0 0.757716 0.541667 0.024691 0.111111
0 0.756173 0.625000 0.018519 0.111111
0 0.739198 0.597222 0.021605 0.083333
0 0.745370 0.708333 0.021605 0.083333
0 0.780864 0.777778 0.024691 0.111111
0 0.785494 0.680556 0.024691 0.111111
0 0.802469 0.708333 0.021605 0.111111
0 0.828704 0.763889 0.018519 0.166667
0 0.793210 0.472222 0.021605 0.138889
0 0.800926 0.388889 0.021605 0.111111
0 0.837963 0.430556 0.024691 0.138889
0 0.847222 0.527778 0.018519 0.138889
0 0.893519 0.611111 0.021605 0.138889
0 0.912037 0.652778 0.021605 0.138889
0 0.901235 0.763889 0.024691 0.138889
0 0.885802 0.930556 0.021605 0.138889
0 0.918210 0.805556 0.015432 0.194444
0 0.941358 0.777778 0.021605 0.194444
0 0.947531 0.888889 0.018519 0.166667
0 0.984568 0.666667 0.024691 0.166667
0 0.991512 0.555556 0.016975 0.138889