0 0.013889 0.430556 0.012346 0.166667
0 0.026235 0.430556 0.018519 0.138889
0 0.032407 0.472222 0.018519 0.111111
0 0.046296 0.430556 0.018519 0.138889
0 0.012346 0.541667 0.018519 0.166667
0 0.066358 0.750000 0.018519 0.138889
0 0.097222 0.694444 0.018519 0.138889
0 0.123457 0.597222 0.018519 0.166667
0 0.165123 0.569444 0.018519 0.138889
0 0.174383 0.444444 0.021605 0.138889
0 0.634259 0.486111 0.018519 0.138889
0 0.114198 0.694444 0.018519 0.138889
0 0.787037 0.902778 0.018519 0.138889
0 0.891975 0.652778 0.015432 0.166667
0 0.984568 0.402778 0.018519 0.138889
0 0.993056 0.916667 0.013889 0.138889