0 0.993056 0.902778 0.013889 0.194444
0 0.983025 0.708333 0.018519 0.166667
0 0.961420 0.750000 0.021605 0.111111
0 0.973765 0.527778 0.021605 0.194444
0 0.939815 0.708333 0.018519 0.138889
0 0.952160 0.430556 0.015432 0.138889
0 0.925926 0.388889 0.021605 0.138889
0 0.905864 0.625000 0.012346 0.166667
0 0.908951 0.736111 0.024691 0.194444
0 0.878086 0.694444 0.018519 0.138889
0 0.870370 0.888889 0.015432 0.166667
0 0.856481 0.777778 0.018519 0.194444
0 0.853395 0.597222 0.024691 0.111111
0 0.836420 0.736111 0.021605 0.111111
0 0.822531 0.680556 0.015432 0.194444
0 0.796296 0.444444 0.018519 0.138889
0 0.805556 0.736111 0.021605 0.138889
0 0.788580 0.763889 0.018519 0.138889
0 0.793210 0.902778 0.018519 0.111111
0 0.762346 0.875000 0.018519 0.166667
0 0.753086 0.888889 0.021605 0.111111
0 0.771605 0.750000 0.024691 0.111111
0 0.760802 0.666667 0.018519 0.166667
0 0.751543 0.500000 0.024691 0.111111
0 0.736111 0.736111 0.018519 0.111111
0 0.712963 0.777778 0.018519 0.111111
0 0.714506 0.444444 0.018519 0.111111
0 0.699074 0.555556 0.015432 0.166667
0 0.719136 0.666667 0.018519 0.111111
0 0.705247 0.611111 0.018519 0.111111
0 0.697531 0.708333 0.018519 0.138889
0 0.680556 0.611111 0.012346 0.222222
0 0.680556 0.763889 0.015432 0.222222
0 0.665123 0.805556 0.012346 0.166667
0 0.668210 0.902778 0.018519 0.111111
0 0.655864 0.888889 0.015432 0.166667
0 0.635802 0.777778 0.018519 0.166667
0 0.638889 0.611111 0.021605 0.138889
0 0.649691 0.555556 0.018519 0.111111
0 0.597222 0.500000 0.018519 0.138889
0 0.609568 0.791667 0.018519 0.138889
0 0.597222 0.708333 0.018519 0.111111
0 0.577160 0.638889 0.015432 0.166667
0 0.550926 0.541667 0.018519 0.111111
0 0.550926 0.722222 0.018519 0.138889
0 0.558642 0.805556 0.018519 0.111111
0 0.529321 0.736111 0.018519 0.111111
0 0.529321 0.861111 0.015432 0.138889
0 0.518519 0.833333 0.018519 0.111111
0 0.506173 0.638889 0.015432 0.194444
0 0.490741 0.611111 0.018519 0.138889
0 0.487654 0.513889 0.021605 0.111111
0 0.476852 0.486111 0.021605 0.111111
0 0.470679 0.763889 0.018519 0.166667
0 0.466049 0.625000 0.018519 0.111111
0 0.450617 0.597222 0.018519 0.138889
0 0.450617 0.763889 0.018519 0.138889
0 0.444444 0.833333 0.018519 0.138889
0 0.445988 0.666667 0.021605 0.111111
0 0.429012 0.805556 0.012346 0.166667
0 0.421296 0.722222 0.021605 0.111111
0 0.421296 0.625000 0.021605 0.111111
0 0.410494 0.569444 0.021605 0.111111
0 0.421296 0.472222 0.027778 0.138889
0 0.384259 0.375000 0.021605 0.111111
0 0.396605 0.791667 0.024691 0.111111
0 0.376543 0.861111 0.021605 0.111111
0 0.384259 0.777778 0.024691 0.138889
0 0.375000 0.652778 0.021605 0.138889
0 0.365741 0.569444 0.021605 0.111111
0 0.354938 0.486111 0.024691 0.138889
0 0.344136 0.527778 0.021605 0.111111
0 0.337963 0.666667 0.018519 0.138889
0 0.322531 0.569444 0.015432 0.138889
0 0.313272 0.625000 0.018519 0.138889
0 0.305556 0.666667 0.021605 0.111111
0 0.296296 0.722222 0.021605 0.111111
0 0.304012 0.791667 0.021605 0.111111
0 0.300926 0.861111 0.018519 0.111111
0 0.296296 0.583333 0.015432 0.166667
0 0.283951 0.513889 0.015432 0.166667
0 0.277778 0.444444 0.015432 0.166667
0 0.270062 0.555556 0.018519 0.111111
0 0.248457 0.847222 0.018519 0.138889
0 0.233025 0.722222 0.018519 0.138889
0 0.240741 0.555556 0.018519 0.111111
0 0.242284 0.472222 0.018519 0.111111
0 0.228395 0.430556 0.024691 0.138889
0 0.217593 0.527778 0.018519 0.111111
0 0.219136 0.638889 0.018519 0.138889
0 0.209877 0.763889 0.018519 0.138889
0 0.199074 0.680556 0.024691 0.111111
0 0.195988 0.583333 0.021605 0.111111
0 0.191358 0.500000 0.021605 0.111111
0 0.182099 0.347222 0.018519 0.111111
0 0.175926 0.472222 0.021605 0.138889
0 0.171296 0.527778 0.018519 0.111111
0 0.177469 0.638889 0.018519 0.138889
0 0.180556 0.833333 0.015432 0.222222
0 0.166667 0.750000 0.018519 0.111111
0 0.152778 0.861111 0.018519 0.111111
0 0.157407 0.597222 0.018519 0.111111
0 0.141975 0.638889 0.018519 0.194444
0 0.158951 0.472222 0.021605 0.138889
0 0.128086 0.444444 0.018519 0.111111
0 0.111111 0.541667 0.018519 0.166667
0 0.109568 0.708333 0.018519 0.166667
0 0.100309 0.597222 0.024691 0.111111
0 0.100309 0.750000 0.024691 0.138889
0 0.075617 0.583333 0.024691 0.194444
0 0.050926 0.583333 0.024691 0.138889
0 0.054012 0.458333 0.024691 0.138889
0 0.043210 0.319444 0.015432 0.111111
0 0.038580 0.777778 0.021605 0.166667