0 0.975309 0.763889 0.018519 0.138889
0 0.986111 0.625000 0.021605 0.138889
0 0.986111 0.388889 0.018519 0.138889
0 0.987654 0.291667 0.018519 0.138889
0 0.912037 0.277778 0.018519 0.138889
0 0.898148 0.791667 0.018519 0.138889
0 0.870370 0.805556 0.018519 0.138889
0 0.538580 0.277778 0.018519 0.138889
0 0.186728 0.291667 0.018519 0.138889
0 0.208333 0.472222 0.024691 0.138889
0 0.121914 0.375000 0.018519 0.138889
0 0.103395 0.583333 0.021605 0.138889
0 0.086420 0.583333 0.018519 0.138889
0 0.058642 0.625000 0.018519 0.138889
0 0.049383 0.458333 0.018519 0.138889
0 0.012346 0.236111 0.018519 0.138889
0 0.004630 0.333333 0.009259 0.138889
0 0.006173 0.652778 0.012346 0.166667